,stn,year,mo,da,temp,max,min
0,349290,1962,6,16,61.7,75.0,50.0
1,349290,1962,2,17,30.5,34.0,25.0
2,349290,1962,4,6,54.4,68.0,37.0
3,349290,1962,4,11,49.4,54.0,45.0
4,349290,1962,4,12,53.4,64.0,37.0
5,349290,1962,7,15,79.4,88.0,70.0
6,349290,1962,9,29,67.6,81.0,55.0
7,349290,1962,11,16,44.8,54.0,41.0
8,349290,1962,12,21,28.4,30.0,27.0
9,349290,1962,3,19,45.7,54.0,37.0
10,349290,1962,3,25,50.0,57.0,43.0
11,349290,1962,4,1,55.3,73.0,39.0
12,349290,1962,5,30,69.3,79.0,61.0
13,349290,1962,6,24,76.3,90.0,63.0
14,349290,1962,7,6,75.9,91.0,63.0
15,349290,1962,7,9,75.2,82.0,64.0
16,349290,1962,7,27,70.8,86.0,55.0
17,349290,1962,8,3,67.5,79.0,59.0
18,349290,1962,8,13,78.2,86.0,72.0
19,349290,1962,8,14,80.2,91.0,63.0
20,349290,1962,9,13,65.8,77.0,52.0
21,349290,1962,11,22,49.7,64.0,43.0
22,349290,1962,1,19,17.6,27.0,10.0
23,349290,1962,2,28,33.4,36.0,32.0
24,349290,1962,3,5,52.6,70.0,39.0
25,349290,1962,6,26,78.4,91.0,63.0
26,349290,1962,6,27,77.7,97.0,66.0
27,349290,1962,7,26,73.5,82.0,61.0
28,349290,1962,8,16,79.6,88.0,66.0
29,349290,1962,12,7,34.3,36.0,32.0
30,349290,1962,12,14,43.7,54.0,34.0
31,349290,1962,12,26,32.8,36.0,28.0
32,349290,1962,1,31,25.2,28.0,23.0
33,349290,1962,2,14,52.5,61.0,41.0
34,349290,1962,3,14,50.5,57.0,45.0
35,349290,1962,6,12,71.3,82.0,57.0
36,349290,1962,7,17,82.2,93.0,68.0
37,349290,1962,7,25,76.5,82.0,72.0
38,349290,1962,8,10,81.5,93.0,70.0
39,349290,1962,10,25,51.0,57.0,45.0
40,349290,1962,10,30,57.9,75.0,48.0
41,349290,1962,7,23,73.3,82.0,64.0
42,349290,1962,9,4,63.8,79.0,46.0
43,349290,1962,2,2,26.6,34.0,19.0
44,349290,1962,4,5,49.8,55.0,41.0
45,349290,1962,4,14,63.0,73.0,43.0
46,349290,1962,4,24,55.4,68.0,46.0
47,349290,1962,5,26,67.2,81.0,59.0
48,349290,1962,5,29,70.2,86.0,54.0
49,349290,1962,7,5,76.8,86.0,63.0
50,349290,1962,8,11,77.8,97.0,64.0
51,349290,1962,9,6,74.4,90.0,52.0
52,349290,1962,10,18,45.2,61.0,28.0
53,349290,1962,11,26,38.0,41.0,32.0
54,349290,1962,1,11,22.5,30.0,14.0
55,349290,1962,1,12,25.5,43.0,14.0
56,349290,1962,2,1,27.0,36.0,25.0
57,349290,1962,3,2,46.8,57.0,28.0
58,349290,1962,3,12,31.7,39.0,21.0
59,349290,1962,3,26,49.7,59.0,39.0
60,349290,1962,4,13,58.5,73.0,41.0
61,349290,1962,4,17,59.3,72.0,46.0
62,349290,1962,5,31,70.3,82.0,55.0
63,349290,1962,6,19,71.0,88.0,59.0
64,349290,1962,7,30,75.7,86.0,63.0
65,349290,1962,8,2,66.7,77.0,63.0
66,349290,1962,8,5,76.7,88.0,61.0
67,349290,1962,8,17,80.5,93.0,68.0
68,349290,1962,8,18,81.2,93.0,70.0
69,349290,1962,8,23,61.3,73.0,54.0
70,349290,1962,8,25,73.3,88.0,54.0
71,349290,1962,8,27,74.2,91.0,57.0
72,349290,1962,8,28,74.7,91.0,59.0
73,349290,1962,8,31,67.7,81.0,57.0
74,349290,1962,9,9,72.3,95.0,57.0
75,349290,1962,9,16,57.0,68.0,41.0
76,349290,1962,9,25,67.7,88.0,55.0
77,349290,1962,10,4,63.8,81.0,55.0
78,349290,1962,10,11,53.2,66.0,32.0
79,349290,1962,10,19,56.0,68.0,37.0
80,349290,1962,11,2,54.5,68.0,43.0
81,349290,1962,11,4,41.8,54.0,36.0
82,349290,1962,12,3,26.5,34.0,21.0
83,349290,1962,12,6,32.3,34.0,30.0
84,349290,1962,12,15,44.7,57.0,34.0
85,349290,1962,1,21,30.1,34.0,23.0
86,349290,1962,1,22,36.9,45.0,28.0
87,349290,1962,1,25,35.7,43.0,32.0
88,349290,1962,1,26,33.1,36.0,27.0
89,349290,1962,1,28,29.3,30.0,27.0
90,349290,1962,2,4,33.3,39.0,28.0
91,349290,1962,2,11,32.6,34.0,32.0
92,349290,1962,3,8,54.7,77.0,41.0
93,349290,1962,3,15,51.2,75.0,39.0
94,349290,1962,3,16,53.1,70.0,43.0
95,349290,1962,4,16,60.0,72.0,48.0
96,349290,1962,4,19,56.4,68.0,45.0
97,349290,1962,4,22,55.7,72.0,41.0
98,349290,1962,4,27,51.0,59.0,39.0
99,349290,1962,4,30,64.1,77.0,45.0
100,349290,1962,5,9,57.6,68.0,52.0
101,349290,1962,5,14,64.6,77.0,54.0
102,349290,1962,5,20,58.7,73.0,45.0
103,349290,1962,5,21,65.1,75.0,46.0
104,349290,1962,5,23,67.7,82.0,54.0
105,349290,1962,5,24,69.4,81.0,59.0
106,349290,1962,5,27,68.8,82.0,57.0
107,349290,1962,5,28,72.3,84.0,57.0
108,349290,1962,6,3,79.6,93.0,63.0
109,349290,1962,6,4,78.3,90.0,61.0
110,349290,1962,6,25,81.0,91.0,64.0
111,349290,1962,6,30,68.0,82.0,54.0
112,349290,1962,7,2,71.0,82.0,64.0
113,349290,1962,7,3,76.3,86.0,57.0
114,349290,1962,7,10,69.3,81.0,55.0
115,349290,1962,7,13,76.0,91.0,61.0
116,349290,1962,7,14,79.6,91.0,64.0
117,349290,1962,7,18,83.6,100.0,68.0
118,349290,1962,7,20,84.4,100.0,68.0
119,349290,1962,7,28,80.1,91.0,63.0
120,349290,1962,7,29,81.6,93.0,61.0
121,349290,1962,8,1,75.0,93.0,61.0
122,349290,1962,8,4,69.4,84.0,55.0
123,349290,1962,8,8,80.1,93.0,66.0
124,349290,1962,8,9,83.4,97.0,73.0
125,349290,1962,8,12,87.1,99.0,70.0
126,349290,1962,8,24,67.0,82.0,54.0
127,349290,1962,8,26,77.6,91.0,55.0
128,349290,1962,8,30,71.1,90.0,57.0
129,349290,1962,9,20,70.6,86.0,48.0
130,349290,1962,9,23,67.3,79.0,59.0
131,349290,1962,9,27,72.3,84.0,61.0
132,349290,1962,10,1,71.4,86.0,55.0
133,349290,1962,10,2,67.9,81.0,55.0
134,349290,1962,10,3,66.6,79.0,52.0
135,349290,1962,10,5,67.7,81.0,61.0
136,349290,1962,10,9,51.2,61.0,45.0
137,349290,1962,10,10,45.2,57.0,37.0
138,349290,1962,10,12,53.9,70.0,43.0
139,349290,1962,10,24,48.7,59.0,41.0
140,349290,1962,10,26,50.8,63.0,43.0
141,349290,1962,10,28,53.4,77.0,37.0
142,349290,1962,10,31,56.6,73.0,45.0
143,349290,1962,11,1,53.4,70.0,46.0
144,349290,1962,11,3,49.4,59.0,41.0
145,349290,1962,12,4,31.0,39.0,23.0
146,349290,1962,12,27,41.6,50.0,34.0
147,349290,1962,12,28,47.7,61.0,36.0
148,349290,1962,1,1,32.5,37.0,28.0
149,349290,1962,1,13,27.7,43.0,18.0
150,349290,1962,1,14,31.0,46.0,19.0
151,349290,1962,1,24,31.6,41.0,23.0
152,349290,1962,1,29,31.8,34.0,30.0
153,349290,1962,2,3,28.8,37.0,21.0
154,349290,1962,2,20,30.4,34.0,27.0
155,349290,1962,3,1,33.5,43.0,30.0
156,349290,1962,3,6,61.2,79.0,45.0
157,349290,1962,3,7,58.5,75.0,43.0
158,349290,1962,3,11,26.6,30.0,25.0
159,349290,1962,3,22,43.4,52.0,32.0
160,349290,1962,4,21,56.5,70.0,41.0
161,349290,1962,4,23,59.0,72.0,43.0
162,349290,1962,4,26,52.6,61.0,41.0
163,349290,1962,4,28,53.9,70.0,37.0
164,349290,1962,5,1,63.9,82.0,46.0
165,349290,1962,5,12,60.0,70.0,52.0
166,349290,1962,5,13,63.0,77.0,48.0
167,349290,1962,5,15,70.0,79.0,55.0
168,349290,1962,5,19,59.1,72.0,43.0
169,349290,1962,5,22,67.1,79.0,54.0
170,349290,1962,5,25,70.4,82.0,59.0
171,349290,1962,6,1,71.8,84.0,55.0
172,349290,1962,6,2,76.0,91.0,59.0
173,349290,1962,6,5,71.0,84.0,54.0
174,349290,1962,6,10,59.1,70.0,48.0
175,349290,1962,6,18,71.0,84.0,55.0
176,349290,1962,6,20,76.3,88.0,63.0
177,349290,1962,6,21,76.9,86.0,66.0
178,349290,1962,6,22,77.0,90.0,61.0
179,349290,1962,6,23,78.1,90.0,61.0
180,349290,1962,7,7,80.8,99.0,63.0
181,349290,1962,7,11,70.2,82.0,55.0
182,349290,1962,7,19,84.6,99.0,68.0
183,349290,1962,7,24,76.6,90.0,61.0
184,349290,1962,7,31,76.3,88.0,61.0
185,349290,1962,8,6,77.6,90.0,64.0
186,349290,1962,8,7,80.0,93.0,63.0
187,349290,1962,8,29,76.0,91.0,59.0
188,349290,1962,9,1,67.4,84.0,50.0
189,349290,1962,9,5,67.1,81.0,50.0
190,349290,1962,9,7,71.5,86.0,59.0
191,349290,1962,9,17,58.6,72.0,43.0
192,349290,1962,9,18,62.3,79.0,48.0
193,349290,1962,9,19,64.6,82.0,46.0
194,349290,1962,9,22,68.9,86.0,54.0
195,349290,1962,9,30,70.6,86.0,54.0
196,349290,1962,10,27,47.0,66.0,32.0
197,349290,1962,11,8,44.9,54.0,37.0
198,349290,1962,11,9,42.3,54.0,36.0
199,349290,1962,11,17,54.0,72.0,43.0
200,349290,1962,11,21,49.8,63.0,37.0
201,349290,1962,11,25,41.5,48.0,36.0
202,349290,1962,12,10,23.5,36.0,18.0
203,349290,1962,12,30,32.0,34.0,30.0
204,349290,1962,2,10,31.4,34.0,30.0
205,349290,1962,2,13,41.7,48.0,30.0
206,349290,1962,1,20,18.0,27.0,10.0
207,349290,1962,1,4,30.0,9999.9,9999.9
208,349290,1962,7,16,80.0,88.0,70.0
209,349290,1962,11,13,39.7,50.0,34.0
210,349290,1962,11,18,47.3,52.0,43.0
211,349290,1962,10,29,54.6,72.0,45.0
212,349290,1962,12,5,33.0,36.0,32.0
213,349290,1962,2,27,38.8,46.0,36.0
214,349290,1962,12,25,26.1,30.0,23.0
215,349290,1962,2,22,35.6,39.0,32.0
216,349290,1962,12,23,32.8,37.0,32.0
217,349290,1962,2,6,34.6,37.0,30.0
218,349290,1962,4,9,50.0,52.0,9999.9
219,349290,1962,11,29,43.5,46.0,39.0
220,349290,1962,3,30,46.1,52.0,43.0
221,349290,1962,9,11,60.7,64.0,59.0
222,349290,1962,10,6,66.6,79.0,59.0
223,349290,1962,11,27,38.7,41.0,37.0
224,349290,1962,1,5,29.6,32.0,27.0
225,349290,1962,2,18,35.5,37.0,32.0
226,349290,1962,2,26,38.3,41.0,34.0
227,349290,1962,3,28,40.3,50.0,37.0
228,349290,1962,6,9,58.6,68.0,52.0
229,349290,1962,5,5,48.6,57.0,41.0
230,349290,1962,1,15,42.8,55.0,28.0
231,349290,1962,11,15,39.2,45.0,36.0
232,349290,1962,1,2,42.0,50.0,36.0
233,349290,1962,1,16,33.1,36.0,32.0
234,349290,1962,3,4,48.1,54.0,41.0
235,349290,1962,4,3,42.4,45.0,41.0
236,349290,1962,5,17,56.9,66.0,54.0
237,349290,1962,6,8,56.8,66.0,52.0
238,349290,1962,6,13,67.3,79.0,61.0
239,349290,1962,7,4,69.4,81.0,63.0
240,349290,1962,7,8,78.7,91.0,68.0
241,349290,1962,8,21,68.7,79.0,63.0
242,349290,1962,9,14,62.9,79.0,52.0
243,349290,1962,9,15,56.0,68.0,52.0
244,349290,1962,10,13,56.3,68.0,50.0
245,349290,1962,11,14,35.0,39.0,30.0
246,349290,1962,12,11,34.7,46.0,21.0
247,349290,1962,12,17,51.9,59.0,43.0
248,349290,1962,1,27,37.1,45.0,32.0
249,349290,1962,3,18,42.8,46.0,41.0
250,349290,1962,6,28,74.0,86.0,68.0
251,349290,1962,2,8,35.1,45.0,32.0
252,349290,1962,3,23,63.5,81.0,46.0
253,349290,1962,6,6,68.7,82.0,59.0
254,349290,1962,12,31,44.3,59.0,32.0
255,349290,1962,2,5,34.8,36.0,32.0
256,349290,1962,5,7,52.0,61.0,41.0
257,349290,1962,6,11,66.9,77.0,50.0
258,349290,1962,10,15,54.0,70.0,39.0
259,349290,1962,11,5,42.4,52.0,32.0
260,349290,1962,11,10,45.0,61.0,32.0
261,349290,1962,6,15,62.1,72.0,54.0
262,349290,1962,6,17,66.9,79.0,54.0
263,349290,1962,7,1,73.0,84.0,61.0
264,349290,1962,8,19,76.0,91.0,66.0
265,349290,1962,11,28,41.6,48.0,39.0
266,349290,1962,2,24,35.4,41.0,32.0
267,349290,1962,12,20,33.2,37.0,30.0
268,349290,1962,11,20,47.1,54.0,43.0
269,349290,1962,4,20,61.6,75.0,50.0
270,349290,1962,11,12,40.0,43.0,36.0
271,349290,1962,1,6,29.5,34.0,27.0
272,349290,1962,1,7,33.7,41.0,25.0
273,349290,1962,1,10,18.7,25.0,14.0
274,349290,1962,1,18,24.2,28.0,18.0
275,349290,1962,9,8,76.3,88.0,59.0
276,349290,1962,11,7,47.5,55.0,43.0
277,349290,1962,3,10,30.3,34.0,27.0
278,349290,1962,3,13,46.0,59.0,34.0
279,349290,1962,3,17,53.3,57.0,45.0
280,349290,1962,4,25,55.1,68.0,41.0
281,349290,1962,4,29,55.4,70.0,41.0
282,349290,1962,5,18,60.0,68.0,50.0
283,349290,1962,6,7,62.9,70.0,54.0
284,349290,1962,7,12,72.3,84.0,57.0
285,349290,1962,9,21,70.3,84.0,54.0
286,349290,1962,11,24,52.6,59.0,48.0
287,349290,1962,12,9,29.4,34.0,23.0
288,349290,1962,12,12,37.1,43.0,34.0
289,349290,1962,1,9,26.8,32.0,18.0
290,349290,1962,3,24,49.0,54.0,45.0
291,349290,1962,3,31,50.0,61.0,43.0
292,349290,1962,8,22,65.6,72.0,59.0
293,349290,1962,9,26,73.5,88.0,64.0
294,349290,1962,2,7,35.4,41.0,32.0
295,349290,1962,10,16,41.8,50.0,36.0
296,349290,1962,5,4,53.7,61.0,46.0
297,349290,1962,7,21,80.8,93.0,73.0
298,349290,1962,7,22,75.2,84.0,68.0
299,349290,1962,11,6,43.0,52.0,37.0
300,349290,1962,2,25,38.6,45.0,34.0
301,349290,1962,6,29,71.1,82.0,61.0
302,349290,1962,8,20,74.4,82.0,66.0
303,349290,1962,10,7,63.1,70.0,59.0
304,349290,1962,10,14,51.1,59.0,45.0
305,349290,1962,12,13,35.4,39.0,34.0
306,349290,1962,1,17,28.5,32.0,25.0
307,349290,1962,1,23,34.7,43.0,28.0
308,349290,1962,9,12,62.2,72.0,52.0
309,349290,1962,10,17,37.8,50.0,28.0
310,349290,1962,1,30,29.0,32.0,25.0
311,349290,1962,4,4,45.2,52.0,41.0
312,349290,1962,11,19,55.5,63.0,50.0
313,349290,1962,12,22,34.0,36.0,30.0
314,349290,1962,5,2,57.6,68.0,50.0
315,349290,1962,4,18,56.2,64.0,46.0
316,349290,1962,11,23,51.8,57.0,45.0
317,349290,1962,5,3,57.0,72.0,50.0
318,349290,1962,1,8,33.6,36.0,32.0
319,349290,1962,2,15,56.7,68.0,46.0
320,349290,1962,3,29,45.8,54.0,39.0
321,349290,1962,5,8,56.3,59.0,54.0
322,349290,1962,8,15,76.7,86.0,70.0
323,349290,1962,12,24,30.2,32.0,25.0
324,349290,1962,2,21,34.5,39.0,30.0
325,349290,1962,3,9,47.2,55.0,37.0
326,349290,1962,10,22,47.2,52.0,37.0
327,349290,1962,12,8,34.5,37.0,32.0
328,349290,1962,2,12,31.4,32.0,30.0
329,349290,1962,4,8,57.4,66.0,50.0
330,349290,1962,9,2,62.0,72.0,55.0
331,349290,1962,3,21,37.4,45.0,32.0
332,349290,1962,5,16,68.9,75.0,57.0
333,349290,1962,9,24,61.8,68.0,57.0
334,349290,1962,12,16,48.8,54.0,46.0
335,349290,1962,2,9,35.0,43.0,32.0
336,349290,1962,3,27,50.3,57.0,43.0
337,349290,1962,10,8,56.3,63.0,50.0
338,349290,1962,12,18,47.2,52.0,43.0
339,349290,1962,12,29,32.5,46.0,30.0
340,349290,1962,2,19,32.6,36.0,28.0
341,349290,1962,3,3,49.9,55.0,46.0
342,349290,1962,5,10,54.6,61.0,52.0
343,349290,1962,11,30,44.9,46.0,43.0
344,349290,1962,9,28,67.9,79.0,63.0
345,349290,1962,4,10,49.2,54.0,46.0
346,349290,1962,12,19,40.6,43.0,37.0
347,349290,1962,2,16,33.8,45.0,28.0
348,349290,1962,2,23,34.2,43.0,30.0
349,349290,1962,3,20,46.7,57.0,37.0
350,349290,1962,4,2,50.8,57.0,45.0
351,349290,1962,10,20,56.2,59.0,54.0
352,349290,1962,11,11,47.5,57.0,39.0
353,349290,1962,10,21,46.3,54.0,39.0
354,349290,1962,12,1,48.7,61.0,39.0
355,349290,1962,1,3,43.9,55.0,32.0
356,349290,1962,6,14,62.1,70.0,55.0
357,349290,1962,5,11,56.4,68.0,52.0
358,349290,1962,12,2,32.1,36.0,27.0
359,349290,1962,9,10,66.1,81.0,61.0
360,349290,1962,10,23,52.0,57.0,48.0
361,349290,1962,5,6,54.6,64.0,48.0
362,349290,1962,9,3,61.5,72.0,52.0
0,349290,1963,2,25,23.6,25.0,16.0
1,349290,1963,11,28,21.6,28.0,18.0
2,349290,1963,5,2,57.7,64.0,45.0
3,349290,1963,1,18,17.5,23.0,10.0
4,349290,1963,12,24,22.4,27.0,18.0
5,349290,1963,9,29,61.6,75.0,50.0
6,349290,1963,3,7,33.6,41.0,21.0
7,349290,1963,12,8,31.3,32.0,30.0
8,349290,1963,12,29,33.0,36.0,30.0
9,349290,1963,6,22,67.0,72.0,61.0
10,349290,1963,3,13,36.6,43.0,28.0
11,349290,1963,3,14,52.8,59.0,36.0
12,349290,1963,5,21,65.8,72.0,57.0
13,349290,1963,7,8,75.2,84.0,61.0
14,349290,1963,8,2,81.4,90.0,64.0
15,349290,1963,3,16,31.8,37.0,27.0
16,349290,1963,4,8,44.3,59.0,30.0
17,349290,1963,6,1,59.7,70.0,52.0
18,349290,1963,12,25,28.7,36.0,19.0
19,349290,1963,1,23,9.4,21.0,1.0
20,349290,1963,2,10,29.7,32.0,25.0
21,349290,1963,2,24,19.6,21.0,16.0
22,349290,1963,3,11,30.3,32.0,28.0
23,349290,1963,3,26,37.4,46.0,30.0
24,349290,1963,4,20,56.3,64.0,50.0
25,349290,1963,5,22,65.3,75.0,52.0
26,349290,1963,5,26,70.0,82.0,55.0
27,349290,1963,7,12,77.2,84.0,64.0
28,349290,1963,7,14,79.0,91.0,64.0
29,349290,1963,8,5,72.1,82.0,59.0
30,349290,1963,8,15,77.7,90.0,63.0
31,349290,1963,9,25,65.0,77.0,57.0
32,349290,1963,10,1,51.4,66.0,39.0
33,349290,1963,10,5,61.1,81.0,45.0
34,349290,1963,1,26,22.0,34.0,14.0
35,349290,1963,2,15,35.5,39.0,34.0
36,349290,1963,2,26,23.2,28.0,21.0
37,349290,1963,3,18,25.7,30.0,23.0
38,349290,1963,4,25,60.1,70.0,46.0
39,349290,1963,6,17,67.6,79.0,57.0
40,349290,1963,7,3,74.5,86.0,64.0
41,349290,1963,7,20,77.8,86.0,72.0
42,349290,1963,12,17,57.1,63.0,36.0
43,349290,1963,1,24,15.0,27.0,7.0
44,349290,1963,2,4,28.0,39.0,23.0
45,349290,1963,3,25,28.4,32.0,19.0
46,349290,1963,4,23,58.2,79.0,46.0
47,349290,1963,5,25,67.4,84.0,55.0
48,349290,1963,8,8,77.8,91.0,64.0
49,349290,1963,8,18,73.6,86.0,64.0
50,349290,1963,9,16,69.2,79.0,61.0
51,349290,1963,10,11,57.6,72.0,46.0
52,349290,1963,1,3,24.0,27.0,19.0
53,349290,1963,1,4,29.2,32.0,25.0
54,349290,1963,1,5,31.5,37.0,28.0
55,349290,1963,1,11,29.2,34.0,27.0
56,349290,1963,1,30,20.8,34.0,7.0
57,349290,1963,2,3,28.7,36.0,19.0
58,349290,1963,3,6,16.8,27.0,5.0
59,349290,1963,3,8,40.7,43.0,30.0
60,349290,1963,4,9,51.5,64.0,34.0
61,349290,1963,4,24,64.2,75.0,46.0
62,349290,1963,6,11,68.3,81.0,54.0
63,349290,1963,6,19,63.8,72.0,59.0
64,349290,1963,6,28,75.4,86.0,64.0
65,349290,1963,7,6,72.3,86.0,57.0
66,349290,1963,7,10,74.5,86.0,61.0
67,349290,1963,7,11,71.5,88.0,61.0
68,349290,1963,7,13,75.7,90.0,64.0
69,349290,1963,7,15,81.6,91.0,66.0
70,349290,1963,7,30,78.2,91.0,63.0
71,349290,1963,7,31,81.0,91.0,64.0
72,349290,1963,8,1,77.2,90.0,64.0
73,349290,1963,8,3,76.3,82.0,66.0
74,349290,1963,8,7,78.0,91.0,61.0
75,349290,1963,8,25,67.5,82.0,59.0
76,349290,1963,8,31,74.5,82.0,57.0
77,349290,1963,9,11,72.7,88.0,59.0
78,349290,1963,9,15,68.0,77.0,59.0
79,349290,1963,9,22,49.2,63.0,41.0
80,349290,1963,9,27,65.0,77.0,50.0
81,349290,1963,10,15,58.5,73.0,43.0
82,349290,1963,10,27,42.6,57.0,36.0
83,349290,1963,11,2,34.3,48.0,25.0
84,349290,1963,11,5,51.7,68.0,41.0
85,349290,1963,11,26,28.0,39.0,23.0
86,349290,1963,12,10,23.3,32.0,14.0
87,349290,1963,12,27,32.7,46.0,25.0
88,349290,1963,12,31,28.0,30.0,25.0
89,349290,1963,1,15,28.3,30.0,28.0
90,349290,1963,1,25,16.5,18.0,14.0
91,349290,1963,2,7,31.4,37.0,25.0
92,349290,1963,2,17,41.7,50.0,27.0
93,349290,1963,3,1,32.9,39.0,27.0
94,349290,1963,3,21,28.7,39.0,18.0
95,349290,1963,3,22,35.3,45.0,23.0
96,349290,1963,3,27,40.0,55.0,30.0
97,349290,1963,3,28,45.4,61.0,34.0
98,349290,1963,4,1,47.7,55.0,39.0
99,349290,1963,4,18,52.4,61.0,46.0
100,349290,1963,4,21,57.4,72.0,48.0
101,349290,1963,5,4,62.1,72.0,52.0
102,349290,1963,5,5,66.0,79.0,57.0
103,349290,1963,5,7,63.9,79.0,50.0
104,349290,1963,5,10,61.9,73.0,52.0
105,349290,1963,5,11,66.6,77.0,54.0
106,349290,1963,5,12,63.0,75.0,54.0
107,349290,1963,5,14,64.0,75.0,50.0
108,349290,1963,5,15,63.3,77.0,52.0
109,349290,1963,5,18,66.3,75.0,55.0
110,349290,1963,6,12,72.7,82.0,57.0
111,349290,1963,6,16,68.2,79.0,54.0
112,349290,1963,6,24,69.4,81.0,61.0
113,349290,1963,6,27,73.4,86.0,57.0
114,349290,1963,7,1,74.7,86.0,66.0
115,349290,1963,7,5,72.6,82.0,55.0
116,349290,1963,7,16,78.3,91.0,63.0
117,349290,1963,7,18,75.1,86.0,64.0
118,349290,1963,8,10,82.3,95.0,64.0
119,349290,1963,8,11,80.6,95.0,64.0
120,349290,1963,8,14,76.2,90.0,57.0
121,349290,1963,8,20,77.3,95.0,61.0
122,349290,1963,8,21,78.9,91.0,66.0
123,349290,1963,8,22,81.6,99.0,63.0
124,349290,1963,8,29,64.0,73.0,55.0
125,349290,1963,8,30,70.0,79.0,55.0
126,349290,1963,9,5,68.1,73.0,61.0
127,349290,1963,9,8,75.1,90.0,57.0
128,349290,1963,9,17,67.3,79.0,61.0
129,349290,1963,9,19,69.1,81.0,59.0
130,349290,1963,9,23,53.3,68.0,37.0
131,349290,1963,10,13,55.0,66.0,46.0
132,349290,1963,10,16,49.8,64.0,43.0
133,349290,1963,10,18,40.7,61.0,28.0
134,349290,1963,10,20,48.3,52.0,41.0
135,349290,1963,10,30,45.6,50.0,43.0
136,349290,1963,11,7,52.4,72.0,39.0
137,349290,1963,11,18,53.3,75.0,39.0
138,349290,1963,11,19,52.3,63.0,43.0
139,349290,1963,11,30,26.0,36.0,14.0
140,349290,1963,12,3,20.4,28.0,12.0
141,349290,1963,12,26,31.0,37.0,21.0
142,349290,1963,1,27,19.8,23.0,16.0
143,349290,1963,2,8,28.2,39.0,14.0
144,349290,1963,2,18,47.3,54.0,34.0
145,349290,1963,2,28,31.7,36.0,27.0
146,349290,1963,4,22,59.6,73.0,45.0
147,349290,1963,4,26,62.5,75.0,50.0
148,349290,1963,5,8,66.1,79.0,52.0
149,349290,1963,5,9,65.4,77.0,57.0
150,349290,1963,5,23,69.5,82.0,57.0
151,349290,1963,5,24,71.0,82.0,55.0
152,349290,1963,5,29,60.9,70.0,55.0
153,349290,1963,6,2,64.6,77.0,52.0
154,349290,1963,6,4,68.9,79.0,55.0
155,349290,1963,6,9,69.6,82.0,54.0
156,349290,1963,6,20,65.4,75.0,54.0
157,349290,1963,6,25,71.8,82.0,57.0
158,349290,1963,6,29,75.0,86.0,59.0
159,349290,1963,7,2,73.1,88.0,66.0
160,349290,1963,7,9,75.0,90.0,57.0
161,349290,1963,7,19,79.9,91.0,70.0
162,349290,1963,7,22,80.4,91.0,68.0
163,349290,1963,7,26,75.2,88.0,59.0
164,349290,1963,7,27,79.9,91.0,63.0
165,349290,1963,7,28,78.7,90.0,64.0
166,349290,1963,7,29,78.2,93.0,63.0
167,349290,1963,8,6,75.6,86.0,59.0
168,349290,1963,8,17,77.0,91.0,64.0
169,349290,1963,8,27,66.4,75.0,59.0
170,349290,1963,8,28,66.4,77.0,57.0
171,349290,1963,9,1,71.9,84.0,59.0
172,349290,1963,9,9,72.3,90.0,59.0
173,349290,1963,9,12,74.6,90.0,61.0
174,349290,1963,9,13,74.6,88.0,64.0
175,349290,1963,9,18,67.6,81.0,50.0
176,349290,1963,9,28,64.6,75.0,54.0
177,349290,1963,10,2,57.9,75.0,39.0
178,349290,1963,10,3,61.1,79.0,43.0
179,349290,1963,10,4,61.4,79.0,43.0
180,349290,1963,10,8,66.5,86.0,46.0
181,349290,1963,10,14,54.2,68.0,43.0
182,349290,1963,10,23,40.1,48.0,32.0
183,349290,1963,10,24,38.1,48.0,30.0
184,349290,1963,10,25,40.6,48.0,34.0
185,349290,1963,10,26,43.9,57.0,28.0
186,349290,1963,10,29,46.7,52.0,41.0
187,349290,1963,11,1,33.0,43.0,28.0
188,349290,1963,11,3,43.6,63.0,25.0
189,349290,1963,11,6,51.4,68.0,36.0
190,349290,1963,11,8,56.9,79.0,43.0
191,349290,1963,11,11,49.5,63.0,39.0
192,349290,1963,11,13,60.6,68.0,52.0
193,349290,1963,11,16,42.9,54.0,36.0
194,349290,1963,11,29,23.2,34.0,14.0
195,349290,1963,12,4,20.0,28.0,10.0
196,349290,1963,12,13,29.8,34.0,21.0
197,349290,1963,12,21,59.2,68.0,50.0
198,349290,1963,1,20,6.3,19.0,-8.0
199,349290,1963,3,19,23.8,25.0,18.0
200,349290,1963,2,21,45.0,54.0,37.0
201,349290,1963,1,7,46.3,55.0,36.0
202,349290,1963,3,29,49.1,61.0,36.0
203,349290,1963,4,19,53.6,57.0,50.0
204,349290,1963,12,6,44.0,52.0,23.0
205,349290,1963,3,9,45.7,50.0,37.0
206,349290,1963,3,3,29.1,34.0,27.0
207,349290,1963,8,12,74.4,82.0,64.0
208,349290,1963,10,7,63.9,82.0,48.0
209,349290,1963,10,9,64.6,77.0,54.0
210,349290,1963,2,16,40.3,43.0,34.0
211,349290,1963,4,14,50.0,54.0,48.0
212,349290,1963,4,28,55.3,75.0,46.0
213,349290,1963,12,20,50.5,64.0,36.0
214,349290,1963,3,31,41.8,46.0,39.0
215,349290,1963,4,16,50.4,57.0,46.0
216,349290,1963,5,17,61.6,68.0,59.0
217,349290,1963,5,20,63.4,77.0,55.0
218,349290,1963,7,7,74.7,86.0,59.0
219,349290,1963,9,4,64.4,68.0,61.0
220,349290,1963,9,26,62.6,79.0,57.0
221,349290,1963,10,19,45.9,54.0,39.0
222,349290,1963,11,24,42.6,46.0,39.0
223,349290,1963,12,19,36.1,37.0,36.0
224,349290,1963,4,5,37.6,43.0,34.0
225,349290,1963,4,6,38.6,45.0,36.0
226,349290,1963,10,28,44.6,50.0,36.0
227,349290,1963,11,27,33.9,41.0,25.0
228,349290,1963,4,29,54.8,63.0,52.0
229,349290,1963,6,21,65.0,75.0,54.0
230,349290,1963,2,14,32.0,34.0,27.0
231,349290,1963,5,16,62.7,73.0,57.0
232,349290,1963,5,28,68.0,75.0,55.0
233,349290,1963,5,31,57.7,68.0,55.0
234,349290,1963,11,10,52.0,61.0,48.0
235,349290,1963,11,23,41.8,50.0,28.0
236,349290,1963,1,13,34.3,36.0,32.0
237,349290,1963,4,10,48.3,55.0,43.0
238,349290,1963,4,13,50.4,57.0,45.0
239,349290,1963,4,15,49.4,54.0,48.0
240,349290,1963,4,27,57.0,63.0,54.0
241,349290,1963,6,6,66.7,77.0,61.0
242,349290,1963,6,15,62.0,66.0,59.0
243,349290,1963,9,3,63.0,68.0,61.0
244,349290,1963,9,14,72.3,84.0,63.0
245,349290,1963,11,9,58.6,72.0,39.0
246,349290,1963,11,21,53.6,68.0,37.0
247,349290,1963,12,9,28.2,32.0,23.0
248,349290,1963,1,12,33.0,36.0,30.0
249,349290,1963,2,1,33.7,36.0,32.0
250,349290,1963,3,17,32.1,39.0,28.0
251,349290,1963,4,11,46.6,50.0,45.0
252,349290,1963,5,3,60.1,68.0,54.0
253,349290,1963,6,14,64.6,73.0,61.0
254,349290,1963,8,26,70.9,84.0,57.0
255,349290,1963,9,2,66.8,79.0,59.0
256,349290,1963,11,12,53.5,59.0,41.0
257,349290,1963,11,15,47.3,61.0,36.0
258,349290,1963,12,14,41.5,50.0,32.0
259,349290,1963,1,8,45.4,48.0,37.0
260,349290,1963,2,22,45.8,52.0,41.0
261,349290,1963,5,1,52.7,59.0,46.0
262,349290,1963,5,6,64.6,77.0,55.0
263,349290,1963,5,27,70.6,82.0,59.0
264,349290,1963,6,13,68.7,82.0,63.0
265,349290,1963,8,23,79.7,91.0,70.0
266,349290,1963,9,24,63.3,77.0,41.0
267,349290,1963,5,19,65.5,77.0,57.0
268,349290,1963,6,5,66.5,81.0,59.0
269,349290,1963,6,7,66.2,77.0,54.0
270,349290,1963,6,23,67.1,75.0,59.0
271,349290,1963,12,16,31.6,36.0,25.0
272,349290,1963,3,2,29.2,34.0,27.0
273,349290,1963,3,12,33.5,37.0,28.0
274,349290,1963,12,11,27.4,36.0,16.0
275,349290,1963,3,5,15.6,30.0,9.0
276,349290,1963,11,20,49.7,64.0,43.0
277,349290,1963,1,6,41.5,52.0,39.0
278,349290,1963,7,4,65.5,81.0,59.0
279,349290,1963,8,19,74.5,90.0,63.0
280,349290,1963,1,29,22.4,27.0,16.0
281,349290,1963,2,2,31.6,37.0,27.0
282,349290,1963,2,5,33.8,37.0,30.0
283,349290,1963,2,27,26.4,36.0,18.0
284,349290,1963,3,20,24.4,32.0,16.0
285,349290,1963,4,2,56.0,73.0,39.0
286,349290,1963,6,30,78.8,93.0,64.0
287,349290,1963,8,4,68.6,84.0,61.0
288,349290,1963,10,10,59.2,75.0,54.0
289,349290,1963,1,21,18.3,21.0,18.0
290,349290,1963,2,6,32.8,39.0,28.0
291,349290,1963,4,17,54.0,61.0,48.0
292,349290,1963,8,9,76.0,93.0,63.0
293,349290,1963,8,13,75.7,86.0,64.0
294,349290,1963,7,21,81.6,91.0,70.0
295,349290,1963,8,16,75.9,91.0,64.0
296,349290,1963,8,24,71.6,82.0,66.0
297,349290,1963,12,5,32.6,46.0,25.0
298,349290,1963,12,30,29.7,34.0,25.0
299,349290,1963,1,16,26.6,28.0,23.0
300,349290,1963,1,17,28.1,37.0,19.0
301,349290,1963,1,22,14.0,16.0,10.0
302,349290,1963,12,22,55.0,64.0,46.0
303,349290,1963,1,31,26.2,36.0,9.0
304,349290,1963,1,2,22.7,27.0,19.0
305,349290,1963,7,24,74.4,84.0,64.0
306,349290,1963,12,2,21.2,28.0,18.0
307,349290,1963,12,15,28.7,30.0,27.0
308,349290,1963,2,19,47.9,61.0,39.0
309,349290,1963,3,4,29.3,36.0,23.0
310,349290,1963,6,8,70.1,81.0,57.0
311,349290,1963,6,10,67.0,79.0,52.0
312,349290,1963,7,25,70.7,82.0,57.0
313,349290,1963,10,6,66.4,79.0,48.0
314,349290,1963,12,1,27.0,32.0,23.0
315,349290,1963,12,23,31.3,39.0,23.0
316,349290,1963,1,19,12.5,18.0,1.0
317,349290,1963,2,9,21.9,32.0,12.0
318,349290,1963,5,13,63.1,75.0,52.0
319,349290,1963,6,3,68.6,81.0,54.0
320,349290,1963,7,23,78.4,88.0,70.0
321,349290,1963,9,6,69.5,82.0,52.0
322,349290,1963,9,7,72.4,86.0,55.0
323,349290,1963,9,20,66.1,73.0,61.0
324,349290,1963,9,21,57.9,66.0,50.0
325,349290,1963,10,17,43.2,52.0,34.0
326,349290,1963,10,31,38.1,46.0,30.0
327,349290,1963,11,4,49.5,59.0,43.0
328,349290,1963,11,17,50.0,64.0,37.0
329,349290,1963,9,10,71.6,90.0,57.0
330,349290,1963,1,14,39.6,50.0,28.0
331,349290,1963,11,14,55.1,64.0,48.0
332,349290,1963,5,30,58.7,66.0,54.0
333,349290,1963,4,7,37.0,48.0,34.0
334,349290,1963,1,1,31.8,41.0,28.0
335,349290,1963,4,3,54.8,64.0,46.0
336,349290,1963,1,28,20.2,27.0,10.0
337,349290,1963,2,11,30.5,34.0,27.0
338,349290,1963,2,13,25.9,32.0,21.0
339,349290,1963,10,12,53.0,55.0,48.0
340,349290,1963,10,21,47.5,55.0,43.0
341,349290,1963,1,9,53.0,57.0,50.0
342,349290,1963,4,30,50.6,54.0,46.0
343,349290,1963,7,17,70.1,79.0,66.0
344,349290,1963,11,22,43.3,59.0,34.0
345,349290,1963,11,25,34.1,43.0,27.0
346,349290,1963,1,10,34.1,43.0,28.0
347,349290,1963,3,15,33.8,41.0,30.0
348,349290,1963,3,23,41.8,52.0,32.0
349,349290,1963,12,18,46.8,64.0,36.0
350,349290,1963,2,12,21.0,25.0,19.0
351,349290,1963,3,24,31.2,32.0,28.0
352,349290,1963,4,4,43.1,48.0,36.0
353,349290,1963,2,23,31.1,41.0,27.0
354,349290,1963,3,10,41.2,54.0,30.0
355,349290,1963,4,12,47.6,54.0,43.0
356,349290,1963,6,18,65.1,72.0,59.0
357,349290,1963,10,22,42.1,46.0,36.0
358,349290,1963,12,7,37.1,48.0,32.0
359,349290,1963,12,12,29.6,41.0,21.0
360,349290,1963,12,28,35.0,41.0,32.0
361,349290,1963,2,20,41.0,55.0,36.0
362,349290,1963,3,30,49.2,61.0,41.0
363,349290,1963,9,30,56.6,68.0,45.0
0,349290,1964,1,1,28.0,9999.9,9999.9
1,349290,1964,7,20,66.2,81.0,61.0
2,349290,1964,12,11,34.5,36.0,34.0
3,349290,1964,2,14,26.0,39.0,12.0
4,349290,1964,7,21,71.2,84.0,61.0
5,349290,1964,8,9,69.4,75.0,61.0
6,349290,1964,7,22,72.8,88.0,63.0
7,349290,1964,11,21,31.2,34.0,30.0
8,349290,1964,7,2,71.4,82.0,64.0
9,349290,1964,2,9,25.7,32.0,-4.0
10,349290,1964,8,6,67.0,75.0,55.0
11,349290,1964,8,13,70.2,82.0,64.0
12,349290,1964,12,2,46.8,61.0,36.0
13,349290,1964,12,7,38.3,43.0,34.0
14,349290,1964,1,11,19.9,23.0,18.0
15,349290,1964,1,17,4.7,12.0,-4.0
16,349290,1964,2,4,34.0,36.0,32.0
17,349290,1964,3,23,50.2,63.0,34.0
18,349290,1964,5,8,62.0,75.0,54.0
19,349290,1964,7,12,70.3,82.0,54.0
20,349290,1964,7,13,73.5,86.0,59.0
21,349290,1964,7,16,83.2,93.0,64.0
22,349290,1964,7,25,75.0,84.0,63.0
23,349290,1964,7,26,71.2,86.0,61.0
24,349290,1964,8,10,66.7,81.0,52.0
25,349290,1964,8,14,72.0,84.0,61.0
26,349290,1964,11,4,34.8,54.0,27.0
27,349290,1964,12,6,46.2,63.0,39.0
28,349290,1964,3,20,38.4,39.0,36.0
29,349290,1964,8,12,73.2,82.0,63.0
30,349290,1964,6,9,71.7,79.0,61.0
31,349290,1964,1,10,19.3,21.0,18.0
32,349290,1964,1,18,-2.4,5.0,-11.0
33,349290,1964,6,13,76.2,82.0,68.0
34,349290,1964,8,20,69.1,82.0,54.0
35,349290,1964,5,14,59.0,68.0,50.0
36,349290,1964,10,8,52.8,68.0,37.0
37,349290,1964,1,28,9.3,18.0,0.0
38,349290,1964,7,10,63.8,70.0,59.0
39,349290,1964,2,10,33.4,37.0,28.0
40,349290,1964,2,12,28.7,39.0,7.0
41,349290,1964,3,10,28.4,36.0,21.0
42,349290,1964,1,25,31.8,36.0,7.0
43,349290,1964,3,2,36.7,43.0,32.0
44,349290,1964,5,1,51.6,63.0,36.0
45,349290,1964,6,22,71.6,82.0,57.0
46,349290,1964,6,26,71.6,82.0,57.0
47,349290,1964,6,29,72.0,84.0,57.0
48,349290,1964,8,18,63.3,72.0,52.0
49,349290,1964,8,19,67.4,75.0,57.0
50,349290,1964,10,26,49.7,66.0,36.0
51,349290,1964,11,5,41.9,57.0,34.0
52,349290,1964,12,31,36.9,39.0,36.0
53,349290,1964,1,3,23.4,28.0,18.0
54,349290,1964,1,12,19.9,25.0,16.0
55,349290,1964,1,13,24.0,37.0,18.0
56,349290,1964,1,19,17.4,30.0,-9.0
57,349290,1964,1,21,20.6,28.0,18.0
58,349290,1964,1,22,30.6,39.0,10.0
59,349290,1964,1,29,5.3,21.0,-9.0
60,349290,1964,1,30,11.5,23.0,0.0
61,349290,1964,2,6,33.3,41.0,25.0
62,349290,1964,2,19,30.4,50.0,14.0
63,349290,1964,3,3,30.3,34.0,28.0
64,349290,1964,3,24,56.6,68.0,45.0
65,349290,1964,5,2,52.3,68.0,39.0
66,349290,1964,5,22,60.2,75.0,46.0
67,349290,1964,5,27,61.3,70.0,54.0
68,349290,1964,5,30,64.1,77.0,48.0
69,349290,1964,6,7,66.3,77.0,61.0
70,349290,1964,6,12,72.0,82.0,59.0
71,349290,1964,6,20,75.4,88.0,64.0
72,349290,1964,6,21,70.1,81.0,63.0
73,349290,1964,6,25,69.9,81.0,61.0
74,349290,1964,7,3,70.4,81.0,57.0
75,349290,1964,7,6,69.7,81.0,54.0
76,349290,1964,7,7,73.3,84.0,59.0
77,349290,1964,7,9,68.3,77.0,54.0
78,349290,1964,7,15,77.4,91.0,64.0
79,349290,1964,7,23,78.9,90.0,64.0
80,349290,1964,7,24,74.9,86.0,64.0
81,349290,1964,7,28,74.7,90.0,59.0
82,349290,1964,7,30,76.6,90.0,57.0
83,349290,1964,7,31,74.4,90.0,59.0
84,349290,1964,8,30,71.1,82.0,55.0
85,349290,1964,9,3,67.6,75.0,59.0
86,349290,1964,9,5,66.1,77.0,54.0
87,349290,1964,9,8,65.0,81.0,52.0
88,349290,1964,9,21,57.4,72.0,46.0
89,349290,1964,10,11,58.3,72.0,48.0
90,349290,1964,10,12,58.6,72.0,46.0
91,349290,1964,10,18,54.1,72.0,41.0
92,349290,1964,10,19,54.9,72.0,43.0
93,349290,1964,10,22,53.6,70.0,39.0
94,349290,1964,10,24,55.9,72.0,43.0
95,349290,1964,10,25,54.0,70.0,43.0
96,349290,1964,10,27,47.4,68.0,36.0
97,349290,1964,10,30,42.1,54.0,32.0
98,349290,1964,11,10,29.7,39.0,25.0
99,349290,1964,11,12,42.9,54.0,37.0
100,349290,1964,12,1,45.1,63.0,37.0
101,349290,1964,12,14,32.0,34.0,30.0
102,349290,1964,12,17,30.3,32.0,30.0
103,349290,1964,12,25,9.1,21.0,0.0
104,349290,1964,11,28,33.6,39.0,28.0
105,349290,1964,4,8,44.4,50.0,41.0
106,349290,1964,5,28,58.0,68.0,48.0
107,349290,1964,1,27,30.0,36.0,19.0
108,349290,1964,2,21,36.0,41.0,30.0
109,349290,1964,4,20,52.7,64.0,41.0
110,349290,1964,5,7,59.8,72.0,52.0
111,349290,1964,7,4,64.0,70.0,59.0
112,349290,1964,12,10,36.8,39.0,32.0
113,349290,1964,3,21,37.4,41.0,34.0
114,349290,1964,4,30,45.6,50.0,41.0
115,349290,1964,5,5,52.0,63.0,46.0
116,349290,1964,6,10,71.9,79.0,66.0
117,349290,1964,7,18,71.9,81.0,63.0
118,349290,1964,8,5,65.0,72.0,54.0
119,349290,1964,8,25,64.4,72.0,59.0
120,349290,1964,8,26,62.9,75.0,59.0
121,349290,1964,8,27,61.7,64.0,59.0
122,349290,1964,11,23,35.5,43.0,30.0
123,349290,1964,12,3,47.7,54.0,46.0
124,349290,1964,3,25,51.9,63.0,45.0
125,349290,1964,6,27,72.0,86.0,59.0
126,349290,1964,8,15,70.9,82.0,63.0
127,349290,1964,8,24,70.0,81.0,57.0
128,349290,1964,10,10,58.0,73.0,45.0
129,349290,1964,1,24,28.1,32.0,14.0
130,349290,1964,1,31,22.6,34.0,10.0
131,349290,1964,2,11,18.6,27.0,10.0
132,349290,1964,10,21,56.4,66.0,48.0
133,349290,1964,12,9,35.1,37.0,32.0
134,349290,1964,1,20,27.9,30.0,25.0
135,349290,1964,7,8,69.0,77.0,59.0
136,349290,1964,9,30,59.2,66.0,52.0
137,349290,1964,11,24,31.6,36.0,27.0
138,349290,1964,12,12,31.4,34.0,28.0
139,349290,1964,12,24,15.0,27.0,3.0
140,349290,1964,11,14,50.0,61.0,43.0
141,349290,1964,2,5,33.6,41.0,30.0
142,349290,1964,5,20,51.4,57.0,45.0
143,349290,1964,7,19,72.1,79.0,68.0
144,349290,1964,8,1,68.3,77.0,57.0
145,349290,1964,8,16,70.0,81.0,63.0
146,349290,1964,8,23,66.1,73.0,61.0
147,349290,1964,8,28,63.7,72.0,59.0
148,349290,1964,11,7,44.4,50.0,37.0
149,349290,1964,1,23,32.8,36.0,30.0
150,349290,1964,5,15,57.9,72.0,52.0
151,349290,1964,11,27,33.4,37.0,30.0
152,349290,1964,9,11,62.7,73.0,54.0
153,349290,1964,1,4,23.2,25.0,19.0
154,349290,1964,3,5,30.3,32.0,28.0
155,349290,1964,3,13,34.0,36.0,32.0
156,349290,1964,2,3,34.7,39.0,32.0
157,349290,1964,2,24,23.2,28.0,21.0
158,349290,1964,2,25,28.6,32.0,21.0
159,349290,1964,3,15,38.0,50.0,30.0
160,349290,1964,4,9,42.9,52.0,36.0
161,349290,1964,4,11,41.9,48.0,36.0
162,349290,1964,6,3,72.3,84.0,63.0
163,349290,1964,6,5,70.6,79.0,59.0
164,349290,1964,10,1,58.9,72.0,43.0
165,349290,1964,11,1,38.5,50.0,25.0
166,349290,1964,11,8,41.1,48.0,37.0
167,349290,1964,11,11,36.5,55.0,21.0
168,349290,1964,1,2,24.9,28.0,21.0
169,349290,1964,1,5,31.1,37.0,23.0
170,349290,1964,1,6,30.5,36.0,27.0
171,349290,1964,1,8,25.4,34.0,18.0
172,349290,1964,1,9,20.5,28.0,14.0
173,349290,1964,1,14,32.0,46.0,18.0
174,349290,1964,2,13,24.4,36.0,16.0
175,349290,1964,2,16,16.3,28.0,1.0
176,349290,1964,2,17,26.0,34.0,18.0
177,349290,1964,2,18,24.0,36.0,10.0
178,349290,1964,2,20,38.1,43.0,34.0
179,349290,1964,2,23,24.0,25.0,21.0
180,349290,1964,2,26,27.5,36.0,23.0
181,349290,1964,2,27,28.9,37.0,19.0
182,349290,1964,2,28,34.2,37.0,32.0
183,349290,1964,3,11,33.6,43.0,23.0
184,349290,1964,3,12,34.9,43.0,27.0
185,349290,1964,3,14,32.2,36.0,30.0
186,349290,1964,3,16,42.1,55.0,30.0
187,349290,1964,3,17,46.5,64.0,32.0
188,349290,1964,3,18,47.5,72.0,36.0
189,349290,1964,3,19,42.3,50.0,37.0
190,349290,1964,3,22,47.6,61.0,37.0
191,349290,1964,3,28,44.9,54.0,39.0
192,349290,1964,3,29,42.9,52.0,36.0
193,349290,1964,3,30,46.6,59.0,36.0
194,349290,1964,4,1,55.4,73.0,37.0
195,349290,1964,4,2,52.5,68.0,41.0
196,349290,1964,4,3,51.9,70.0,43.0
197,349290,1964,4,4,59.7,75.0,39.0
198,349290,1964,4,12,44.5,54.0,30.0
199,349290,1964,4,13,47.5,61.0,32.0
200,349290,1964,4,14,49.8,63.0,36.0
201,349290,1964,4,15,50.6,64.0,39.0
202,349290,1964,4,16,52.9,68.0,36.0
203,349290,1964,4,18,53.9,64.0,43.0
204,349290,1964,4,19,49.1,63.0,39.0
205,349290,1964,4,21,55.5,70.0,43.0
206,349290,1964,4,23,58.0,72.0,48.0
207,349290,1964,4,24,62.8,77.0,48.0
208,349290,1964,4,25,65.9,82.0,50.0
209,349290,1964,4,26,65.9,84.0,48.0
210,349290,1964,4,27,55.8,66.0,45.0
211,349290,1964,5,16,65.3,75.0,54.0
212,349290,1964,5,21,54.5,66.0,36.0
213,349290,1964,5,26,58.5,64.0,50.0
214,349290,1964,5,29,60.0,73.0,50.0
215,349290,1964,5,31,74.0,86.0,55.0
216,349290,1964,6,1,74.6,86.0,61.0
217,349290,1964,6,2,76.0,90.0,64.0
218,349290,1964,6,4,73.4,86.0,64.0
219,349290,1964,6,14,72.9,81.0,61.0
220,349290,1964,6,16,66.1,75.0,55.0
221,349290,1964,6,17,70.6,82.0,54.0
222,349290,1964,6,18,77.0,88.0,61.0
223,349290,1964,6,19,79.4,90.0,66.0
224,349290,1964,6,23,74.8,86.0,57.0
225,349290,1964,6,24,75.7,90.0,61.0
226,349290,1964,6,30,74.8,86.0,59.0
227,349290,1964,7,1,77.0,90.0,61.0
228,349290,1964,7,5,66.8,79.0,54.0
229,349290,1964,7,14,77.7,90.0,63.0
230,349290,1964,7,27,77.0,90.0,61.0
231,349290,1964,7,29,76.0,90.0,61.0
232,349290,1964,8,2,67.9,81.0,55.0
233,349290,1964,8,3,71.1,82.0,63.0
234,349290,1964,8,17,64.0,72.0,54.0
235,349290,1964,8,21,71.3,86.0,54.0
236,349290,1964,8,29,65.4,77.0,54.0
237,349290,1964,9,2,70.7,82.0,61.0
238,349290,1964,9,4,64.8,73.0,54.0
239,349290,1964,9,6,66.6,79.0,52.0
240,349290,1964,9,7,65.9,77.0,54.0
241,349290,1964,9,9,68.0,84.0,52.0
242,349290,1964,9,12,63.3,75.0,48.0
243,349290,1964,9,13,64.9,79.0,50.0
244,349290,1964,9,15,54.7,66.0,41.0
245,349290,1964,9,16,58.2,72.0,41.0
246,349290,1964,9,17,63.0,79.0,45.0
247,349290,1964,9,18,64.9,81.0,46.0
248,349290,1964,9,22,64.0,81.0,46.0
249,349290,1964,9,23,67.8,82.0,54.0
250,349290,1964,9,24,64.9,75.0,55.0
251,349290,1964,9,25,63.0,75.0,50.0
252,349290,1964,9,26,63.9,79.0,50.0
253,349290,1964,9,27,62.5,79.0,46.0
254,349290,1964,9,28,61.1,73.0,54.0
255,349290,1964,10,3,51.4,61.0,45.0
256,349290,1964,10,6,38.8,50.0,27.0
257,349290,1964,10,7,46.1,61.0,32.0
258,349290,1964,10,9,54.9,72.0,39.0
259,349290,1964,10,13,55.5,73.0,39.0
260,349290,1964,10,14,58.0,77.0,41.0
261,349290,1964,10,15,62.3,86.0,43.0
262,349290,1964,10,16,61.0,75.0,46.0
263,349290,1964,10,17,57.5,73.0,43.0
264,349290,1964,10,20,55.4,68.0,45.0
265,349290,1964,10,23,56.8,75.0,41.0
266,349290,1964,10,28,44.9,55.0,39.0
267,349290,1964,10,29,42.6,54.0,32.0
268,349290,1964,10,31,40.5,55.0,28.0
269,349290,1964,11,2,44.2,54.0,32.0
270,349290,1964,11,3,43.1,57.0,32.0
271,349290,1964,11,9,33.9,39.0,28.0
272,349290,1964,11,13,44.5,55.0,37.0
273,349290,1964,11,16,49.0,63.0,43.0
274,349290,1964,11,17,49.8,68.0,39.0
275,349290,1964,11,29,39.2,50.0,28.0
276,349290,1964,12,4,46.0,61.0,39.0
277,349290,1964,12,5,45.9,57.0,39.0
278,349290,1964,12,13,30.8,34.0,28.0
279,349290,1964,12,16,36.4,43.0,32.0
280,349290,1964,12,19,34.0,46.0,25.0
281,349290,1964,12,22,23.7,36.0,21.0
282,349290,1964,12,23,27.5,32.0,21.0
283,349290,1964,12,26,19.3,32.0,10.0
284,349290,1964,12,27,29.9,41.0,10.0
285,349290,1964,12,28,38.3,48.0,30.0
286,349290,1964,1,7,26.5,28.0,25.0
287,349290,1964,3,7,14.3,21.0,7.0
288,349290,1964,3,8,22.4,32.0,7.0
289,349290,1964,11,30,44.4,52.0,37.0
290,349290,1964,4,7,49.6,59.0,43.0
291,349290,1964,4,28,48.5,50.0,46.0
292,349290,1964,5,4,50.9,57.0,46.0
293,349290,1964,5,6,58.6,66.0,50.0
294,349290,1964,5,18,59.5,66.0,55.0
295,349290,1964,9,29,59.2,64.0,57.0
296,349290,1964,11,19,45.1,61.0,34.0
297,349290,1964,2,1,28.9,39.0,21.0
298,349290,1964,3,4,31.3,36.0,28.0
299,349290,1964,3,31,54.4,68.0,45.0
300,349290,1964,5,9,61.5,68.0,54.0
301,349290,1964,5,10,63.5,75.0,55.0
302,349290,1964,5,11,55.4,59.0,54.0
303,349290,1964,5,12,54.5,61.0,48.0
304,349290,1964,5,13,57.2,64.0,52.0
305,349290,1964,5,24,61.6,73.0,54.0
306,349290,1964,6,28,69.2,86.0,59.0
307,349290,1964,7,11,64.0,75.0,54.0
308,349290,1964,8,4,61.9,70.0,57.0
309,349290,1964,8,22,67.3,75.0,61.0
310,349290,1964,9,1,71.3,82.0,63.0
311,349290,1964,9,10,65.4,75.0,59.0
312,349290,1964,9,20,60.5,75.0,54.0
313,349290,1964,11,6,42.8,48.0,32.0
314,349290,1964,11,22,31.1,39.0,28.0
315,349290,1964,11,25,37.0,43.0,23.0
316,349290,1964,3,27,41.5,45.0,39.0
317,349290,1964,4,5,57.1,72.0,48.0
318,349290,1964,4,17,51.9,59.0,45.0
319,349290,1964,5,17,60.4,66.0,57.0
320,349290,1964,5,23,61.1,70.0,54.0
321,349290,1964,6,8,69.1,81.0,54.0
322,349290,1964,8,31,71.0,82.0,61.0
323,349290,1964,11,15,49.9,57.0,45.0
324,349290,1964,12,15,35.6,39.0,34.0
325,349290,1964,12,20,39.5,52.0,28.0
326,349290,1964,12,29,44.0,50.0,39.0
327,349290,1964,12,30,37.0,39.0,36.0
328,349290,1964,1,26,30.8,34.0,28.0
329,349290,1964,3,6,25.3,30.0,16.0
330,349290,1964,3,9,27.0,30.0,21.0
331,349290,1964,4,10,40.6,50.0,32.0
332,349290,1964,6,15,71.5,82.0,61.0
333,349290,1964,9,19,66.2,77.0,55.0
334,349290,1964,2,8,11.6,18.0,1.0
335,349290,1964,2,15,19.6,28.0,7.0
336,349290,1964,4,6,56.5,66.0,48.0
337,349290,1964,4,22,58.0,70.0,48.0
338,349290,1964,9,14,59.1,66.0,50.0
339,349290,1964,12,8,35.9,46.0,28.0
340,349290,1964,12,18,32.9,39.0,28.0
341,349290,1964,12,21,29.0,32.0,25.0
342,349290,1964,1,16,13.9,23.0,5.0
343,349290,1964,3,1,36.7,43.0,34.0
344,349290,1964,2,29,37.4,43.0,34.0
345,349290,1964,5,19,58.4,64.0,54.0
346,349290,1964,5,25,57.2,63.0,54.0
347,349290,1964,7,17,71.0,82.0,64.0
348,349290,1964,10,5,41.0,46.0,32.0
349,349290,1964,11,20,38.4,43.0,32.0
350,349290,1964,11,26,39.6,43.0,36.0
351,349290,1964,1,15,27.5,39.0,21.0
352,349290,1964,2,7,29.0,32.0,21.0
353,349290,1964,2,22,28.6,32.0,25.0
354,349290,1964,3,26,52.3,64.0,41.0
355,349290,1964,5,3,53.1,63.0,46.0
356,349290,1964,6,6,67.5,79.0,63.0
357,349290,1964,10,2,48.4,59.0,45.0
358,349290,1964,10,4,49.0,54.0,43.0
359,349290,1964,11,18,46.5,54.0,36.0
360,349290,1964,4,29,47.3,54.0,43.0
361,349290,1964,6,11,68.6,77.0,64.0
0,349290,1965,4,24,61.0,72.0,50.0
1,349290,1965,1,1,37.7,39.0,36.0
2,349290,1965,4,6,35.6,39.0,30.0
3,349290,1965,5,10,55.2,64.0,48.0
4,349290,1965,12,13,54.1,63.0,48.0
5,349290,1965,3,25,51.8,63.0,43.0
6,349290,1965,4,22,59.8,68.0,43.0
7,349290,1965,7,4,71.0,84.0,64.0
8,349290,1965,8,26,75.2,86.0,61.0
9,349290,1965,1,15,17.5,30.0,9.0
10,349290,1965,1,20,28.0,41.0,21.0
11,349290,1965,1,27,29.0,37.0,21.0
12,349290,1965,4,29,54.2,61.0,50.0
13,349290,1965,5,16,56.7,61.0,50.0
14,349290,1965,6,4,75.7,84.0,63.0
15,349290,1965,6,14,69.0,79.0,61.0
16,349290,1965,7,6,75.0,86.0,63.0
17,349290,1965,7,10,74.7,82.0,68.0
18,349290,1965,7,22,66.2,79.0,54.0
19,349290,1965,10,19,41.8,61.0,32.0
20,349290,1965,1,10,34.9,37.0,30.0
21,349290,1965,3,14,19.9,30.0,0.0
22,349290,1965,3,17,32.3,36.0,30.0
23,349290,1965,3,22,44.1,61.0,28.0
24,349290,1965,4,14,41.7,50.0,36.0
25,349290,1965,4,17,46.7,54.0,37.0
26,349290,1965,5,13,65.6,77.0,50.0
27,349290,1965,6,15,69.0,81.0,54.0
28,349290,1965,7,1,77.0,86.0,66.0
29,349290,1965,7,12,67.3,75.0,63.0
30,349290,1965,8,11,77.7,88.0,66.0
31,349290,1965,10,13,38.6,46.0,32.0
32,349290,1965,2,1,47.3,52.0,32.0
33,349290,1965,9,15,65.0,73.0,55.0
34,349290,1965,10,15,44.5,57.0,30.0
35,349290,1965,11,7,41.7,50.0,34.0
36,349290,1965,12,4,47.0,59.0,39.0
37,349290,1965,7,27,75.5,95.0,68.0
38,349290,1965,1,4,32.4,43.0,27.0
39,349290,1965,3,8,34.0,36.0,32.0
40,349290,1965,7,14,75.0,82.0,63.0
41,349290,1965,8,28,71.8,90.0,64.0
42,349290,1965,9,13,64.0,82.0,50.0
43,349290,1965,10,8,51.0,61.0,37.0
44,349290,1965,1,2,41.3,52.0,32.0
45,349290,1965,1,19,22.9,34.0,12.0
46,349290,1965,1,30,26.3,48.0,18.0
47,349290,1965,2,19,33.3,37.0,27.0
48,349290,1965,3,15,24.0,37.0,3.0
49,349290,1965,4,7,40.3,50.0,32.0
50,349290,1965,4,8,40.3,59.0,28.0
51,349290,1965,4,20,54.4,68.0,46.0
52,349290,1965,5,19,64.5,77.0,48.0
53,349290,1965,5,21,71.0,84.0,57.0
54,349290,1965,5,22,65.3,81.0,54.0
55,349290,1965,5,26,66.3,81.0,54.0
56,349290,1965,6,2,77.8,90.0,61.0
57,349290,1965,6,3,77.3,90.0,64.0
58,349290,1965,6,5,73.0,86.0,50.0
59,349290,1965,6,16,68.8,81.0,57.0
60,349290,1965,6,29,69.8,82.0,59.0
61,349290,1965,6,30,74.0,88.0,66.0
62,349290,1965,7,8,67.5,81.0,57.0
63,349290,1965,7,25,73.0,88.0,63.0
64,349290,1965,7,26,78.7,93.0,63.0
65,349290,1965,8,16,69.3,79.0,50.0
66,349290,1965,9,3,72.7,84.0,57.0
67,349290,1965,9,7,70.5,86.0,55.0
68,349290,1965,9,9,66.2,75.0,57.0
69,349290,1965,9,19,63.2,75.0,45.0
70,349290,1965,9,29,63.5,79.0,52.0
71,349290,1965,10,6,57.5,73.0,43.0
72,349290,1965,10,7,54.8,68.0,46.0
73,349290,1965,10,17,50.7,66.0,37.0
74,349290,1965,10,21,41.8,50.0,39.0
75,349290,1965,11,19,35.2,43.0,25.0
76,349290,1965,12,19,23.2,28.0,16.0
77,349290,1965,12,31,35.5,43.0,28.0
78,349290,1965,1,18,20.6,39.0,10.0
79,349290,1965,1,28,27.6,34.0,23.0
80,349290,1965,1,29,26.4,39.0,10.0
81,349290,1965,1,31,33.4,54.0,21.0
82,349290,1965,2,6,16.4,25.0,9.0
83,349290,1965,2,15,20.4,37.0,7.0
84,349290,1965,2,16,19.0,32.0,7.0
85,349290,1965,2,17,31.0,37.0,19.0
86,349290,1965,3,26,56.4,72.0,39.0
87,349290,1965,3,27,51.0,72.0,39.0
88,349290,1965,3,28,51.9,66.0,41.0
89,349290,1965,4,5,30.1,41.0,21.0
90,349290,1965,4,9,44.4,63.0,27.0
91,349290,1965,4,16,51.7,63.0,41.0
92,349290,1965,4,21,56.6,68.0,45.0
93,349290,1965,5,6,54.6,70.0,37.0
94,349290,1965,5,11,56.7,73.0,45.0
95,349290,1965,5,23,65.0,77.0,55.0
96,349290,1965,5,25,65.3,81.0,52.0
97,349290,1965,5,27,67.0,77.0,61.0
98,349290,1965,5,30,72.6,90.0,57.0
99,349290,1965,6,1,74.4,84.0,59.0
100,349290,1965,6,6,75.1,86.0,64.0
101,349290,1965,6,9,67.3,77.0,57.0
102,349290,1965,6,10,67.2,79.0,54.0
103,349290,1965,6,11,74.4,90.0,55.0
104,349290,1965,6,19,70.6,81.0,61.0
105,349290,1965,6,20,68.9,82.0,55.0
106,349290,1965,6,21,73.0,82.0,59.0
107,349290,1965,6,22,73.9,84.0,61.0
108,349290,1965,6,25,74.1,88.0,61.0
109,349290,1965,7,2,75.0,86.0,63.0
110,349290,1965,7,17,73.7,84.0,64.0
111,349290,1965,7,19,75.1,88.0,64.0
112,349290,1965,7,21,66.4,75.0,54.0
113,349290,1965,7,23,71.3,84.0,57.0
114,349290,1965,7,28,76.1,90.0,68.0
115,349290,1965,7,30,70.4,86.0,54.0
116,349290,1965,8,2,80.9,95.0,66.0
117,349290,1965,8,5,67.2,79.0,54.0
118,349290,1965,8,6,67.6,77.0,55.0
119,349290,1965,8,9,79.1,95.0,59.0
120,349290,1965,8,10,78.2,95.0,57.0
121,349290,1965,8,12,80.1,91.0,68.0
122,349290,1965,8,18,68.3,81.0,55.0
123,349290,1965,8,19,72.6,84.0,55.0
124,349290,1965,8,21,75.1,86.0,61.0
125,349290,1965,8,22,74.1,86.0,61.0
126,349290,1965,8,23,76.3,86.0,64.0
127,349290,1965,8,27,75.6,88.0,59.0
128,349290,1965,9,5,70.9,86.0,59.0
129,349290,1965,9,10,66.4,77.0,55.0
130,349290,1965,9,12,66.7,79.0,52.0
131,349290,1965,9,16,66.0,75.0,54.0
132,349290,1965,9,20,63.4,77.0,50.0
133,349290,1965,9,22,63.3,79.0,46.0
134,349290,1965,9,24,62.1,77.0,54.0
135,349290,1965,9,28,61.1,73.0,48.0
136,349290,1965,9,30,60.3,77.0,37.0
137,349290,1965,10,4,53.0,68.0,39.0
138,349290,1965,10,5,57.1,75.0,37.0
139,349290,1965,10,18,47.4,61.0,37.0
140,349290,1965,10,30,41.4,63.0,25.0
141,349290,1965,11,9,38.4,43.0,32.0
142,349290,1965,11,27,33.0,39.0,32.0
143,349290,1965,11,28,38.0,48.0,30.0
144,349290,1965,12,1,36.7,50.0,28.0
145,349290,1965,12,3,42.7,55.0,34.0
146,349290,1965,12,11,40.7,52.0,32.0
147,349290,1965,12,18,26.6,34.0,21.0
148,349290,1965,1,3,35.8,50.0,28.0
149,349290,1965,1,5,40.1,50.0,27.0
150,349290,1965,1,9,27.5,36.0,19.0
151,349290,1965,1,11,31.5,37.0,28.0
152,349290,1965,1,16,17.4,30.0,9.0
153,349290,1965,1,17,17.9,32.0,7.0
154,349290,1965,1,22,38.4,50.0,34.0
155,349290,1965,1,25,27.4,37.0,21.0
156,349290,1965,1,26,30.2,39.0,25.0
157,349290,1965,2,21,27.9,32.0,25.0
158,349290,1965,3,3,28.4,37.0,14.0
159,349290,1965,3,16,27.4,39.0,10.0
160,349290,1965,3,19,33.0,41.0,27.0
161,349290,1965,3,23,47.2,63.0,34.0
162,349290,1965,4,30,59.6,75.0,43.0
163,349290,1965,5,5,46.1,55.0,37.0
164,349290,1965,5,17,60.0,72.0,50.0
165,349290,1965,5,18,63.7,75.0,54.0
166,349290,1965,5,20,70.1,86.0,54.0
167,349290,1965,5,28,70.9,82.0,59.0
168,349290,1965,5,29,73.0,86.0,61.0
169,349290,1965,6,13,72.5,82.0,61.0
170,349290,1965,6,24,73.8,84.0,63.0
171,349290,1965,7,5,74.1,86.0,63.0
172,349290,1965,7,9,76.0,90.0,63.0
173,349290,1965,7,18,75.3,86.0,64.0
174,349290,1965,7,24,74.5,88.0,61.0
175,349290,1965,7,31,76.8,90.0,61.0
176,349290,1965,8,1,79.9,91.0,66.0
177,349290,1965,8,3,80.5,95.0,64.0
178,349290,1965,8,7,68.0,79.0,54.0
179,349290,1965,8,8,72.7,86.0,57.0
180,349290,1965,8,15,64.9,79.0,50.0
181,349290,1965,8,17,66.6,79.0,54.0
182,349290,1965,8,20,72.6,84.0,59.0
183,349290,1965,8,29,75.6,86.0,64.0
184,349290,1965,9,1,65.1,77.0,54.0
185,349290,1965,9,2,68.9,79.0,57.0
186,349290,1965,9,4,72.0,84.0,57.0
187,349290,1965,9,6,70.7,88.0,55.0
188,349290,1965,9,11,64.4,77.0,52.0
189,349290,1965,9,14,67.3,81.0,55.0
190,349290,1965,9,17,57.5,68.0,48.0
191,349290,1965,9,18,55.1,68.0,41.0
192,349290,1965,9,21,63.0,77.0,50.0
193,349290,1965,9,23,62.0,75.0,50.0
194,349290,1965,9,25,61.2,75.0,45.0
195,349290,1965,9,26,63.5,75.0,52.0
196,349290,1965,9,27,61.7,73.0,48.0
197,349290,1965,10,1,61.9,81.0,45.0
198,349290,1965,10,9,51.6,66.0,34.0
199,349290,1965,10,14,39.3,50.0,30.0
200,349290,1965,10,22,38.1,45.0,32.0
201,349290,1965,10,23,39.9,50.0,28.0
202,349290,1965,10,29,42.7,59.0,28.0
203,349290,1965,11,4,54.9,66.0,45.0
204,349290,1965,11,10,41.7,54.0,30.0
205,349290,1965,12,2,39.1,52.0,32.0
206,349290,1965,12,5,47.4,61.0,37.0
207,349290,1965,12,8,42.6,54.0,34.0
208,349290,1965,12,22,34.0,39.0,32.0
209,349290,1965,3,6,40.6,48.0,34.0
210,349290,1965,4,26,62.1,72.0,54.0
211,349290,1965,6,12,71.4,82.0,61.0
212,349290,1965,12,26,45.0,50.0,41.0
213,349290,1965,11,14,59.9,70.0,50.0
214,349290,1965,12,25,46.7,52.0,43.0
215,349290,1965,6,18,68.9,77.0,63.0
216,349290,1965,10,27,41.4,48.0,34.0
217,349290,1965,11,12,49.0,59.0,41.0
218,349290,1965,12,24,45.6,52.0,41.0
219,349290,1965,3,7,35.6,46.0,34.0
220,349290,1965,11,20,44.4,61.0,36.0
221,349290,1965,6,28,70.0,82.0,63.0
222,349290,1965,12,15,36.1,39.0,34.0
223,349290,1965,5,3,49.7,57.0,43.0
224,349290,1965,7,15,75.0,82.0,66.0
225,349290,1965,10,24,41.0,46.0,34.0
226,349290,1965,11,2,51.7,57.0,46.0
227,349290,1965,11,3,56.6,64.0,52.0
228,349290,1965,11,22,54.9,61.0,46.0
229,349290,1965,2,18,33.9,37.0,30.0
230,349290,1965,5,8,56.1,63.0,54.0
231,349290,1965,5,9,55.9,68.0,45.0
232,349290,1965,7,16,76.6,86.0,72.0
233,349290,1965,10,20,46.4,55.0,39.0
234,349290,1965,11,1,49.2,57.0,37.0
235,349290,1965,11,21,50.0,57.0,39.0
236,349290,1965,12,10,42.6,48.0,39.0
237,349290,1965,12,29,46.1,52.0,34.0
238,349290,1965,4,12,36.0,41.0,34.0
239,349290,1965,4,13,35.2,39.0,32.0
240,349290,1965,4,1,41.0,45.0,39.0
241,349290,1965,4,25,63.2,70.0,54.0
242,349290,1965,5,14,63.2,75.0,57.0
243,349290,1965,5,31,71.2,86.0,63.0
244,349290,1965,11,8,45.8,50.0,41.0
245,349290,1965,11,25,50.3,57.0,46.0
246,349290,1965,3,21,35.6,50.0,32.0
247,349290,1965,4,15,42.9,52.0,36.0
248,349290,1965,4,18,45.1,55.0,43.0
249,349290,1965,4,27,61.9,72.0,50.0
250,349290,1965,5,1,52.1,55.0,50.0
251,349290,1965,5,15,59.0,68.0,50.0
252,349290,1965,6,7,70.2,77.0,64.0
253,349290,1965,7,3,71.0,84.0,63.0
254,349290,1965,7,11,68.3,77.0,61.0
255,349290,1965,8,24,67.7,72.0,64.0
256,349290,1965,10,10,59.6,72.0,52.0
257,349290,1965,10,12,42.0,59.0,32.0
258,349290,1965,3,18,35.0,43.0,30.0
259,349290,1965,3,29,50.7,59.0,43.0
260,349290,1965,4,19,50.6,61.0,41.0
261,349290,1965,4,23,58.5,70.0,50.0
262,349290,1965,6,27,64.0,72.0,61.0
263,349290,1965,8,25,70.1,79.0,63.0
264,349290,1965,11,5,53.2,64.0,45.0
265,349290,1965,11,13,54.9,63.0,50.0
266,349290,1965,12,7,43.0,45.0,37.0
267,349290,1965,12,12,47.6,55.0,41.0
268,349290,1965,12,21,38.0,48.0,34.0
269,349290,1965,12,27,42.4,48.0,36.0
270,349290,1965,3,30,51.7,68.0,45.0
271,349290,1965,4,10,48.1,57.0,41.0
272,349290,1965,6,23,70.9,82.0,63.0
273,349290,1965,8,13,69.6,75.0,66.0
274,349290,1965,8,31,65.0,73.0,59.0
275,349290,1965,9,8,71.6,86.0,63.0
276,349290,1965,10,2,62.7,77.0,50.0
277,349290,1965,11,29,49.3,64.0,37.0
278,349290,1965,12,9,47.0,57.0,37.0
279,349290,1965,12,23,39.1,46.0,30.0
280,349290,1965,1,21,35.8,43.0,28.0
281,349290,1965,5,2,52.6,64.0,43.0
282,349290,1965,10,26,29.6,37.0,19.0
283,349290,1965,11,11,47.8,54.0,41.0
284,349290,1965,12,20,31.9,36.0,25.0
285,349290,1965,3,24,48.4,57.0,43.0
286,349290,1965,5,24,62.0,73.0,55.0
287,349290,1965,1,14,10.4,23.0,3.0
288,349290,1965,1,24,27.5,34.0,23.0
289,349290,1965,5,7,62.2,75.0,46.0
290,349290,1965,2,20,29.6,34.0,27.0
291,349290,1965,3,20,33.4,39.0,27.0
292,349290,1965,5,12,63.3,73.0,48.0
293,349290,1965,3,2,16.9,32.0,3.0
294,349290,1965,7,29,69.5,77.0,63.0
295,349290,1965,10,11,49.0,55.0,39.0
296,349290,1965,12,28,39.9,52.0,36.0
297,349290,1965,1,12,26.4,32.0,18.0
298,349290,1965,1,13,15.1,23.0,10.0
299,349290,1965,1,23,33.1,37.0,27.0
300,349290,1965,2,13,14.9,23.0,0.0
301,349290,1965,8,14,66.4,77.0,57.0
302,349290,1965,10,3,57.9,70.0,50.0
303,349290,1965,10,31,47.6,61.0,28.0
304,349290,1965,2,2,51.4,61.0,37.0
305,349290,1965,6,17,69.7,81.0,61.0
306,349290,1965,7,7,69.5,77.0,61.0
307,349290,1965,7,13,70.2,81.0,63.0
308,349290,1965,7,20,62.3,68.0,57.0
309,349290,1965,8,4,63.7,72.0,59.0
310,349290,1965,11,30,40.0,50.0,30.0
311,349290,1965,6,26,64.4,77.0,61.0
312,349290,1965,3,31,44.7,46.0,43.0
313,349290,1965,8,30,67.0,72.0,61.0
314,349290,1965,11,6,41.4,52.0,39.0
315,349290,1965,11,23,55.9,61.0,50.0
316,349290,1965,11,24,55.4,63.0,48.0
317,349290,1965,12,14,40.6,46.0,37.0
318,349290,1965,4,28,54.7,59.0,52.0
319,349290,1965,11,15,53.5,59.0,45.0
320,349290,1965,12,16,37.0,41.0,34.0
321,349290,1965,12,30,42.4,48.0,36.0
322,349290,1965,12,6,48.3,61.0,41.0
323,349290,1965,4,2,34.6,41.0,30.0
324,349290,1965,6,8,69.9,77.0,63.0
325,349290,1965,10,16,51.8,63.0,45.0
326,349290,1965,10,28,46.9,55.0,39.0
327,349290,1965,3,10,30.4,34.0,28.0
328,349290,1965,2,25,20.3,28.0,5.0
329,349290,1965,2,11,19.9,28.0,0.0
330,349290,1965,2,27,19.3,27.0,12.0
331,349290,1965,4,4,28.0,34.0,25.0
332,349290,1965,12,17,32.3,34.0,32.0
333,349290,1965,2,4,25.7,28.0,25.0
334,349290,1965,2,7,23.1,28.0,16.0
335,349290,1965,2,8,20.6,25.0,14.0
336,349290,1965,2,9,27.1,36.0,21.0
337,349290,1965,2,14,16.4,25.0,0.0
338,349290,1965,3,9,31.3,34.0,30.0
339,349290,1965,3,11,30.3,39.0,27.0
340,349290,1965,1,6,35.4,41.0,30.0
341,349290,1965,3,12,28.1,32.0,25.0
342,349290,1965,2,22,28.3,32.0,25.0
343,349290,1965,2,28,30.9,37.0,19.0
344,349290,1965,11,16,34.1,41.0,32.0
345,349290,1965,11,17,30.3,32.0,28.0
346,349290,1965,11,18,29.3,32.0,27.0
347,349290,1965,2,12,22.3,27.0,19.0
348,349290,1965,4,3,31.1,39.0,28.0
349,349290,1965,2,3,28.0,30.0,27.0
350,349290,1965,3,1,23.7,34.0,14.0
351,349290,1965,3,13,23.7,30.0,9.0
352,349290,1965,1,7,30.9,34.0,28.0
353,349290,1965,1,8,24.7,28.0,21.0
354,349290,1965,2,10,17.9,23.0,12.0
355,349290,1965,2,23,26.6,36.0,18.0
356,349290,1965,10,25,35.2,41.0,28.0
357,349290,1965,2,26,30.2,45.0,18.0
358,349290,1965,5,4,47.6,57.0,43.0
359,349290,1965,11,26,41.4,46.0,34.0
360,349290,1965,2,5,22.1,27.0,10.0
361,349290,1965,4,11,36.9,39.0,36.0
0,349290,1966,9,27,57.0,68.0,46.0
1,349290,1966,3,9,38.4,43.0,36.0
2,349290,1966,11,26,45.2,61.0,37.0
3,349290,1966,3,23,46.2,52.0,41.0
4,349290,1966,7,18,77.3,91.0,66.0
5,349290,1966,2,19,47.6,54.0,41.0
6,349290,1966,3,11,47.9,61.0,34.0
7,349290,1966,5,20,63.4,73.0,57.0
8,349290,1966,6,25,67.8,81.0,61.0
9,349290,1966,9,29,55.6,68.0,46.0
10,349290,1966,11,10,47.1,57.0,36.0
11,349290,1966,1,11,33.2,34.0,32.0
12,349290,1966,1,18,39.2,48.0,32.0
13,349290,1966,4,14,55.7,64.0,50.0
14,349290,1966,5,14,62.3,75.0,48.0
15,349290,1966,8,2,74.3,88.0,66.0
16,349290,1966,8,27,70.2,82.0,55.0
17,349290,1966,9,13,57.8,72.0,41.0
18,349290,1966,10,3,61.6,79.0,43.0
19,349290,1966,11,1,46.0,55.0,39.0
20,349290,1966,9,21,55.0,72.0,39.0
21,349290,1966,9,22,58.0,73.0,43.0
22,349290,1966,3,26,57.4,68.0,43.0
23,349290,1966,7,7,74.2,86.0,61.0
24,349290,1966,9,18,70.4,82.0,52.0
25,349290,1966,12,24,39.8,45.0,36.0
26,349290,1966,3,5,39.5,50.0,30.0
27,349290,1966,5,5,59.7,73.0,46.0
28,349290,1966,5,18,61.5,75.0,50.0
29,349290,1966,5,28,69.5,81.0,52.0
30,349290,1966,6,2,67.0,79.0,55.0
31,349290,1966,6,4,85.5,95.0,66.0
32,349290,1966,6,17,60.8,72.0,46.0
33,349290,1966,6,18,64.2,77.0,50.0
34,349290,1966,7,10,73.0,84.0,68.0
35,349290,1966,8,9,79.8,93.0,64.0
36,349290,1966,9,28,61.2,72.0,46.0
37,349290,1966,10,12,51.8,72.0,39.0
38,349290,1966,11,28,40.7,46.0,34.0
39,349290,1966,12,4,41.5,48.0,37.0
40,349290,1966,2,1,39.7,48.0,32.0
41,349290,1966,2,20,45.3,52.0,41.0
42,349290,1966,2,21,44.5,46.0,43.0
43,349290,1966,3,2,47.3,63.0,28.0
44,349290,1966,3,4,38.9,48.0,25.0
45,349290,1966,3,7,46.3,52.0,43.0
46,349290,1966,3,10,42.7,50.0,39.0
47,349290,1966,3,14,49.0,66.0,32.0
48,349290,1966,3,30,48.3,61.0,32.0
49,349290,1966,3,31,52.0,66.0,39.0
50,349290,1966,4,22,55.1,72.0,48.0
51,349290,1966,4,24,64.6,77.0,50.0
52,349290,1966,4,29,65.1,77.0,55.0
53,349290,1966,4,30,60.7,72.0,54.0
54,349290,1966,5,2,60.0,70.0,46.0
55,349290,1966,5,6,59.6,75.0,43.0
56,349290,1966,5,8,67.8,82.0,48.0
57,349290,1966,5,13,63.0,73.0,54.0
58,349290,1966,5,17,58.3,70.0,48.0
59,349290,1966,5,30,70.9,81.0,55.0
60,349290,1966,6,3,72.3,86.0,61.0
61,349290,1966,6,27,68.4,81.0,59.0
62,349290,1966,6,28,70.9,82.0,59.0
63,349290,1966,7,1,76.2,91.0,64.0
64,349290,1966,7,2,78.9,90.0,68.0
65,349290,1966,7,5,68.8,81.0,57.0
66,349290,1966,7,6,71.1,84.0,61.0
67,349290,1966,7,9,77.7,90.0,63.0
68,349290,1966,7,11,70.9,79.0,66.0
69,349290,1966,7,19,80.4,95.0,68.0
70,349290,1966,7,21,78.4,93.0,66.0
71,349290,1966,7,23,82.2,93.0,73.0
72,349290,1966,7,24,88.0,97.0,72.0
73,349290,1966,8,7,80.9,93.0,66.0
74,349290,1966,8,19,74.9,88.0,64.0
75,349290,1966,8,21,78.6,88.0,59.0
76,349290,1966,8,24,75.1,86.0,63.0
77,349290,1966,8,31,56.7,66.0,45.0
78,349290,1966,9,7,70.0,82.0,59.0
79,349290,1966,9,8,69.0,81.0,63.0
80,349290,1966,9,10,64.6,77.0,52.0
81,349290,1966,9,12,56.0,68.0,46.0
82,349290,1966,9,17,67.0,82.0,55.0
83,349290,1966,9,23,61.7,75.0,48.0
84,349290,1966,9,24,58.9,68.0,46.0
85,349290,1966,10,1,54.1,72.0,37.0
86,349290,1966,10,6,60.7,79.0,52.0
87,349290,1966,10,20,50.0,70.0,34.0
88,349290,1966,11,13,51.6,64.0,39.0
89,349290,1966,11,14,50.7,63.0,43.0
90,349290,1966,12,1,46.1,57.0,37.0
91,349290,1966,12,22,38.3,46.0,30.0
92,349290,1966,12,31,24.3,28.0,18.0
93,349290,1966,1,9,36.3,41.0,34.0
94,349290,1966,1,17,35.4,43.0,30.0
95,349290,1966,1,28,40.6,48.0,37.0
96,349290,1966,2,13,51.8,64.0,39.0
97,349290,1966,2,23,51.5,66.0,37.0
98,349290,1966,2,24,56.4,72.0,46.0
99,349290,1966,2,27,43.9,54.0,34.0
100,349290,1966,3,6,44.6,57.0,30.0
101,349290,1966,3,19,38.9,50.0,30.0
102,349290,1966,3,24,48.4,61.0,37.0
103,349290,1966,3,29,47.1,57.0,39.0
104,349290,1966,4,3,46.7,54.0,43.0
105,349290,1966,4,4,50.6,61.0,41.0
106,349290,1966,4,5,49.9,61.0,43.0
107,349290,1966,4,10,50.4,55.0,48.0
108,349290,1966,4,11,53.7,66.0,41.0
109,349290,1966,4,20,55.9,63.0,50.0
110,349290,1966,4,21,55.1,64.0,46.0
111,349290,1966,4,23,63.0,75.0,46.0
112,349290,1966,4,26,65.9,81.0,50.0
113,349290,1966,4,27,69.5,86.0,48.0
114,349290,1966,4,28,66.8,81.0,54.0
115,349290,1966,5,1,58.8,72.0,48.0
116,349290,1966,5,7,64.1,79.0,46.0
117,349290,1966,5,9,66.2,81.0,48.0
118,349290,1966,5,11,66.0,79.0,55.0
119,349290,1966,5,15,58.4,66.0,54.0
120,349290,1966,5,16,55.5,64.0,46.0
121,349290,1966,5,29,71.2,86.0,57.0
122,349290,1966,6,1,64.2,75.0,54.0
123,349290,1966,6,6,71.2,79.0,61.0
124,349290,1966,6,8,75.5,86.0,63.0
125,349290,1966,6,21,65.0,75.0,54.0
126,349290,1966,6,22,69.4,81.0,55.0
127,349290,1966,6,26,70.6,82.0,61.0
128,349290,1966,6,30,74.6,84.0,63.0
129,349290,1966,7,8,76.3,88.0,64.0
130,349290,1966,7,12,72.5,81.0,64.0
131,349290,1966,7,13,77.0,88.0,66.0
132,349290,1966,7,14,77.4,90.0,64.0
133,349290,1966,7,16,76.0,84.0,66.0
134,349290,1966,7,17,79.1,93.0,64.0
135,349290,1966,7,20,78.6,93.0,66.0
136,349290,1966,7,22,80.4,91.0,66.0
137,349290,1966,7,27,77.2,90.0,68.0
138,349290,1966,7,29,72.0,82.0,59.0
139,349290,1966,7,30,78.3,91.0,63.0
140,349290,1966,7,31,79.9,91.0,72.0
141,349290,1966,8,1,78.9,88.0,66.0
142,349290,1966,8,3,74.6,84.0,63.0
143,349290,1966,8,4,73.5,86.0,66.0
144,349290,1966,8,5,75.3,86.0,64.0
145,349290,1966,8,6,76.6,90.0,64.0
146,349290,1966,8,8,79.8,93.0,66.0
147,349290,1966,8,10,81.9,93.0,72.0
148,349290,1966,8,11,73.9,82.0,72.0
149,349290,1966,8,14,76.0,84.0,64.0
150,349290,1966,8,17,79.6,90.0,70.0
151,349290,1966,8,20,76.3,86.0,66.0
152,349290,1966,8,23,77.5,88.0,70.0
153,349290,1966,8,30,55.0,64.0,48.0
154,349290,1966,9,1,62.7,75.0,50.0
155,349290,1966,9,2,68.4,81.0,55.0
156,349290,1966,9,4,67.3,77.0,54.0
157,349290,1966,9,6,65.6,77.0,57.0
158,349290,1966,9,9,67.5,79.0,59.0
159,349290,1966,9,11,63.1,72.0,54.0
160,349290,1966,9,14,62.0,79.0,41.0
161,349290,1966,9,15,62.0,82.0,46.0
162,349290,1966,9,16,68.1,84.0,50.0
163,349290,1966,9,19,63.9,79.0,48.0
164,349290,1966,9,30,53.0,64.0,39.0
165,349290,1966,10,2,59.0,77.0,41.0
166,349290,1966,10,4,62.8,79.0,48.0
167,349290,1966,10,5,64.2,79.0,50.0
168,349290,1966,10,7,64.4,75.0,54.0
169,349290,1966,10,8,60.1,72.0,50.0
170,349290,1966,10,9,56.3,68.0,45.0
171,349290,1966,10,10,57.9,77.0,39.0
172,349290,1966,10,11,55.6,70.0,41.0
173,349290,1966,10,13,57.6,75.0,41.0
174,349290,1966,10,14,53.5,75.0,39.0
175,349290,1966,10,16,41.6,50.0,36.0
176,349290,1966,10,17,43.6,64.0,28.0
177,349290,1966,10,18,51.0,73.0,30.0
178,349290,1966,10,19,53.1,77.0,34.0
179,349290,1966,10,21,51.1,72.0,36.0
180,349290,1966,10,22,54.8,75.0,36.0
181,349290,1966,10,23,57.9,81.0,41.0
182,349290,1966,10,24,57.7,66.0,50.0
183,349290,1966,10,25,58.2,72.0,50.0
184,349290,1966,10,26,56.7,73.0,43.0
185,349290,1966,10,27,59.4,79.0,45.0
186,349290,1966,10,29,64.5,75.0,57.0
187,349290,1966,10,30,67.1,75.0,55.0
188,349290,1966,11,2,56.8,75.0,45.0
189,349290,1966,11,5,35.8,48.0,27.0
190,349290,1966,11,6,38.5,50.0,28.0
191,349290,1966,11,7,42.2,52.0,30.0
192,349290,1966,11,8,42.9,50.0,39.0
193,349290,1966,11,9,46.5,61.0,36.0
194,349290,1966,11,12,56.7,72.0,46.0
195,349290,1966,11,18,54.6,68.0,43.0
196,349290,1966,11,19,55.8,72.0,45.0
197,349290,1966,11,20,49.6,64.0,39.0
198,349290,1966,11,21,48.5,64.0,37.0
199,349290,1966,11,22,48.6,64.0,41.0
200,349290,1966,11,25,42.5,54.0,32.0
201,349290,1966,12,7,36.9,39.0,30.0
202,349290,1966,12,14,45.9,55.0,39.0
203,349290,1966,12,19,27.0,30.0,25.0
204,349290,1966,12,20,29.3,32.0,28.0
205,349290,1966,12,21,30.5,32.0,28.0
206,349290,1966,12,29,24.9,28.0,21.0
207,349290,1966,2,18,44.1,48.0,39.0
208,349290,1966,4,1,53.2,68.0,43.0
209,349290,1966,1,8,38.4,46.0,36.0
210,349290,1966,1,23,45.0,50.0,39.0
211,349290,1966,1,24,47.0,63.0,43.0
212,349290,1966,11,11,54.4,61.0,36.0
213,349290,1966,7,26,79.3,86.0,70.0
214,349290,1966,9,5,67.0,73.0,63.0
215,349290,1966,4,7,54.0,70.0,45.0
216,349290,1966,4,13,53.9,61.0,50.0
217,349290,1966,6,29,69.1,79.0,64.0
218,349290,1966,11,29,47.8,55.0,39.0
219,349290,1966,12,13,45.0,50.0,43.0
220,349290,1966,1,2,47.6,54.0,45.0
221,349290,1966,1,4,45.2,52.0,43.0
222,349290,1966,1,20,44.1,55.0,39.0
223,349290,1966,1,21,50.8,57.0,43.0
224,349290,1966,1,31,29.6,32.0,25.0
225,349290,1966,2,7,42.3,46.0,34.0
226,349290,1966,3,13,46.6,54.0,43.0
227,349290,1966,3,18,39.0,45.0,37.0
228,349290,1966,4,6,53.5,59.0,46.0
229,349290,1966,4,8,52.1,55.0,50.0
230,349290,1966,4,12,52.2,59.0,45.0
231,349290,1966,5,10,59.6,68.0,52.0
232,349290,1966,5,21,60.1,64.0,55.0
233,349290,1966,8,12,75.1,82.0,68.0
234,349290,1966,8,16,76.1,86.0,70.0
235,349290,1966,10,28,62.1,75.0,52.0
236,349290,1966,3,12,47.3,57.0,41.0
237,349290,1966,5,24,65.5,72.0,50.0
238,349290,1966,9,26,58.3,72.0,46.0
239,349290,1966,12,9,47.3,57.0,41.0
240,349290,1966,12,17,37.4,39.0,37.0
241,349290,1966,12,26,41.5,46.0,36.0
242,349290,1966,1,3,45.7,48.0,45.0
243,349290,1966,1,14,34.9,39.0,30.0
244,349290,1966,1,15,38.9,43.0,36.0
245,349290,1966,1,25,47.7,55.0,43.0
246,349290,1966,1,27,38.5,41.0,37.0
247,349290,1966,3,16,48.1,64.0,41.0
248,349290,1966,3,17,49.7,61.0,45.0
249,349290,1966,4,2,45.7,48.0,45.0
250,349290,1966,4,16,55.6,59.0,54.0
251,349290,1966,4,17,58.3,70.0,52.0
252,349290,1966,5,25,61.1,66.0,59.0
253,349290,1966,5,26,61.3,66.0,57.0
254,349290,1966,6,14,54.7,61.0,50.0
255,349290,1966,6,15,54.4,61.0,52.0
256,349290,1966,6,20,62.6,72.0,57.0
257,349290,1966,7,15,72.1,82.0,66.0
258,349290,1966,8,25,71.3,84.0,64.0
259,349290,1966,9,25,56.1,64.0,46.0
260,349290,1966,12,3,43.5,50.0,36.0
261,349290,1966,12,8,43.0,46.0,39.0
262,349290,1966,12,10,46.6,54.0,45.0
263,349290,1966,2,9,45.3,50.0,34.0
264,349290,1966,2,10,50.0,54.0,48.0
265,349290,1966,2,12,50.1,63.0,41.0
266,349290,1966,2,17,48.2,59.0,43.0
267,349290,1966,3,27,52.3,63.0,41.0
268,349290,1966,4,9,50.2,52.0,48.0
269,349290,1966,4,15,56.3,64.0,43.0
270,349290,1966,4,18,56.0,63.0,54.0
271,349290,1966,4,19,54.4,64.0,50.0
272,349290,1966,5,3,52.5,57.0,50.0
273,349290,1966,5,22,60.0,66.0,50.0
274,349290,1966,5,31,64.6,75.0,59.0
275,349290,1966,6,23,65.3,72.0,59.0
276,349290,1966,6,24,65.9,75.0,55.0
277,349290,1966,8,13,71.7,75.0,68.0
278,349290,1966,8,15,78.5,90.0,68.0
279,349290,1966,8,18,76.2,91.0,70.0
280,349290,1966,8,28,65.9,81.0,61.0
281,349290,1966,9,20,53.5,63.0,45.0
282,349290,1966,11,17,50.8,61.0,46.0
283,349290,1966,11,27,45.1,54.0,39.0
284,349290,1966,11,30,50.2,57.0,45.0
285,349290,1966,12,11,45.6,48.0,45.0
286,349290,1966,12,23,38.4,46.0,36.0
287,349290,1966,7,25,79.2,88.0,72.0
288,349290,1966,11,15,52.2,66.0,43.0
289,349290,1966,2,15,50.1,63.0,41.0
290,349290,1966,3,22,40.3,46.0,30.0
291,349290,1966,3,25,51.1,64.0,36.0
292,349290,1966,6,19,65.3,79.0,50.0
293,349290,1966,8,22,74.9,88.0,66.0
294,349290,1966,12,12,46.6,50.0,43.0
295,349290,1966,12,15,52.4,63.0,43.0
296,349290,1966,1,1,49.0,66.0,36.0
297,349290,1966,1,5,44.6,48.0,41.0
298,349290,1966,1,10,35.2,37.0,34.0
299,349290,1966,1,12,35.8,39.0,32.0
300,349290,1966,1,19,41.5,48.0,34.0
301,349290,1966,1,22,50.4,59.0,45.0
302,349290,1966,1,29,36.4,37.0,36.0
303,349290,1966,3,15,48.0,59.0,41.0
304,349290,1966,5,12,68.1,84.0,48.0
305,349290,1966,6,5,73.7,81.0,68.0
306,349290,1966,8,26,71.9,82.0,64.0
307,349290,1966,11,23,46.4,50.0,37.0
308,349290,1966,2,28,43.2,46.0,39.0
309,349290,1966,6,11,62.9,68.0,57.0
310,349290,1966,5,19,67.2,77.0,52.0
311,349290,1966,3,8,39.7,45.0,36.0
312,349290,1966,6,7,72.0,84.0,64.0
313,349290,1966,11,4,36.4,41.0,32.0
314,349290,1966,2,22,46.5,57.0,39.0
315,349290,1966,3,3,44.8,50.0,41.0
316,349290,1966,5,4,55.3,63.0,48.0
317,349290,1966,6,9,72.6,84.0,66.0
318,349290,1966,11,3,49.7,68.0,41.0
319,349290,1966,12,28,30.6,34.0,28.0
320,349290,1966,1,13,34.0,36.0,32.0
321,349290,1966,2,14,49.4,70.0,41.0
322,349290,1966,2,25,53.9,64.0,45.0
323,349290,1966,2,26,45.1,54.0,37.0
324,349290,1966,3,1,41.1,48.0,34.0
325,349290,1966,7,28,72.6,81.0,63.0
326,349290,1966,10,31,56.3,66.0,46.0
327,349290,1966,12,6,41.2,48.0,36.0
328,349290,1966,12,30,23.9,28.0,18.0
329,349290,1966,4,25,66.5,77.0,52.0
330,349290,1966,2,16,48.6,57.0,43.0
331,349290,1966,11,24,43.0,48.0,36.0
332,349290,1966,12,2,40.8,48.0,36.0
333,349290,1966,6,16,57.9,68.0,50.0
334,349290,1966,6,12,58.2,66.0,54.0
335,349290,1966,12,16,46.9,52.0,41.0
336,349290,1966,1,6,43.0,46.0,37.0
337,349290,1966,5,27,64.7,72.0,57.0
338,349290,1966,6,10,65.8,72.0,64.0
339,349290,1966,7,3,71.5,77.0,68.0
340,349290,1966,1,7,38.2,41.0,36.0
341,349290,1966,3,28,42.0,46.0,39.0
342,349290,1966,6,13,55.1,61.0,52.0
343,349290,1966,11,16,50.3,52.0,48.0
344,349290,1966,1,30,31.8,34.0,28.0
345,349290,1966,2,2,41.1,48.0,36.0
346,349290,1966,2,8,47.0,54.0,41.0
347,349290,1966,2,11,42.1,48.0,39.0
348,349290,1966,5,23,61.9,70.0,55.0
349,349290,1966,8,29,62.7,70.0,54.0
350,349290,1966,9,3,66.8,79.0,61.0
351,349290,1966,10,15,48.0,54.0,39.0
352,349290,1966,12,5,44.7,54.0,41.0
353,349290,1966,1,26,41.6,45.0,39.0
354,349290,1966,7,4,68.7,77.0,63.0
355,349290,1966,12,25,42.3,48.0,37.0
356,349290,1966,3,20,36.5,41.0,30.0
357,349290,1966,1,16,35.2,41.0,32.0
358,349290,1966,3,21,33.9,39.0,30.0
359,349290,1966,2,6,16.5,37.0,-13.0
360,349290,1966,2,3,29.2,36.0,23.0
361,349290,1966,2,4,20.3,25.0,16.0
362,349290,1966,2,5,5.6,28.0,-8.0
363,349290,1966,12,18,30.5,34.0,27.0
364,349290,1966,12,27,36.1,43.0,32.0
0,349290,1967,6,4,53.4,59.0,43.0
1,349290,1967,7,31,68.8,84.0,59.0
2,349290,1967,12,24,37.3,39.0,23.0
3,349290,1967,2,22,33.7,50.0,23.0
4,349290,1967,2,27,32.7,39.0,30.0
5,349290,1967,8,7,77.8,91.0,66.0
6,349290,1967,3,10,38.1,46.0,32.0
7,349290,1967,3,21,41.7,54.0,34.0
8,349290,1967,4,7,48.2,59.0,34.0
9,349290,1967,4,8,55.0,68.0,45.0
10,349290,1967,4,17,56.5,63.0,48.0
11,349290,1967,6,19,63.0,70.0,54.0
12,349290,1967,6,24,66.7,75.0,61.0
13,349290,1967,7,7,70.8,79.0,63.0
14,349290,1967,8,3,76.8,86.0,68.0
15,349290,1967,8,9,78.0,90.0,68.0
16,349290,1967,9,23,63.6,77.0,54.0
17,349290,1967,10,30,59.0,75.0,45.0
18,349290,1967,5,15,56.6,73.0,43.0
19,349290,1967,5,23,69.6,77.0,61.0
20,349290,1967,8,15,78.8,91.0,61.0
21,349290,1967,1,26,33.8,41.0,30.0
22,349290,1967,2,2,0.8,9.0,-4.0
23,349290,1967,5,8,66.7,82.0,52.0
24,349290,1967,5,16,67.8,79.0,46.0
25,349290,1967,6,14,73.7,86.0,57.0
26,349290,1967,6,22,65.8,79.0,57.0
27,349290,1967,6,25,69.3,81.0,57.0
28,349290,1967,6,27,73.3,82.0,64.0
29,349290,1967,7,19,70.2,81.0,63.0
30,349290,1967,12,26,46.8,55.0,41.0
31,349290,1967,12,27,47.8,50.0,39.0
32,349290,1967,12,29,42.2,50.0,36.0
33,349290,1967,2,3,4.4,16.0,-4.0
34,349290,1967,2,9,32.6,45.0,25.0
35,349290,1967,2,15,15.1,27.0,7.0
36,349290,1967,2,17,14.3,27.0,1.0
37,349290,1967,2,19,25.4,36.0,12.0
38,349290,1967,2,21,27.6,41.0,18.0
39,349290,1967,3,22,41.4,54.0,28.0
40,349290,1967,3,30,47.0,61.0,34.0
41,349290,1967,4,6,47.3,55.0,34.0
42,349290,1967,4,9,54.4,70.0,39.0
43,349290,1967,4,25,54.7,63.0,50.0
44,349290,1967,4,29,54.9,68.0,48.0
45,349290,1967,5,7,69.9,82.0,57.0
46,349290,1967,5,10,65.6,82.0,52.0
47,349290,1967,5,14,57.1,68.0,48.0
48,349290,1967,5,17,70.2,84.0,52.0
49,349290,1967,5,18,66.9,77.0,54.0
50,349290,1967,5,22,74.7,88.0,59.0
51,349290,1967,5,26,65.8,75.0,59.0
52,349290,1967,6,1,58.2,70.0,50.0
53,349290,1967,6,5,60.4,70.0,48.0
54,349290,1967,6,9,70.7,81.0,54.0
55,349290,1967,6,10,71.3,82.0,55.0
56,349290,1967,6,11,73.3,84.0,54.0
57,349290,1967,6,28,72.0,82.0,61.0
58,349290,1967,6,30,74.6,88.0,63.0
59,349290,1967,7,4,74.0,86.0,64.0
60,349290,1967,7,15,76.3,91.0,64.0
61,349290,1967,7,24,70.0,81.0,59.0
62,349290,1967,7,25,72.1,90.0,57.0
63,349290,1967,8,1,76.7,88.0,59.0
64,349290,1967,8,10,73.4,86.0,66.0
65,349290,1967,8,11,73.1,82.0,64.0
66,349290,1967,8,14,73.6,90.0,63.0
67,349290,1967,8,28,73.4,86.0,61.0
68,349290,1967,8,29,76.0,86.0,66.0
69,349290,1967,9,1,67.7,82.0,54.0
70,349290,1967,9,2,70.7,84.0,55.0
71,349290,1967,9,19,57.1,66.0,52.0
72,349290,1967,10,1,54.0,68.0,46.0
73,349290,1967,10,4,53.3,64.0,41.0
74,349290,1967,10,17,55.1,70.0,45.0
75,349290,1967,10,18,55.1,70.0,43.0
76,349290,1967,10,20,53.9,61.0,50.0
77,349290,1967,10,28,55.9,70.0,45.0
78,349290,1967,12,31,48.6,54.0,43.0
79,349290,1967,1,2,22.6,32.0,14.0
80,349290,1967,1,3,28.6,37.0,21.0
81,349290,1967,1,7,37.0,45.0,32.0
82,349290,1967,1,8,45.4,55.0,34.0
83,349290,1967,1,16,27.6,30.0,27.0
84,349290,1967,2,4,9.1,19.0,-2.0
85,349290,1967,2,10,36.0,46.0,30.0
86,349290,1967,2,11,37.0,43.0,34.0
87,349290,1967,2,18,18.0,30.0,10.0
88,349290,1967,2,20,23.7,34.0,12.0
89,349290,1967,2,25,33.5,41.0,28.0
90,349290,1967,2,28,34.1,50.0,28.0
91,349290,1967,3,8,25.2,36.0,9.0
92,349290,1967,3,9,37.2,43.0,30.0
93,349290,1967,3,11,35.4,43.0,32.0
94,349290,1967,3,12,33.5,45.0,27.0
95,349290,1967,3,13,41.2,55.0,28.0
96,349290,1967,3,15,37.5,41.0,34.0
97,349290,1967,3,19,40.5,50.0,32.0
98,349290,1967,3,20,40.1,52.0,30.0
99,349290,1967,3,24,43.1,50.0,32.0
100,349290,1967,3,31,47.9,64.0,30.0
101,349290,1967,4,1,51.9,72.0,30.0
102,349290,1967,4,2,53.8,70.0,36.0
103,349290,1967,4,5,43.1,50.0,32.0
104,349290,1967,4,10,56.5,70.0,41.0
105,349290,1967,4,11,54.5,66.0,43.0
106,349290,1967,4,12,55.6,72.0,37.0
107,349290,1967,4,13,56.7,72.0,37.0
108,349290,1967,4,14,59.2,73.0,41.0
109,349290,1967,4,15,60.9,77.0,46.0
110,349290,1967,4,18,56.0,64.0,50.0
111,349290,1967,4,19,60.7,73.0,50.0
112,349290,1967,4,22,48.4,55.0,43.0
113,349290,1967,4,23,53.0,63.0,39.0
114,349290,1967,4,24,58.9,73.0,46.0
115,349290,1967,4,28,55.1,64.0,50.0
116,349290,1967,4,30,59.2,72.0,45.0
117,349290,1967,5,1,63.3,77.0,48.0
118,349290,1967,5,5,67.3,79.0,54.0
119,349290,1967,5,6,66.9,79.0,54.0
120,349290,1967,5,9,65.8,81.0,55.0
121,349290,1967,5,11,67.4,79.0,55.0
122,349290,1967,5,20,71.0,84.0,57.0
123,349290,1967,5,21,74.6,88.0,61.0
124,349290,1967,5,25,69.1,81.0,54.0
125,349290,1967,5,27,61.8,72.0,54.0
126,349290,1967,6,6,62.1,75.0,54.0
127,349290,1967,6,8,65.1,75.0,50.0
128,349290,1967,6,12,73.6,86.0,59.0
129,349290,1967,6,21,67.0,79.0,54.0
130,349290,1967,6,26,75.4,86.0,63.0
131,349290,1967,6,29,74.5,86.0,61.0
132,349290,1967,7,2,74.8,86.0,64.0
133,349290,1967,7,3,73.6,84.0,59.0
134,349290,1967,7,5,76.1,88.0,61.0
135,349290,1967,7,8,72.3,82.0,61.0
136,349290,1967,7,12,70.9,84.0,55.0
137,349290,1967,7,13,74.3,88.0,61.0
138,349290,1967,7,14,77.0,90.0,61.0
139,349290,1967,7,17,76.3,88.0,63.0
140,349290,1967,7,18,74.3,86.0,61.0
141,349290,1967,7,20,69.9,81.0,57.0
142,349290,1967,7,21,69.6,79.0,59.0
143,349290,1967,7,29,69.8,79.0,61.0
144,349290,1967,7,30,70.7,82.0,57.0
145,349290,1967,8,2,76.6,90.0,61.0
146,349290,1967,8,6,75.4,90.0,64.0
147,349290,1967,8,12,71.4,82.0,59.0
148,349290,1967,8,13,75.1,88.0,61.0
149,349290,1967,8,16,79.1,95.0,63.0
150,349290,1967,8,18,67.5,77.0,61.0
151,349290,1967,8,23,71.4,82.0,61.0
152,349290,1967,8,24,70.1,81.0,59.0
153,349290,1967,8,27,74.0,86.0,61.0
154,349290,1967,8,31,67.5,79.0,57.0
155,349290,1967,9,3,70.9,82.0,61.0
156,349290,1967,9,6,72.3,86.0,59.0
157,349290,1967,9,8,57.9,70.0,45.0
158,349290,1967,9,9,59.6,75.0,43.0
159,349290,1967,9,10,62.2,73.0,52.0
160,349290,1967,9,11,59.5,73.0,43.0
161,349290,1967,9,12,65.6,82.0,45.0
162,349290,1967,9,13,68.1,90.0,48.0
163,349290,1967,9,14,71.4,82.0,55.0
164,349290,1967,9,15,69.2,82.0,59.0
165,349290,1967,9,16,70.6,82.0,59.0
166,349290,1967,9,20,58.5,72.0,46.0
167,349290,1967,9,24,63.3,79.0,46.0
168,349290,1967,9,26,62.1,72.0,57.0
169,349290,1967,9,28,57.9,68.0,45.0
170,349290,1967,10,3,55.9,66.0,50.0
171,349290,1967,10,5,57.4,70.0,41.0
172,349290,1967,10,6,59.7,77.0,45.0
173,349290,1967,10,7,60.6,79.0,45.0
174,349290,1967,10,9,62.6,72.0,52.0
175,349290,1967,10,12,53.1,64.0,43.0
176,349290,1967,10,13,50.5,61.0,41.0
177,349290,1967,10,14,50.2,64.0,36.0
178,349290,1967,10,15,52.2,68.0,36.0
179,349290,1967,10,16,56.4,73.0,41.0
180,349290,1967,10,19,59.2,75.0,43.0
181,349290,1967,10,22,47.3,63.0,32.0
182,349290,1967,10,23,53.0,70.0,39.0
183,349290,1967,10,24,52.4,68.0,37.0
184,349290,1967,10,25,49.8,68.0,36.0
185,349290,1967,10,26,54.0,72.0,39.0
186,349290,1967,10,27,59.0,73.0,46.0
187,349290,1967,10,29,60.9,72.0,52.0
188,349290,1967,11,1,60.9,75.0,52.0
189,349290,1967,11,3,58.1,72.0,46.0
190,349290,1967,11,5,56.9,66.0,46.0
191,349290,1967,11,6,57.4,68.0,50.0
192,349290,1967,11,7,55.4,66.0,46.0
193,349290,1967,11,8,55.7,63.0,50.0
194,349290,1967,11,11,49.6,57.0,43.0
195,349290,1967,11,16,40.6,57.0,28.0
196,349290,1967,11,25,35.6,37.0,32.0
197,349290,1967,11,27,32.1,39.0,27.0
198,349290,1967,11,30,34.5,43.0,32.0
199,349290,1967,8,30,69.5,79.0,57.0
200,349290,1967,5,19,69.7,79.0,61.0
201,349290,1967,9,21,59.4,72.0,50.0
202,349290,1967,10,8,63.1,77.0,48.0
203,349290,1967,3,28,39.9,43.0,37.0
204,349290,1967,2,24,35.4,43.0,32.0
205,349290,1967,3,14,43.0,54.0,32.0
206,349290,1967,8,21,67.7,79.0,63.0
207,349290,1967,12,28,49.2,54.0,45.0
208,349290,1967,2,23,38.9,46.0,32.0
209,349290,1967,6,2,58.2,68.0,52.0
210,349290,1967,11,13,51.7,61.0,43.0
211,349290,1967,11,29,37.0,46.0,34.0
212,349290,1967,1,23,33.0,39.0,32.0
213,349290,1967,4,26,51.1,55.0,48.0
214,349290,1967,5,4,63.0,68.0,61.0
215,349290,1967,8,19,71.5,81.0,63.0
216,349290,1967,9,5,67.9,81.0,59.0
217,349290,1967,11,12,51.1,63.0,45.0
218,349290,1967,11,14,44.1,50.0,37.0
219,349290,1967,11,28,35.2,41.0,28.0
220,349290,1967,12,9,49.1,61.0,39.0
221,349290,1967,1,27,37.7,48.0,28.0
222,349290,1967,6,7,58.9,70.0,46.0
223,349290,1967,1,5,40.6,57.0,34.0
224,349290,1967,1,10,44.7,55.0,34.0
225,349290,1967,3,3,36.1,41.0,32.0
226,349290,1967,4,21,44.1,46.0,43.0
227,349290,1967,5,30,58.7,63.0,54.0
228,349290,1967,6,23,66.1,75.0,61.0
229,349290,1967,8,22,69.3,82.0,61.0
230,349290,1967,8,26,72.6,82.0,63.0
231,349290,1967,9,22,61.9,75.0,54.0
232,349290,1967,9,29,57.1,66.0,50.0
233,349290,1967,10,10,57.3,59.0,57.0
234,349290,1967,11,23,29.0,36.0,18.0
235,349290,1967,11,24,37.7,43.0,30.0
236,349290,1967,12,7,49.1,55.0,43.0
237,349290,1967,12,17,30.9,32.0,25.0
238,349290,1967,1,4,32.7,45.0,21.0
239,349290,1967,2,6,35.7,41.0,32.0
240,349290,1967,3,26,37.4,39.0,36.0
241,349290,1967,3,27,39.4,46.0,36.0
242,349290,1967,4,27,51.2,55.0,48.0
243,349290,1967,5,2,65.6,79.0,52.0
244,349290,1967,5,3,64.2,75.0,52.0
245,349290,1967,5,12,62.4,72.0,57.0
246,349290,1967,5,29,57.3,61.0,55.0
247,349290,1967,6,17,65.0,73.0,59.0
248,349290,1967,6,20,63.9,73.0,54.0
249,349290,1967,7,9,73.1,82.0,61.0
250,349290,1967,7,10,69.5,77.0,64.0
251,349290,1967,7,11,69.1,79.0,63.0
252,349290,1967,7,16,74.3,86.0,66.0
253,349290,1967,7,22,70.4,82.0,57.0
254,349290,1967,7,27,68.9,79.0,59.0
255,349290,1967,8,5,77.0,91.0,64.0
256,349290,1967,8,8,80.2,93.0,68.0
257,349290,1967,8,25,71.4,84.0,63.0
258,349290,1967,9,4,68.5,79.0,59.0
259,349290,1967,9,18,58.4,64.0,54.0
260,349290,1967,11,17,49.7,61.0,36.0
261,349290,1967,11,19,46.9,52.0,34.0
262,349290,1967,12,1,40.3,48.0,30.0
263,349290,1967,12,5,41.0,43.0,34.0
264,349290,1967,12,12,40.4,52.0,34.0
265,349290,1967,12,30,45.0,48.0,41.0
266,349290,1967,3,23,38.3,48.0,34.0
267,349290,1967,3,1,41.7,57.0,30.0
268,349290,1967,7,6,70.7,79.0,64.0
269,349290,1967,11,2,58.7,72.0,50.0
270,349290,1967,1,12,35.6,43.0,28.0
271,349290,1967,3,29,44.3,52.0,37.0
272,349290,1967,4,16,61.6,73.0,48.0
273,349290,1967,5,24,64.9,75.0,55.0
274,349290,1967,5,28,60.0,68.0,54.0
275,349290,1967,6,13,71.1,81.0,61.0
276,349290,1967,6,15,73.6,90.0,61.0
277,349290,1967,7,1,76.1,90.0,63.0
278,349290,1967,7,28,68.6,81.0,59.0
279,349290,1967,9,17,69.2,82.0,57.0
280,349290,1967,9,25,63.6,81.0,50.0
281,349290,1967,10,2,54.9,68.0,39.0
282,349290,1967,10,21,48.6,57.0,43.0
283,349290,1967,10,31,59.6,72.0,46.0
284,349290,1967,12,10,54.4,64.0,43.0
285,349290,1967,12,25,43.8,48.0,39.0
286,349290,1967,8,4,80.3,90.0,66.0
287,349290,1967,2,14,15.0,25.0,9.0
288,349290,1967,8,17,72.1,82.0,63.0
289,349290,1967,11,15,41.0,46.0,32.0
290,349290,1967,12,11,41.5,46.0,34.0
291,349290,1967,5,13,60.7,68.0,54.0
292,349290,1967,1,1,24.0,27.0,19.0
293,349290,1967,9,7,61.2,73.0,54.0
294,349290,1967,9,30,55.2,61.0,50.0
295,349290,1967,11,9,52.6,66.0,48.0
296,349290,1967,11,10,52.4,63.0,46.0
297,349290,1967,12,15,20.0,25.0,16.0
298,349290,1967,11,4,59.8,72.0,54.0
299,349290,1967,7,23,64.5,70.0,61.0
300,349290,1967,8,20,68.4,77.0,64.0
301,349290,1967,11,18,45.0,57.0,36.0
302,349290,1967,1,9,45.4,50.0,41.0
303,349290,1967,10,11,55.8,61.0,48.0
304,349290,1967,11,20,40.0,43.0,37.0
305,349290,1967,12,8,48.0,57.0,39.0
306,349290,1967,12,13,43.9,55.0,30.0
307,349290,1967,1,6,36.2,41.0,32.0
308,349290,1967,3,2,38.8,48.0,34.0
309,349290,1967,6,16,69.7,77.0,63.0
310,349290,1967,6,3,55.1,64.0,50.0
311,349290,1967,1,22,36.3,41.0,32.0
312,349290,1967,3,25,40.3,43.0,37.0
313,349290,1967,4,3,46.0,50.0,41.0
314,349290,1967,4,20,49.5,55.0,43.0
315,349290,1967,5,31,57.6,66.0,50.0
316,349290,1967,7,26,70.5,81.0,63.0
317,349290,1967,9,27,59.0,68.0,50.0
318,349290,1967,6,18,61.3,68.0,55.0
319,349290,1967,3,17,32.0,36.0,30.0
320,349290,1967,1,20,21.2,25.0,14.0
321,349290,1967,1,18,24.7,32.0,23.0
322,349290,1967,12,18,34.0,36.0,27.0
323,349290,1967,12,23,19.9,30.0,12.0
324,349290,1967,1,17,28.3,32.0,27.0
325,349290,1967,1,30,29.6,36.0,21.0
326,349290,1967,2,16,17.4,32.0,9.0
327,349290,1967,3,18,34.9,43.0,30.0
328,349290,1967,1,24,36.6,46.0,32.0
329,349290,1967,2,26,30.9,37.0,28.0
330,349290,1967,3,4,33.4,36.0,32.0
331,349290,1967,1,21,29.0,34.0,21.0
332,349290,1967,2,5,27.0,37.0,9.0
333,349290,1967,2,7,31.0,32.0,30.0
334,349290,1967,3,16,33.5,36.0,32.0
335,349290,1967,12,21,31.2,36.0,23.0
336,349290,1967,1,14,30.3,32.0,28.0
337,349290,1967,1,15,32.0,34.0,30.0
338,349290,1967,1,25,31.8,36.0,30.0
339,349290,1967,2,8,35.1,41.0,30.0
340,349290,1967,3,5,32.0,34.0,30.0
341,349290,1967,12,2,35.5,39.0,32.0
342,349290,1967,12,4,34.2,36.0,30.0
343,349290,1967,12,6,44.2,52.0,36.0
344,349290,1967,12,19,32.2,37.0,27.0
345,349290,1967,12,16,20.2,27.0,14.0
346,349290,1967,1,29,25.7,30.0,23.0
347,349290,1967,12,22,20.5,28.0,14.0
348,349290,1967,1,31,13.3,25.0,7.0
349,349290,1967,1,19,20.9,25.0,16.0
350,349290,1967,2,1,3.6,10.0,-2.0
351,349290,1967,2,13,22.5,30.0,18.0
352,349290,1967,3,6,24.9,30.0,21.0
353,349290,1967,3,7,21.1,28.0,12.0
354,349290,1967,11,22,28.3,32.0,21.0
355,349290,1967,12,14,25.0,28.0,18.0
356,349290,1967,12,20,28.0,32.0,23.0
357,349290,1967,11,26,32.8,36.0,30.0
358,349290,1967,1,11,32.9,45.0,30.0
359,349290,1967,1,13,36.6,45.0,32.0
360,349290,1967,2,12,35.7,43.0,32.0
361,349290,1967,12,3,34.3,39.0,32.0
362,349290,1967,1,28,38.3,43.0,32.0
363,349290,1967,4,4,38.9,41.0,36.0
364,349290,1967,11,21,34.6,39.0,32.0
0,349290,1968,8,5,70.7,82.0,61.0
1,349290,1968,6,19,67.0,79.0,61.0
2,349290,1968,2,24,44.2,57.0,30.0
3,349290,1968,1,6,32.8,36.0,30.0
4,349290,1968,3,8,37.4,50.0,32.0
5,349290,1968,1,12,31.5,39.0,23.0
6,349290,1968,10,1,59.8,68.0,54.0
7,349290,1968,2,8,24.8,28.0,19.0
8,349290,1968,2,17,44.8,57.0,34.0
9,349290,1968,3,4,35.0,48.0,32.0
10,349290,1968,3,30,52.7,59.0,41.0
11,349290,1968,4,17,54.2,64.0,39.0
12,349290,1968,4,21,53.8,68.0,41.0
13,349290,1968,5,8,72.3,81.0,54.0
14,349290,1968,5,9,73.3,86.0,55.0
15,349290,1968,5,28,61.3,73.0,54.0
16,349290,1968,6,9,66.9,84.0,54.0
17,349290,1968,6,13,68.7,81.0,61.0
18,349290,1968,6,18,68.0,81.0,61.0
19,349290,1968,6,21,72.7,86.0,57.0
20,349290,1968,7,11,67.7,73.0,61.0
21,349290,1968,7,29,78.0,90.0,68.0
22,349290,1968,10,27,39.8,55.0,28.0
23,349290,1968,11,1,45.5,57.0,39.0
24,349290,1968,11,4,42.2,61.0,28.0
25,349290,1968,12,16,16.5,21.0,12.0
26,349290,1968,1,18,27.0,30.0,25.0
27,349290,1968,2,21,30.4,32.0,30.0
28,349290,1968,11,13,43.0,45.0,41.0
29,349290,1968,3,2,36.5,39.0,34.0
30,349290,1968,6,3,67.8,75.0,59.0
31,349290,1968,2,1,33.0,39.0,27.0
32,349290,1968,2,12,32.8,43.0,27.0
33,349290,1968,5,5,63.6,72.0,59.0
34,349290,1968,7,1,60.0,72.0,54.0
35,349290,1968,8,1,65.7,75.0,59.0
36,349290,1968,12,31,35.8,37.0,34.0
37,349290,1968,1,1,47.3,57.0,37.0
38,349290,1968,4,24,55.0,68.0,46.0
39,349290,1968,2,2,31.3,36.0,28.0
40,349290,1968,8,18,69.5,81.0,55.0
41,349290,1968,8,31,71.0,84.0,63.0
42,349290,1968,9,14,60.0,72.0,54.0
43,349290,1968,1,2,46.2,57.0,39.0
44,349290,1968,1,16,28.4,39.0,12.0
45,349290,1968,1,21,4.6,9.0,0.0
46,349290,1968,2,10,17.0,21.0,14.0
47,349290,1968,2,27,28.0,30.0,27.0
48,349290,1968,5,18,67.6,79.0,57.0
49,349290,1968,1,19,27.7,32.0,27.0
50,349290,1968,1,22,19.1,39.0,7.0
51,349290,1968,1,29,29.9,34.0,27.0
52,349290,1968,2,3,27.4,32.0,25.0
53,349290,1968,2,5,27.6,39.0,19.0
54,349290,1968,2,6,30.3,45.0,21.0
55,349290,1968,2,7,28.4,41.0,21.0
56,349290,1968,2,11,21.9,32.0,12.0
57,349290,1968,2,22,32.0,43.0,23.0
58,349290,1968,2,25,46.4,54.0,39.0
59,349290,1968,2,28,29.4,37.0,19.0
60,349290,1968,3,3,35.1,39.0,32.0
61,349290,1968,3,7,37.9,48.0,28.0
62,349290,1968,3,11,48.7,59.0,37.0
63,349290,1968,3,18,46.6,55.0,39.0
64,349290,1968,4,2,53.4,64.0,43.0
65,349290,1968,4,8,62.6,77.0,43.0
66,349290,1968,4,15,49.0,59.0,41.0
67,349290,1968,4,16,49.4,59.0,36.0
68,349290,1968,4,20,50.4,61.0,37.0
69,349290,1968,4,25,52.2,68.0,37.0
70,349290,1968,4,30,65.0,79.0,45.0
71,349290,1968,5,1,67.9,82.0,43.0
72,349290,1968,5,2,63.6,81.0,46.0
73,349290,1968,5,12,71.0,84.0,61.0
74,349290,1968,5,30,66.0,75.0,52.0
75,349290,1968,6,1,67.4,84.0,54.0
76,349290,1968,6,7,64.5,75.0,46.0
77,349290,1968,6,10,74.7,86.0,55.0
78,349290,1968,6,16,72.4,82.0,64.0
79,349290,1968,6,20,70.3,84.0,59.0
80,349290,1968,6,24,70.4,79.0,55.0
81,349290,1968,6,29,78.3,88.0,63.0
82,349290,1968,7,6,72.7,88.0,61.0
83,349290,1968,7,8,79.6,91.0,64.0
84,349290,1968,7,12,67.7,81.0,54.0
85,349290,1968,7,15,72.9,86.0,59.0
86,349290,1968,7,16,75.8,90.0,61.0
87,349290,1968,7,18,75.7,91.0,61.0
88,349290,1968,7,27,79.9,93.0,72.0
89,349290,1968,8,4,70.6,81.0,55.0
90,349290,1968,8,21,72.9,88.0,61.0
91,349290,1968,8,24,76.4,88.0,66.0
92,349290,1968,8,28,74.7,90.0,66.0
93,349290,1968,9,1,69.0,86.0,59.0
94,349290,1968,9,4,70.6,81.0,64.0
95,349290,1968,9,9,65.0,81.0,52.0
96,349290,1968,9,10,55.0,64.0,46.0
97,349290,1968,9,12,60.1,73.0,45.0
98,349290,1968,9,16,64.7,81.0,50.0
99,349290,1968,9,18,70.7,88.0,57.0
100,349290,1968,9,23,69.7,79.0,57.0
101,349290,1968,10,9,59.3,64.0,54.0
102,349290,1968,10,15,59.0,72.0,50.0
103,349290,1968,10,16,60.6,72.0,48.0
104,349290,1968,10,22,42.1,45.0,39.0
105,349290,1968,10,23,43.6,57.0,32.0
106,349290,1968,11,2,39.3,48.0,36.0
107,349290,1968,11,6,44.0,63.0,30.0
108,349290,1968,11,7,44.0,63.0,30.0
109,349290,1968,11,11,47.5,52.0,46.0
110,349290,1968,12,13,11.1,21.0,7.0
111,349290,1968,12,21,31.2,41.0,27.0
112,349290,1968,12,26,37.0,46.0,34.0
113,349290,1968,1,31,35.1,45.0,30.0
114,349290,1968,2,29,34.6,41.0,32.0
115,349290,1968,9,25,69.0,82.0,59.0
116,349290,1968,1,7,34.6,46.0,28.0
117,349290,1968,10,3,62.3,73.0,54.0
118,349290,1968,1,4,49.9,59.0,46.0
119,349290,1968,7,2,64.6,72.0,55.0
120,349290,1968,9,3,73.7,88.0,64.0
121,349290,1968,9,24,68.3,79.0,57.0
122,349290,1968,9,29,58.0,64.0,54.0
123,349290,1968,10,5,56.1,61.0,54.0
124,349290,1968,10,17,63.0,72.0,57.0
125,349290,1968,10,19,53.6,68.0,46.0
126,349290,1968,11,15,41.3,45.0,39.0
127,349290,1968,11,25,49.2,61.0,45.0
128,349290,1968,12,8,36.1,43.0,32.0
129,349290,1968,12,9,34.0,36.0,32.0
130,349290,1968,12,18,38.1,46.0,19.0
131,349290,1968,3,5,43.0,54.0,28.0
132,349290,1968,3,20,44.0,50.0,32.0
133,349290,1968,11,24,45.6,50.0,41.0
134,349290,1968,7,24,73.9,82.0,64.0
135,349290,1968,10,18,56.3,59.0,54.0
136,349290,1968,1,10,16.2,28.0,3.0
137,349290,1968,1,14,22.6,28.0,19.0
138,349290,1968,3,31,51.0,61.0,45.0
139,349290,1968,5,21,65.0,75.0,55.0
140,349290,1968,6,4,63.7,75.0,55.0
141,349290,1968,6,5,55.0,66.0,46.0
142,349290,1968,9,15,65.6,77.0,57.0
143,349290,1968,10,29,38.9,43.0,36.0
144,349290,1968,12,3,31.7,36.0,28.0
145,349290,1968,12,22,32.8,43.0,27.0
146,349290,1968,12,29,42.4,52.0,37.0
147,349290,1968,12,2,33.7,36.0,30.0
148,349290,1968,6,23,67.0,73.0,59.0
149,349290,1968,11,26,45.7,50.0,43.0
150,349290,1968,1,5,39.8,50.0,34.0
151,349290,1968,1,17,33.1,36.0,28.0
152,349290,1968,2,26,45.0,57.0,34.0
153,349290,1968,3,12,34.9,48.0,25.0
154,349290,1968,7,30,74.7,82.0,64.0
155,349290,1968,9,28,56.3,63.0,54.0
156,349290,1968,3,14,26.9,34.0,18.0
157,349290,1968,2,15,34.8,43.0,27.0
158,349290,1968,2,18,49.1,63.0,39.0
159,349290,1968,4,5,60.3,75.0,50.0
160,349290,1968,8,22,72.6,84.0,63.0
161,349290,1968,10,13,59.1,66.0,52.0
162,349290,1968,1,8,34.7,37.0,34.0
163,349290,1968,1,11,12.9,25.0,-6.0
164,349290,1968,1,15,18.9,28.0,14.0
165,349290,1968,1,26,25.9,34.0,14.0
166,349290,1968,1,28,36.7,43.0,34.0
167,349290,1968,1,30,34.4,41.0,27.0
168,349290,1968,2,4,26.7,30.0,23.0
169,349290,1968,2,14,30.0,34.0,25.0
170,349290,1968,2,16,36.5,48.0,28.0
171,349290,1968,2,23,39.0,54.0,28.0
172,349290,1968,3,9,36.5,45.0,30.0
173,349290,1968,3,13,28.1,34.0,23.0
174,349290,1968,3,16,37.3,48.0,30.0
175,349290,1968,3,17,40.5,52.0,28.0
176,349290,1968,3,21,39.9,50.0,32.0
177,349290,1968,3,22,42.8,55.0,28.0
178,349290,1968,3,23,47.1,63.0,30.0
179,349290,1968,3,24,48.1,64.0,32.0
180,349290,1968,3,25,46.0,61.0,32.0
181,349290,1968,3,26,47.8,64.0,36.0
182,349290,1968,3,27,50.9,66.0,34.0
183,349290,1968,3,28,51.3,66.0,34.0
184,349290,1968,3,29,51.1,66.0,37.0
185,349290,1968,4,1,49.1,68.0,36.0
186,349290,1968,4,3,53.6,68.0,37.0
187,349290,1968,4,4,60.6,73.0,48.0
188,349290,1968,4,6,60.5,75.0,45.0
189,349290,1968,4,7,58.5,75.0,43.0
190,349290,1968,4,9,62.8,79.0,45.0
191,349290,1968,4,12,50.0,59.0,41.0
192,349290,1968,4,18,51.1,61.0,45.0
193,349290,1968,4,19,46.9,55.0,36.0
194,349290,1968,4,22,52.4,63.0,43.0
195,349290,1968,4,23,56.4,70.0,41.0
196,349290,1968,4,26,57.5,68.0,52.0
197,349290,1968,4,27,58.2,73.0,39.0
198,349290,1968,4,28,61.6,81.0,39.0
199,349290,1968,4,29,62.3,79.0,43.0
200,349290,1968,5,3,65.3,81.0,46.0
201,349290,1968,5,13,73.7,86.0,59.0
202,349290,1968,5,14,74.3,90.0,57.0
203,349290,1968,5,15,71.0,84.0,57.0
204,349290,1968,5,16,68.6,82.0,61.0
205,349290,1968,5,22,67.6,82.0,48.0
206,349290,1968,5,23,73.1,88.0,57.0
207,349290,1968,5,24,73.2,86.0,63.0
208,349290,1968,5,25,73.4,82.0,63.0
209,349290,1968,5,26,69.9,79.0,61.0
210,349290,1968,5,27,63.9,73.0,55.0
211,349290,1968,5,29,63.4,75.0,52.0
212,349290,1968,5,31,66.2,79.0,50.0
213,349290,1968,6,6,58.3,70.0,46.0
214,349290,1968,6,8,66.9,81.0,48.0
215,349290,1968,6,11,74.8,88.0,57.0
216,349290,1968,6,15,63.6,73.0,50.0
217,349290,1968,6,25,70.6,82.0,55.0
218,349290,1968,6,26,74.9,88.0,61.0
219,349290,1968,6,27,75.9,93.0,64.0
220,349290,1968,6,28,74.9,90.0,66.0
221,349290,1968,7,5,67.9,79.0,54.0
222,349290,1968,7,9,78.9,93.0,64.0
223,349290,1968,7,13,70.0,82.0,57.0
224,349290,1968,7,14,70.4,86.0,52.0
225,349290,1968,7,17,78.4,91.0,66.0
226,349290,1968,7,19,82.1,99.0,63.0
227,349290,1968,7,20,75.0,82.0,66.0
228,349290,1968,7,23,76.6,90.0,59.0
229,349290,1968,7,25,72.3,84.0,57.0
230,349290,1968,7,26,79.6,90.0,68.0
231,349290,1968,7,28,79.9,91.0,68.0
232,349290,1968,8,7,70.5,81.0,63.0
233,349290,1968,8,8,71.6,79.0,66.0
234,349290,1968,8,9,73.0,82.0,64.0
235,349290,1968,8,10,72.1,82.0,61.0
236,349290,1968,8,12,68.9,79.0,61.0
237,349290,1968,8,17,69.4,81.0,61.0
238,349290,1968,8,19,72.6,86.0,57.0
239,349290,1968,8,20,74.8,88.0,59.0
240,349290,1968,8,23,73.4,84.0,63.0
241,349290,1968,8,25,76.1,86.0,66.0
242,349290,1968,8,26,76.9,90.0,64.0
243,349290,1968,8,27,77.4,90.0,66.0
244,349290,1968,8,29,76.4,91.0,63.0
245,349290,1968,9,2,75.5,88.0,61.0
246,349290,1968,9,6,72.0,79.0,61.0
247,349290,1968,9,8,68.8,79.0,55.0
248,349290,1968,9,11,58.3,70.0,46.0
249,349290,1968,9,13,63.7,75.0,50.0
250,349290,1968,9,17,69.9,82.0,57.0
251,349290,1968,9,19,75.2,95.0,55.0
252,349290,1968,9,20,77.2,93.0,66.0
253,349290,1968,9,21,73.6,90.0,57.0
254,349290,1968,10,2,61.9,75.0,50.0
255,349290,1968,10,6,54.1,63.0,46.0
256,349290,1968,10,7,55.6,68.0,46.0
257,349290,1968,10,8,54.6,61.0,48.0
258,349290,1968,10,10,58.0,72.0,48.0
259,349290,1968,10,11,59.5,72.0,50.0
260,349290,1968,10,14,58.1,66.0,48.0
261,349290,1968,10,21,42.3,48.0,37.0
262,349290,1968,10,24,49.1,63.0,36.0
263,349290,1968,10,28,43.7,55.0,32.0
264,349290,1968,10,30,42.0,55.0,32.0
265,349290,1968,11,5,42.6,61.0,32.0
266,349290,1968,11,10,45.6,46.0,45.0
267,349290,1968,11,17,45.0,50.0,41.0
268,349290,1968,11,19,53.8,66.0,46.0
269,349290,1968,11,22,34.0,45.0,30.0
270,349290,1968,11,29,34.5,37.0,32.0
271,349290,1968,11,30,38.9,48.0,36.0
272,349290,1968,12,5,32.7,36.0,32.0
273,349290,1968,12,6,32.5,36.0,32.0
274,349290,1968,12,7,32.7,36.0,30.0
275,349290,1968,12,10,26.1,32.0,23.0
276,349290,1968,12,11,7.0,18.0,3.0
277,349290,1968,12,12,9.5,16.0,1.0
278,349290,1968,12,14,10.9,23.0,3.0
279,349290,1968,12,15,13.9,23.0,3.0
280,349290,1968,12,17,17.5,25.0,5.0
281,349290,1968,12,20,36.4,48.0,30.0
282,349290,1968,12,23,32.6,39.0,28.0
283,349290,1968,12,25,38.4,48.0,32.0
284,349290,1968,1,25,21.2,25.0,18.0
285,349290,1968,12,4,32.2,34.0,27.0
286,349290,1968,7,31,69.9,79.0,59.0
287,349290,1968,1,27,41.1,46.0,28.0
288,349290,1968,8,6,69.4,77.0,64.0
289,349290,1968,9,26,69.0,79.0,61.0
290,349290,1968,11,12,43.9,46.0,41.0
291,349290,1968,11,28,37.0,39.0,36.0
292,349290,1968,12,1,41.0,48.0,36.0
293,349290,1968,1,3,45.5,54.0,34.0
294,349290,1968,1,23,32.4,36.0,16.0
295,349290,1968,3,1,34.2,37.0,30.0
296,349290,1968,3,6,35.0,36.0,34.0
297,349290,1968,3,10,40.0,46.0,36.0
298,349290,1968,3,15,36.1,39.0,30.0
299,349290,1968,3,19,48.0,52.0,45.0
300,349290,1968,4,10,56.5,73.0,45.0
301,349290,1968,4,11,43.5,45.0,43.0
302,349290,1968,4,13,51.5,61.0,48.0
303,349290,1968,4,14,48.5,57.0,43.0
304,349290,1968,5,4,69.1,86.0,50.0
305,349290,1968,5,6,61.9,70.0,59.0
306,349290,1968,5,7,66.5,77.0,57.0
307,349290,1968,5,10,71.9,84.0,59.0
308,349290,1968,5,17,67.9,77.0,57.0
309,349290,1968,5,19,67.9,81.0,57.0
310,349290,1968,5,20,66.5,75.0,59.0
311,349290,1968,6,2,70.9,84.0,55.0
312,349290,1968,6,12,73.4,88.0,61.0
313,349290,1968,6,17,67.3,75.0,63.0
314,349290,1968,6,22,68.9,82.0,63.0
315,349290,1968,7,4,63.5,72.0,57.0
316,349290,1968,7,7,75.4,91.0,64.0
317,349290,1968,7,21,72.1,82.0,63.0
318,349290,1968,7,22,72.0,82.0,59.0
319,349290,1968,8,11,66.1,75.0,63.0
320,349290,1968,8,14,69.3,82.0,63.0
321,349290,1968,8,15,67.5,77.0,61.0
322,349290,1968,8,16,68.6,79.0,63.0
323,349290,1968,8,30,70.1,82.0,61.0
324,349290,1968,9,5,70.2,79.0,64.0
325,349290,1968,9,7,67.6,77.0,61.0
326,349290,1968,9,30,57.4,63.0,54.0
327,349290,1968,10,4,59.8,68.0,55.0
328,349290,1968,10,12,57.9,68.0,52.0
329,349290,1968,10,25,54.1,63.0,43.0
330,349290,1968,10,31,45.4,50.0,39.0
331,349290,1968,11,9,41.2,45.0,37.0
332,349290,1968,11,16,41.5,46.0,37.0
333,349290,1968,11,23,40.2,48.0,32.0
334,349290,1968,12,24,32.9,37.0,28.0
335,349290,1968,12,27,37.6,43.0,34.0
336,349290,1968,12,28,41.9,48.0,36.0
337,349290,1968,12,30,37.5,41.0,32.0
338,349290,1968,5,11,73.1,84.0,63.0
339,349290,1968,7,3,65.5,75.0,59.0
340,349290,1968,8,13,69.9,79.0,61.0
341,349290,1968,9,22,67.9,75.0,64.0
342,349290,1968,11,3,40.0,55.0,32.0
343,349290,1968,11,14,43.9,46.0,41.0
344,349290,1968,11,18,48.5,54.0,45.0
345,349290,1968,1,20,18.4,25.0,7.0
346,349290,1968,1,24,29.5,36.0,23.0
347,349290,1968,2,9,25.9,30.0,19.0
348,349290,1968,7,10,72.6,81.0,63.0
349,349290,1968,10,26,40.4,48.0,32.0
350,349290,1968,11,20,42.1,52.0,36.0
351,349290,1968,11,21,35.5,43.0,32.0
352,349290,1968,12,19,41.0,57.0,34.0
353,349290,1968,1,9,44.5,63.0,25.0
354,349290,1968,1,13,42.9,54.0,30.0
355,349290,1968,2,13,31.6,34.0,27.0
356,349290,1968,2,19,48.8,59.0,37.0
357,349290,1968,2,20,31.8,34.0,30.0
358,349290,1968,6,14,59.2,64.0,54.0
359,349290,1968,6,30,70.4,81.0,61.0
360,349290,1968,8,2,64.0,72.0,57.0
361,349290,1968,8,3,64.2,68.0,61.0
362,349290,1968,9,27,62.7,72.0,54.0
363,349290,1968,10,20,50.0,57.0,45.0
364,349290,1968,11,8,46.4,54.0,39.0
365,349290,1968,11,27,42.0,45.0,37.0
0,349290,1969,5,20,66.2,75.0,55.0
1,349290,1969,6,9,79.5,91.0,64.0
2,349290,1969,6,13,71.7,77.0,61.0
3,349290,1969,7,4,69.8,77.0,59.0
4,349290,1969,7,23,72.7,81.0,57.0
5,349290,1969,8,15,76.0,86.0,59.0
6,349290,1969,4,8,43.0,50.0,36.0
7,349290,1969,1,14,25.0,30.0,21.0
8,349290,1969,2,1,38.1,43.0,30.0
9,349290,1969,4,10,44.5,57.0,36.0
10,349290,1969,11,1,45.0,54.0,37.0
11,349290,1969,4,11,48.9,57.0,39.0
12,349290,1969,5,16,62.7,68.0,50.0
13,349290,1969,5,18,69.8,81.0,55.0
14,349290,1969,5,24,59.8,66.0,45.0
15,349290,1969,5,27,55.3,64.0,39.0
16,349290,1969,5,30,65.3,75.0,48.0
17,349290,1969,5,31,66.7,77.0,52.0
18,349290,1969,6,2,74.8,84.0,59.0
19,349290,1969,6,12,73.2,81.0,63.0
20,349290,1969,6,14,72.0,77.0,61.0
21,349290,1969,6,15,73.0,84.0,57.0
22,349290,1969,6,16,75.7,90.0,57.0
23,349290,1969,6,18,78.3,88.0,63.0
24,349290,1969,6,22,73.5,81.0,61.0
25,349290,1969,6,26,75.7,84.0,63.0
26,349290,1969,6,28,73.5,79.0,61.0
27,349290,1969,7,1,69.3,77.0,54.0
28,349290,1969,7,2,72.2,81.0,57.0
29,349290,1969,7,3,73.3,82.0,61.0
30,349290,1969,7,6,72.5,79.0,63.0
31,349290,1969,7,8,78.8,90.0,61.0
32,349290,1969,7,9,82.0,95.0,63.0
33,349290,1969,7,11,79.2,86.0,66.0
34,349290,1969,7,17,66.7,75.0,52.0
35,349290,1969,7,19,70.5,77.0,61.0
36,349290,1969,7,20,69.8,79.0,59.0
37,349290,1969,7,25,78.3,86.0,64.0
38,349290,1969,7,26,81.0,91.0,66.0
39,349290,1969,7,28,75.0,82.0,63.0
40,349290,1969,8,1,74.0,86.0,59.0
41,349290,1969,8,2,78.3,90.0,61.0
42,349290,1969,8,3,77.0,84.0,64.0
43,349290,1969,8,4,67.5,73.0,61.0
44,349290,1969,8,5,64.8,73.0,48.0
45,349290,1969,8,8,67.0,75.0,52.0
46,349290,1969,8,11,75.0,81.0,64.0
47,349290,1969,8,12,75.7,86.0,61.0
48,349290,1969,8,13,78.8,90.0,64.0
49,349290,1969,8,16,76.7,88.0,57.0
50,349290,1969,8,22,72.2,81.0,59.0
51,349290,1969,8,25,82.0,93.0,68.0
52,349290,1969,8,26,81.5,93.0,68.0
53,349290,1969,8,29,85.2,99.0,68.0
54,349290,1969,8,30,82.8,91.0,72.0
55,349290,1969,8,31,82.0,95.0,66.0
56,349290,1969,9,1,82.0,91.0,68.0
57,349290,1969,9,2,76.5,84.0,63.0
58,349290,1969,9,3,73.0,82.0,57.0
59,349290,1969,9,5,75.7,88.0,57.0
60,349290,1969,9,6,72.7,79.0,61.0
61,349290,1969,9,8,64.5,75.0,46.0
62,349290,1969,9,9,66.5,75.0,50.0
63,349290,1969,9,11,66.0,75.0,52.0
64,349290,1969,9,12,68.0,79.0,52.0
65,349290,1969,9,14,68.2,79.0,52.0
66,349290,1969,9,15,68.5,82.0,52.0
67,349290,1969,9,16,72.0,82.0,54.0
68,349290,1969,9,18,72.2,81.0,61.0
69,349290,1969,9,21,64.0,72.0,55.0
70,349290,1969,9,22,62.5,70.0,50.0
71,349290,1969,9,23,63.0,68.0,54.0
72,349290,1969,9,24,58.5,64.0,54.0
73,349290,1969,9,28,57.7,68.0,41.0
74,349290,1969,9,30,53.0,64.0,36.0
75,349290,1969,2,4,41.4,57.0,30.0
76,349290,1969,5,28,57.4,72.0,41.0
77,349290,1969,2,22,16.0,28.0,10.0
78,349290,1969,3,12,33.6,48.0,25.0
79,349290,1969,3,14,44.5,63.0,28.0
80,349290,1969,3,18,46.2,59.0,36.0
81,349290,1969,4,4,46.8,63.0,30.0
82,349290,1969,5,5,57.4,68.0,46.0
83,349290,1969,11,12,46.0,57.0,37.0
84,349290,1969,11,25,49.5,70.0,36.0
85,349290,1969,1,4,28.1,30.0,25.0
86,349290,1969,1,7,21.3,32.0,14.0
87,349290,1969,1,8,24.3,37.0,19.0
88,349290,1969,1,16,31.1,41.0,25.0
89,349290,1969,1,17,33.6,43.0,18.0
90,349290,1969,1,23,5.8,14.0,-2.0
91,349290,1969,1,24,13.3,23.0,1.0
92,349290,1969,2,3,38.4,52.0,30.0
93,349290,1969,2,5,44.0,59.0,32.0
94,349290,1969,2,11,19.6,32.0,10.0
95,349290,1969,2,15,23.7,36.0,14.0
96,349290,1969,2,17,23.0,32.0,18.0
97,349290,1969,2,21,19.1,28.0,14.0
98,349290,1969,3,7,29.1,36.0,19.0
99,349290,1969,3,13,38.7,52.0,30.0
100,349290,1969,3,15,46.4,70.0,30.0
101,349290,1969,3,16,47.9,70.0,32.0
102,349290,1969,3,23,26.0,37.0,19.0
103,349290,1969,3,27,38.0,48.0,32.0
104,349290,1969,4,2,43.0,52.0,28.0
105,349290,1969,4,3,47.4,61.0,30.0
106,349290,1969,4,23,60.7,79.0,37.0
107,349290,1969,4,29,66.1,79.0,54.0
108,349290,1969,5,3,61.4,72.0,50.0
109,349290,1969,5,7,63.0,75.0,46.0
110,349290,1969,5,8,66.8,79.0,48.0
111,349290,1969,5,9,67.2,84.0,50.0
112,349290,1969,10,2,59.3,79.0,43.0
113,349290,1969,10,9,44.9,55.0,28.0
114,349290,1969,10,10,56.1,68.0,41.0
115,349290,1969,10,17,51.2,70.0,36.0
116,349290,1969,10,22,49.2,70.0,34.0
117,349290,1969,11,6,56.0,72.0,39.0
118,349290,1969,11,14,45.1,59.0,34.0
119,349290,1969,11,15,38.1,50.0,32.0
120,349290,1969,11,18,40.2,43.0,37.0
121,349290,1969,11,22,41.2,57.0,34.0
122,349290,1969,11,24,44.2,66.0,32.0
123,349290,1969,1,9,25.6,39.0,16.0
124,349290,1969,1,15,29.3,30.0,28.0
125,349290,1969,2,9,1.2,10.0,-6.0
126,349290,1969,2,14,24.4,36.0,16.0
127,349290,1969,2,23,23.4,34.0,16.0
128,349290,1969,2,24,26.8,36.0,16.0
129,349290,1969,2,26,34.9,43.0,27.0
130,349290,1969,3,11,33.4,41.0,28.0
131,349290,1969,3,17,50.0,68.0,36.0
132,349290,1969,3,24,31.0,45.0,16.0
133,349290,1969,4,12,46.9,57.0,36.0
134,349290,1969,4,13,50.4,59.0,43.0
135,349290,1969,4,15,59.1,73.0,39.0
136,349290,1969,4,18,51.9,63.0,43.0
137,349290,1969,4,19,58.2,75.0,41.0
138,349290,1969,4,21,49.4,63.0,34.0
139,349290,1969,4,24,70.0,88.0,46.0
140,349290,1969,5,4,59.2,72.0,50.0
141,349290,1969,5,6,57.7,72.0,43.0
142,349290,1969,5,10,71.2,86.0,61.0
143,349290,1969,10,1,55.2,73.0,37.0
144,349290,1969,10,4,48.0,61.0,36.0
145,349290,1969,10,5,49.1,63.0,34.0
146,349290,1969,10,12,55.1,68.0,43.0
147,349290,1969,10,13,52.4,61.0,43.0
148,349290,1969,10,14,50.0,66.0,36.0
149,349290,1969,10,15,52.0,72.0,36.0
150,349290,1969,10,16,54.0,72.0,36.0
151,349290,1969,10,18,51.4,66.0,36.0
152,349290,1969,10,21,45.5,61.0,30.0
153,349290,1969,10,26,34.6,50.0,25.0
154,349290,1969,11,2,49.5,57.0,43.0
155,349290,1969,11,4,56.4,61.0,50.0
156,349290,1969,11,8,32.8,39.0,27.0
157,349290,1969,11,9,35.1,48.0,25.0
158,349290,1969,11,13,44.6,63.0,30.0
159,349290,1969,11,16,37.9,54.0,25.0
160,349290,1969,11,17,38.6,52.0,28.0
161,349290,1969,11,21,47.1,57.0,34.0
162,349290,1969,11,23,42.8,57.0,30.0
163,349290,1969,11,26,56.9,68.0,50.0
164,349290,1969,12,2,44.6,50.0,43.0
165,349290,1969,12,3,43.7,52.0,39.0
166,349290,1969,12,6,44.0,57.0,34.0
167,349290,1969,12,7,41.0,48.0,36.0
168,349290,1969,12,16,34.7,37.0,30.0
169,349290,1969,12,20,44.4,50.0,39.0
170,349290,1969,12,25,23.0,27.0,19.0
171,349290,1969,12,28,22.1,25.0,14.0
172,349290,1969,12,29,29.8,46.0,16.0
173,349290,1969,2,28,31.3,32.0,30.0
174,349290,1969,1,25,24.9,32.0,16.0
175,349290,1969,6,4,79.5,91.0,63.0
176,349290,1969,3,9,31.6,37.0,30.0
177,349290,1969,1,20,19.5,25.0,16.0
178,349290,1969,1,21,19.8,27.0,18.0
179,349290,1969,2,12,26.8,36.0,21.0
180,349290,1969,2,13,30.6,36.0,27.0
181,349290,1969,2,19,24.8,32.0,21.0
182,349290,1969,2,18,23.7,28.0,18.0
183,349290,1969,3,1,28.3,30.0,28.0
184,349290,1969,4,1,33.6,37.0,32.0
185,349290,1969,2,10,7.0,18.0,-4.0
186,349290,1969,7,16,64.8,68.0,61.0
187,349290,1969,3,28,44.1,50.0,36.0
188,349290,1969,3,29,44.3,54.0,37.0
189,349290,1969,5,26,52.3,57.0,46.0
190,349290,1969,6,10,72.8,77.0,64.0
191,349290,1969,6,27,74.0,86.0,61.0
192,349290,1969,7,5,71.0,79.0,57.0
193,349290,1969,7,10,81.0,91.0,64.0
194,349290,1969,7,13,71.5,77.0,64.0
195,349290,1969,7,27,72.0,75.0,66.0
196,349290,1969,8,21,70.5,72.0,68.0
197,349290,1969,9,19,65.0,68.0,63.0
198,349290,1969,9,29,57.2,61.0,50.0
199,349290,1969,3,25,35.6,43.0,27.0
200,349290,1969,3,10,36.9,46.0,25.0
201,349290,1969,3,19,42.5,48.0,41.0
202,349290,1969,4,26,65.5,79.0,55.0
203,349290,1969,5,14,61.0,66.0,57.0
204,349290,1969,3,26,38.4,46.0,32.0
205,349290,1969,4,5,42.6,50.0,37.0
206,349290,1969,4,25,59.0,70.0,50.0
207,349290,1969,4,27,62.0,72.0,55.0
208,349290,1969,5,2,57.9,64.0,54.0
209,349290,1969,5,13,63.4,70.0,59.0
210,349290,1969,10,6,49.2,61.0,37.0
211,349290,1969,10,30,44.7,50.0,34.0
212,349290,1969,10,31,45.3,50.0,43.0
213,349290,1969,1,1,34.7,36.0,34.0
214,349290,1969,1,2,37.2,46.0,30.0
215,349290,1969,1,10,36.0,45.0,28.0
216,349290,1969,3,3,35.0,43.0,30.0
217,349290,1969,3,31,37.1,41.0,34.0
218,349290,1969,4,6,43.1,46.0,39.0
219,349290,1969,4,7,43.1,48.0,39.0
220,349290,1969,4,28,63.1,73.0,55.0
221,349290,1969,4,30,61.1,72.0,50.0
222,349290,1969,5,1,56.1,66.0,52.0
223,349290,1969,5,12,67.2,81.0,59.0
224,349290,1969,10,23,51.5,59.0,41.0
225,349290,1969,10,27,42.9,59.0,23.0
226,349290,1969,11,3,53.6,57.0,43.0
227,349290,1969,11,10,39.6,52.0,27.0
228,349290,1969,12,1,42.2,45.0,39.0
229,349290,1969,12,4,45.0,52.0,41.0
230,349290,1969,12,9,40.7,45.0,34.0
231,349290,1969,12,10,44.5,50.0,39.0
232,349290,1969,12,11,44.5,48.0,43.0
233,349290,1969,12,17,37.4,39.0,34.0
234,349290,1969,12,18,44.6,50.0,37.0
235,349290,1969,12,19,43.0,50.0,34.0
236,349290,1969,12,21,42.5,46.0,37.0
237,349290,1969,12,26,30.2,34.0,23.0
238,349290,1969,6,20,74.8,81.0,64.0
239,349290,1969,7,29,72.0,75.0,66.0
240,349290,1969,9,4,74.5,84.0,59.0
241,349290,1969,9,25,53.2,57.0,46.0
242,349290,1969,2,20,27.6,36.0,21.0
243,349290,1969,4,9,44.6,55.0,36.0
244,349290,1969,5,11,68.9,79.0,57.0
245,349290,1969,11,27,60.8,68.0,50.0
246,349290,1969,12,8,41.9,57.0,32.0
247,349290,1969,12,15,35.7,39.0,32.0
248,349290,1969,2,25,31.3,37.0,25.0
249,349290,1969,3,8,31.0,36.0,27.0
250,349290,1969,3,2,31.0,36.0,27.0
251,349290,1969,1,12,30.0,34.0,28.0
252,349290,1969,1,18,33.9,37.0,32.0
253,349290,1969,3,4,35.6,43.0,32.0
254,349290,1969,10,29,37.5,46.0,36.0
255,349290,1969,11,29,37.0,43.0,34.0
256,349290,1969,12,14,33.2,36.0,32.0
257,349290,1969,10,8,43.9,50.0,37.0
258,349290,1969,7,31,75.2,84.0,66.0
259,349290,1969,9,13,72.7,81.0,57.0
260,349290,1969,9,20,58.7,66.0,54.0
261,349290,1969,4,14,53.4,68.0,37.0
262,349290,1969,1,3,30.7,37.0,27.0
263,349290,1969,1,29,-1.3,10.0,-13.0
264,349290,1969,1,31,35.0,41.0,30.0
265,349290,1969,2,2,40.3,46.0,37.0
266,349290,1969,2,8,9.1,14.0,3.0
267,349290,1969,3,6,26.4,32.0,21.0
268,349290,1969,10,20,44.1,54.0,37.0
269,349290,1969,10,25,34.4,45.0,27.0
270,349290,1969,1,5,28.0,34.0,23.0
271,349290,1969,1,6,23.9,30.0,16.0
272,349290,1969,1,22,7.0,14.0,0.0
273,349290,1969,1,27,11.8,14.0,9.0
274,349290,1969,1,30,20.4,39.0,-4.0
275,349290,1969,2,16,24.1,32.0,18.0
276,349290,1969,3,21,30.5,34.0,28.0
277,349290,1969,3,22,29.6,39.0,23.0
278,349290,1969,10,11,59.7,72.0,48.0
279,349290,1969,10,24,44.4,52.0,34.0
280,349290,1969,11,5,56.3,68.0,41.0
281,349290,1969,12,31,3.3,19.0,-15.0
282,349290,1969,1,26,21.4,27.0,14.0
283,349290,1969,3,5,29.3,50.0,27.0
284,349290,1969,12,27,27.0,30.0,23.0
285,349290,1969,1,28,1.1,10.0,-6.0
286,349290,1969,2,7,20.9,28.0,12.0
287,349290,1969,4,20,51.0,55.0,45.0
288,349290,1969,7,14,66.5,70.0,64.0
289,349290,1969,1,13,32.2,36.0,25.0
290,349290,1969,4,16,57.4,77.0,46.0
291,349290,1969,10,3,51.4,64.0,43.0
292,349290,1969,2,27,34.5,36.0,32.0
293,349290,1969,3,30,43.4,52.0,36.0
294,349290,1969,4,17,51.9,57.0,48.0
295,349290,1969,10,7,46.3,52.0,43.0
296,349290,1969,10,19,49.4,55.0,46.0
297,349290,1969,11,20,47.6,52.0,41.0
298,349290,1969,12,5,45.4,55.0,39.0
299,349290,1969,12,12,42.7,46.0,39.0
300,349290,1969,1,19,27.9,34.0,19.0
301,349290,1969,2,6,31.9,34.0,27.0
302,349290,1969,3,20,36.4,41.0,32.0
303,349290,1969,10,28,44.1,52.0,36.0
304,349290,1969,11,11,46.9,54.0,39.0
305,349290,1969,11,28,53.6,68.0,46.0
306,349290,1969,11,30,39.5,41.0,36.0
307,349290,1969,12,13,37.4,41.0,34.0
308,349290,1969,12,22,45.6,57.0,39.0
309,349290,1969,12,23,37.0,39.0,34.0
310,349290,1969,5,22,64.8,75.0,55.0
311,349290,1969,11,19,44.2,52.0,37.0
312,349290,1969,4,22,51.6,64.0,45.0
313,349290,1969,11,7,42.6,48.0,34.0
314,349290,1969,12,30,34.1,45.0,27.0
315,349290,1969,1,11,32.5,36.0,30.0
316,349290,1969,12,24,26.9,32.0,23.0
0,349290,1970,3,28,59.8,73.0,54.0
1,349290,1970,2,6,50.8,52.0,45.0
2,349290,1970,6,23,68.4,75.0,59.0
3,349290,1970,6,30,69.3,79.0,61.0
4,349290,1970,8,7,70.6,82.0,64.0
5,349290,1970,8,17,69.8,84.0,63.0
6,349290,1970,2,14,41.4,50.0,36.0
7,349290,1970,4,4,57.6,70.0,48.0
8,349290,1970,4,10,60.9,73.0,45.0
9,349290,1970,8,1,75.4,88.0,63.0
10,349290,1970,8,14,69.9,81.0,54.0
11,349290,1970,10,2,58.3,72.0,48.0
12,349290,1970,10,29,48.9,57.0,39.0
13,349290,1970,12,9,27.5,36.0,18.0
14,349290,1970,7,1,72.7,84.0,59.0
15,349290,1970,1,8,37.3,48.0,28.0
16,349290,1970,3,26,49.0,63.0,36.0
17,349290,1970,5,15,60.4,68.0,54.0
18,349290,1970,6,13,69.5,88.0,52.0
19,349290,1970,7,12,82.5,95.0,68.0
20,349290,1970,9,9,57.8,66.0,43.0
21,349290,1970,9,21,70.7,82.0,55.0
22,349290,1970,9,25,56.0,72.0,39.0
23,349290,1970,10,8,50.4,61.0,45.0
24,349290,1970,12,29,34.3,45.0,28.0
25,349290,1970,1,2,21.8,32.0,1.0
26,349290,1970,1,7,34.0,41.0,28.0
27,349290,1970,1,12,18.3,28.0,10.0
28,349290,1970,2,16,52.6,68.0,34.0
29,349290,1970,2,20,32.0,43.0,25.0
30,349290,1970,2,25,38.1,48.0,32.0
31,349290,1970,3,6,50.4,66.0,39.0
32,349290,1970,3,19,38.9,50.0,32.0
33,349290,1970,3,20,41.8,57.0,28.0
34,349290,1970,4,16,59.4,75.0,46.0
35,349290,1970,4,17,60.0,72.0,50.0
36,349290,1970,4,26,65.0,82.0,46.0
37,349290,1970,4,29,68.6,86.0,54.0
38,349290,1970,5,9,59.0,75.0,46.0
39,349290,1970,5,12,66.3,77.0,52.0
40,349290,1970,5,23,64.0,70.0,57.0
41,349290,1970,5,28,58.1,64.0,50.0
42,349290,1970,6,10,60.9,72.0,50.0
43,349290,1970,6,11,65.0,79.0,50.0
44,349290,1970,6,12,70.0,82.0,50.0
45,349290,1970,6,17,62.9,73.0,55.0
46,349290,1970,6,28,73.7,84.0,59.0
47,349290,1970,7,2,78.3,90.0,61.0
48,349290,1970,7,23,81.6,91.0,63.0
49,349290,1970,7,24,82.4,93.0,64.0
50,349290,1970,7,30,71.7,79.0,61.0
51,349290,1970,9,2,67.8,82.0,57.0
52,349290,1970,9,11,63.0,77.0,46.0
53,349290,1970,9,14,71.6,84.0,57.0
54,349290,1970,9,15,69.9,82.0,55.0
55,349290,1970,9,16,70.3,84.0,55.0
56,349290,1970,9,18,68.2,81.0,59.0
57,349290,1970,9,28,50.0,64.0,41.0
58,349290,1970,10,4,66.4,82.0,50.0
59,349290,1970,10,16,36.7,45.0,32.0
60,349290,1970,10,19,41.6,55.0,28.0
61,349290,1970,10,20,49.7,59.0,37.0
62,349290,1970,10,24,60.7,75.0,45.0
63,349290,1970,1,3,44.6,57.0,30.0
64,349290,1970,1,5,33.3,39.0,30.0
65,349290,1970,1,13,25.4,37.0,18.0
66,349290,1970,1,14,28.9,45.0,18.0
67,349290,1970,1,15,43.0,61.0,30.0
68,349290,1970,1,17,43.9,59.0,34.0
69,349290,1970,1,27,28.2,32.0,25.0
70,349290,1970,1,28,35.0,45.0,21.0
71,349290,1970,2,5,43.0,50.0,34.0
72,349290,1970,2,10,47.3,55.0,32.0
73,349290,1970,2,15,45.1,57.0,36.0
74,349290,1970,2,21,29.8,32.0,28.0
75,349290,1970,2,22,31.5,41.0,27.0
76,349290,1970,2,23,36.4,46.0,28.0
77,349290,1970,2,24,38.5,52.0,30.0
78,349290,1970,2,28,46.6,64.0,36.0
79,349290,1970,3,4,42.4,59.0,30.0
80,349290,1970,3,5,43.1,50.0,32.0
81,349290,1970,3,7,44.0,57.0,37.0
82,349290,1970,3,9,32.3,41.0,27.0
83,349290,1970,3,10,29.4,36.0,21.0
84,349290,1970,3,13,43.5,54.0,36.0
85,349290,1970,3,15,42.9,55.0,28.0
86,349290,1970,3,31,44.6,55.0,36.0
87,349290,1970,4,1,47.3,59.0,34.0
88,349290,1970,4,2,52.8,68.0,37.0
89,349290,1970,4,3,56.9,72.0,39.0
90,349290,1970,4,7,50.1,59.0,43.0
91,349290,1970,4,11,60.2,72.0,52.0
92,349290,1970,4,12,64.6,82.0,46.0
93,349290,1970,4,15,55.9,70.0,39.0
94,349290,1970,4,18,58.5,68.0,50.0
95,349290,1970,4,22,55.8,70.0,37.0
96,349290,1970,4,24,59.4,73.0,43.0
97,349290,1970,4,25,62.6,75.0,48.0
98,349290,1970,4,27,69.9,88.0,52.0
99,349290,1970,4,28,70.9,86.0,55.0
100,349290,1970,4,30,73.0,90.0,55.0
101,349290,1970,5,1,71.1,86.0,55.0
102,349290,1970,5,8,59.1,68.0,46.0
103,349290,1970,5,18,62.2,72.0,52.0
104,349290,1970,5,20,58.9,70.0,45.0
105,349290,1970,5,21,62.6,73.0,48.0
106,349290,1970,5,29,61.0,73.0,45.0
107,349290,1970,6,1,66.1,77.0,52.0
108,349290,1970,6,4,66.5,79.0,52.0
109,349290,1970,6,5,71.8,82.0,59.0
110,349290,1970,6,18,65.1,79.0,52.0
111,349290,1970,6,20,64.8,75.0,50.0
112,349290,1970,6,25,67.3,77.0,55.0
113,349290,1970,6,26,68.5,81.0,55.0
114,349290,1970,6,27,71.8,84.0,57.0
115,349290,1970,7,3,75.9,88.0,66.0
116,349290,1970,7,5,78.6,93.0,61.0
117,349290,1970,7,6,81.7,95.0,66.0
118,349290,1970,7,7,81.1,95.0,66.0
119,349290,1970,7,8,80.8,93.0,66.0
120,349290,1970,7,9,78.5,91.0,66.0
121,349290,1970,7,10,82.4,95.0,66.0
122,349290,1970,7,11,82.1,93.0,66.0
123,349290,1970,7,13,77.2,91.0,66.0
124,349290,1970,7,14,75.4,82.0,64.0
125,349290,1970,7,15,75.3,88.0,55.0
126,349290,1970,7,16,79.3,93.0,66.0
127,349290,1970,7,17,78.4,93.0,61.0
128,349290,1970,7,18,82.5,99.0,64.0
129,349290,1970,7,20,73.5,84.0,64.0
130,349290,1970,7,21,70.1,82.0,59.0
131,349290,1970,7,22,76.6,88.0,63.0
132,349290,1970,7,29,71.4,81.0,64.0
133,349290,1970,7,31,75.1,88.0,63.0
134,349290,1970,8,2,75.3,88.0,64.0
135,349290,1970,8,3,77.4,88.0,63.0
136,349290,1970,8,4,74.1,88.0,63.0
137,349290,1970,8,5,74.8,88.0,63.0
138,349290,1970,8,8,72.1,82.0,59.0
139,349290,1970,8,9,75.1,88.0,61.0
140,349290,1970,8,10,79.6,90.0,66.0
141,349290,1970,8,11,80.7,91.0,66.0
142,349290,1970,8,18,71.8,84.0,55.0
143,349290,1970,8,19,75.1,88.0,64.0
144,349290,1970,8,20,75.0,86.0,64.0
145,349290,1970,8,21,70.2,84.0,57.0
146,349290,1970,8,22,69.6,81.0,57.0
147,349290,1970,8,23,68.4,81.0,57.0
148,349290,1970,8,25,69.9,82.0,57.0
149,349290,1970,8,27,64.1,73.0,59.0
150,349290,1970,8,29,58.0,70.0,45.0
151,349290,1970,8,30,63.5,79.0,48.0
152,349290,1970,8,31,64.6,79.0,52.0
153,349290,1970,9,1,64.1,75.0,52.0
154,349290,1970,9,4,70.6,82.0,57.0
155,349290,1970,9,5,69.9,82.0,59.0
156,349290,1970,9,10,58.4,73.0,41.0
157,349290,1970,9,12,67.5,84.0,52.0
158,349290,1970,9,13,69.3,84.0,54.0
159,349290,1970,9,17,69.8,82.0,55.0
160,349290,1970,9,19,67.1,79.0,57.0
161,349290,1970,9,20,68.7,82.0,55.0
162,349290,1970,9,24,54.9,68.0,41.0
163,349290,1970,9,26,57.5,72.0,41.0
164,349290,1970,9,27,56.8,70.0,45.0
165,349290,1970,9,30,44.0,57.0,30.0
166,349290,1970,10,3,59.6,82.0,39.0
167,349290,1970,10,9,49.0,61.0,41.0
168,349290,1970,10,10,47.5,59.0,37.0
169,349290,1970,10,11,46.6,61.0,34.0
170,349290,1970,10,12,47.9,64.0,34.0
171,349290,1970,10,17,39.8,52.0,30.0
172,349290,1970,10,18,40.3,52.0,32.0
173,349290,1970,10,23,62.0,81.0,46.0
174,349290,1970,10,27,50.4,57.0,46.0
175,349290,1970,11,2,58.8,64.0,43.0
176,349290,1970,11,6,50.2,64.0,34.0
177,349290,1970,11,8,36.1,45.0,30.0
178,349290,1970,11,13,43.1,55.0,32.0
179,349290,1970,11,14,42.9,61.0,32.0
180,349290,1970,11,15,42.5,54.0,32.0
181,349290,1970,11,16,50.2,66.0,39.0
182,349290,1970,11,22,44.1,46.0,43.0
183,349290,1970,11,23,42.1,48.0,39.0
184,349290,1970,11,28,39.5,45.0,37.0
185,349290,1970,12,13,25.2,28.0,23.0
186,349290,1970,12,22,23.5,28.0,19.0
187,349290,1970,8,6,74.0,84.0,66.0
188,349290,1970,12,8,24.7,28.0,21.0
189,349290,1970,12,11,24.9,28.0,21.0
190,349290,1970,1,24,28.8,32.0,28.0
191,349290,1970,1,25,27.6,30.0,27.0
192,349290,1970,1,26,29.3,32.0,28.0
193,349290,1970,2,9,32.5,37.0,27.0
194,349290,1970,3,2,34.5,39.0,32.0
195,349290,1970,2,1,16.4,23.0,14.0
196,349290,1970,3,11,36.6,41.0,27.0
197,349290,1970,3,12,39.6,46.0,34.0
198,349290,1970,1,19,36.6,39.0,36.0
199,349290,1970,1,21,38.4,52.0,32.0
200,349290,1970,2,3,34.4,41.0,25.0
201,349290,1970,5,17,65.1,72.0,55.0
202,349290,1970,5,27,57.7,66.0,50.0
203,349290,1970,6,9,64.6,77.0,57.0
204,349290,1970,11,30,46.1,55.0,41.0
205,349290,1970,4,20,48.6,57.0,41.0
206,349290,1970,6,8,63.6,70.0,59.0
207,349290,1970,6,21,66.0,75.0,59.0
208,349290,1970,9,8,58.1,66.0,52.0
209,349290,1970,11,19,48.2,55.0,45.0
210,349290,1970,12,3,37.6,48.0,30.0
211,349290,1970,12,5,37.2,39.0,36.0
212,349290,1970,12,25,30.0,36.0,19.0
213,349290,1970,1,20,33.4,34.0,32.0
214,349290,1970,2,4,42.3,46.0,36.0
215,349290,1970,3,24,44.6,55.0,30.0
216,349290,1970,4,19,51.3,57.0,46.0
217,349290,1970,4,23,58.4,68.0,48.0
218,349290,1970,5,4,70.3,84.0,57.0
219,349290,1970,5,25,61.2,68.0,54.0
220,349290,1970,6,2,63.1,68.0,57.0
221,349290,1970,6,15,67.8,79.0,59.0
222,349290,1970,6,19,62.3,75.0,57.0
223,349290,1970,6,24,66.1,75.0,57.0
224,349290,1970,6,29,69.1,79.0,63.0
225,349290,1970,7,25,74.9,93.0,64.0
226,349290,1970,8,12,79.4,97.0,68.0
227,349290,1970,9,6,64.0,73.0,59.0
228,349290,1970,10,1,46.7,59.0,32.0
229,349290,1970,10,5,61.0,81.0,48.0
230,349290,1970,10,14,49.6,55.0,36.0
231,349290,1970,11,4,50.6,61.0,32.0
232,349290,1970,11,10,48.6,61.0,39.0
233,349290,1970,11,18,53.6,61.0,46.0
234,349290,1970,11,20,48.9,52.0,46.0
235,349290,1970,11,24,43.1,52.0,32.0
236,349290,1970,11,29,39.9,43.0,36.0
237,349290,1970,12,4,37.2,39.0,36.0
238,349290,1970,12,16,36.1,43.0,32.0
239,349290,1970,12,20,29.6,39.0,25.0
240,349290,1970,12,28,34.1,41.0,30.0
241,349290,1970,12,30,52.6,55.0,36.0
242,349290,1970,1,22,33.6,37.0,30.0
243,349290,1970,2,12,39.6,50.0,34.0
244,349290,1970,2,13,37.0,39.0,32.0
245,349290,1970,2,27,42.3,54.0,36.0
246,349290,1970,3,21,43.0,50.0,32.0
247,349290,1970,3,22,49.1,61.0,43.0
248,349290,1970,4,5,51.8,61.0,48.0
249,349290,1970,4,8,46.9,55.0,41.0
250,349290,1970,4,13,68.0,88.0,54.0
251,349290,1970,5,5,68.1,82.0,59.0
252,349290,1970,5,10,60.6,73.0,54.0
253,349290,1970,5,11,60.0,72.0,50.0
254,349290,1970,5,14,62.4,73.0,54.0
255,349290,1970,5,16,59.4,68.0,45.0
256,349290,1970,5,19,57.0,59.0,55.0
257,349290,1970,5,22,62.6,75.0,55.0
258,349290,1970,5,24,59.1,68.0,52.0
259,349290,1970,5,26,54.9,61.0,50.0
260,349290,1970,5,30,62.9,75.0,50.0
261,349290,1970,6,6,70.2,81.0,59.0
262,349290,1970,6,7,62.2,70.0,61.0
263,349290,1970,6,16,63.5,72.0,57.0
264,349290,1970,6,22,68.1,79.0,54.0
265,349290,1970,7,26,75.3,91.0,64.0
266,349290,1970,7,28,70.9,86.0,61.0
267,349290,1970,8,15,68.6,79.0,55.0
268,349290,1970,8,16,70.4,79.0,63.0
269,349290,1970,8,26,64.4,75.0,59.0
270,349290,1970,9,3,66.0,77.0,57.0
271,349290,1970,9,22,69.1,84.0,57.0
272,349290,1970,10,6,54.1,64.0,50.0
273,349290,1970,10,21,59.4,75.0,48.0
274,349290,1970,10,22,62.4,79.0,52.0
275,349290,1970,10,26,46.0,48.0,43.0
276,349290,1970,10,31,47.9,55.0,34.0
277,349290,1970,11,9,39.5,46.0,34.0
278,349290,1970,12,27,25.1,34.0,16.0
279,349290,1970,1,16,43.6,54.0,36.0
280,349290,1970,1,18,37.6,41.0,36.0
281,349290,1970,7,27,72.9,95.0,66.0
282,349290,1970,2,26,39.6,48.0,34.0
283,349290,1970,3,16,48.6,64.0,32.0
284,349290,1970,4,9,50.2,59.0,39.0
285,349290,1970,5,13,67.9,82.0,54.0
286,349290,1970,6,3,62.8,72.0,54.0
287,349290,1970,11,17,50.9,68.0,39.0
288,349290,1970,11,27,36.7,39.0,34.0
289,349290,1970,12,2,30.8,32.0,30.0
290,349290,1970,12,14,32.5,37.0,27.0
291,349290,1970,1,23,30.9,32.0,30.0
292,349290,1970,3,3,38.0,45.0,34.0
293,349290,1970,2,2,23.1,27.0,16.0
294,349290,1970,12,10,27.5,34.0,23.0
295,349290,1970,12,15,34.2,37.0,32.0
296,349290,1970,7,4,75.0,86.0,68.0
297,349290,1970,1,1,0.5,10.0,-15.0
298,349290,1970,3,8,36.1,45.0,28.0
299,349290,1970,3,25,46.6,59.0,39.0
300,349290,1970,12,23,16.3,23.0,10.0
301,349290,1970,1,6,34.2,45.0,28.0
302,349290,1970,3,27,58.5,70.0,52.0
303,349290,1970,4,21,50.6,66.0,36.0
304,349290,1970,5,2,63.7,73.0,57.0
305,349290,1970,5,3,68.8,84.0,52.0
306,349290,1970,8,24,68.2,82.0,55.0
307,349290,1970,9,23,60.0,66.0,50.0
308,349290,1970,9,29,45.5,52.0,37.0
309,349290,1970,10,13,50.0,59.0,43.0
310,349290,1970,11,5,43.4,54.0,34.0
311,349290,1970,11,12,37.9,43.0,34.0
312,349290,1970,12,24,16.1,25.0,7.0
313,349290,1970,12,26,28.1,34.0,21.0
314,349290,1970,2,19,32.3,36.0,30.0
315,349290,1970,12,12,27.4,30.0,25.0
316,349290,1970,1,30,29.6,34.0,27.0
317,349290,1970,1,31,23.0,27.0,14.0
318,349290,1970,12,19,26.3,27.0,25.0
319,349290,1970,1,11,19.9,25.0,16.0
320,349290,1970,12,18,32.3,34.0,30.0
321,349290,1970,1,10,28.4,36.0,23.0
322,349290,1970,12,7,27.5,30.0,25.0
323,349290,1970,3,29,62.0,70.0,48.0
324,349290,1970,6,14,71.3,79.0,61.0
325,349290,1970,3,23,42.0,52.0,36.0
326,349290,1970,12,1,47.3,54.0,37.0
327,349290,1970,8,13,70.6,79.0,66.0
328,349290,1970,2,17,51.0,57.0,48.0
329,349290,1970,10,7,50.0,52.0,48.0
330,349290,1970,11,1,51.6,61.0,43.0
331,349290,1970,11,7,45.2,54.0,37.0
332,349290,1970,11,21,45.9,46.0,45.0
333,349290,1970,3,14,42.7,52.0,37.0
334,349290,1970,3,17,41.7,46.0,39.0
335,349290,1970,5,6,58.4,64.0,55.0
336,349290,1970,10,28,49.4,52.0,46.0
337,349290,1970,11,3,44.9,55.0,32.0
338,349290,1970,12,31,54.4,57.0,54.0
339,349290,1970,1,4,36.6,39.0,34.0
340,349290,1970,2,11,50.4,57.0,37.0
341,349290,1970,3,1,39.7,43.0,34.0
342,349290,1970,3,18,40.1,48.0,34.0
343,349290,1970,3,30,43.5,48.0,39.0
344,349290,1970,4,6,49.3,57.0,43.0
345,349290,1970,4,14,51.8,61.0,43.0
346,349290,1970,5,7,57.9,64.0,54.0
347,349290,1970,5,31,61.9,81.0,55.0
348,349290,1970,7,19,76.0,84.0,68.0
349,349290,1970,9,7,61.0,68.0,54.0
350,349290,1970,10,15,40.8,48.0,34.0
351,349290,1970,10,25,49.8,55.0,45.0
352,349290,1970,10,30,42.2,46.0,37.0
353,349290,1970,11,11,52.6,64.0,41.0
354,349290,1970,11,25,41.5,45.0,37.0
355,349290,1970,11,26,36.0,37.0,34.0
356,349290,1970,8,28,57.7,68.0,50.0
357,349290,1970,2,7,45.3,52.0,28.0
358,349290,1970,2,18,38.6,46.0,32.0
359,349290,1970,12,21,29.8,36.0,21.0
360,349290,1970,12,6,30.6,34.0,28.0
361,349290,1970,1,9,36.3,43.0,30.0
362,349290,1970,1,29,39.9,46.0,32.0
363,349290,1970,2,8,33.9,41.0,28.0
364,349290,1970,12,17,34.2,39.0,32.0
0,349290,1971,5,7,64.2,73.0,50.0
1,349290,1971,1,8,26.1,34.0,21.0
2,349290,1971,3,12,34.7,43.0,28.0
3,349290,1971,3,16,41.4,52.0,32.0
4,349290,1971,4,29,63.7,82.0,48.0
5,349290,1971,1,20,40.1,50.0,30.0
6,349290,1971,3,21,46.5,57.0,41.0
7,349290,1971,5,12,56.3,66.0,46.0
8,349290,1971,6,15,67.6,77.0,55.0
9,349290,1971,6,23,66.6,75.0,55.0
10,349290,1971,5,17,62.8,73.0,48.0
11,349290,1971,1,18,29.7,45.0,21.0
12,349290,1971,2,2,34.7,43.0,28.0
13,349290,1971,3,23,50.7,61.0,39.0
14,349290,1971,4,15,48.3,55.0,43.0
15,349290,1971,1,6,35.0,43.0,30.0
16,349290,1971,1,16,26.1,43.0,14.0
17,349290,1971,1,22,33.7,52.0,23.0
18,349290,1971,1,25,35.9,57.0,21.0
19,349290,1971,1,28,29.1,43.0,23.0
20,349290,1971,1,29,32.1,50.0,21.0
21,349290,1971,1,31,34.7,37.0,34.0
22,349290,1971,2,21,35.9,41.0,32.0
23,349290,1971,2,27,40.4,46.0,34.0
24,349290,1971,2,28,37.1,45.0,28.0
25,349290,1971,3,3,41.0,55.0,32.0
26,349290,1971,3,22,48.9,66.0,34.0
27,349290,1971,3,26,46.9,59.0,41.0
28,349290,1971,4,6,53.6,66.0,37.0
29,349290,1971,4,24,53.4,70.0,45.0
30,349290,1971,5,13,59.6,75.0,41.0
31,349290,1971,5,14,63.7,77.0,50.0
32,349290,1971,5,31,68.2,84.0,52.0
33,349290,1971,6,2,65.8,75.0,59.0
34,349290,1971,6,9,79.4,91.0,59.0
35,349290,1971,6,26,69.9,81.0,54.0
36,349290,1971,6,27,71.3,82.0,59.0
37,349290,1971,6,30,77.6,88.0,59.0
38,349290,1971,1,3,41.4,48.0,37.0
39,349290,1971,1,4,55.2,63.0,39.0
40,349290,1971,1,9,28.6,36.0,21.0
41,349290,1971,1,10,34.4,39.0,28.0
42,349290,1971,1,12,28.1,30.0,27.0
43,349290,1971,1,15,18.4,32.0,7.0
44,349290,1971,1,24,32.6,46.0,23.0
45,349290,1971,1,26,36.1,55.0,25.0
46,349290,1971,1,27,31.5,46.0,19.0
47,349290,1971,2,1,33.8,43.0,30.0
48,349290,1971,2,3,39.0,46.0,34.0
49,349290,1971,2,4,37.4,45.0,34.0
50,349290,1971,2,17,33.0,36.0,30.0
51,349290,1971,3,5,35.7,46.0,27.0
52,349290,1971,3,6,35.8,46.0,30.0
53,349290,1971,3,7,38.4,54.0,27.0
54,349290,1971,3,13,35.6,43.0,30.0
55,349290,1971,3,29,53.4,64.0,45.0
56,349290,1971,3,30,57.1,73.0,41.0
57,349290,1971,3,31,48.6,61.0,43.0
58,349290,1971,4,1,44.9,55.0,39.0
59,349290,1971,4,2,47.6,61.0,34.0
60,349290,1971,4,3,48.6,66.0,32.0
61,349290,1971,4,4,47.4,57.0,39.0
62,349290,1971,4,5,50.4,64.0,37.0
63,349290,1971,4,7,54.7,66.0,41.0
64,349290,1971,4,8,47.3,57.0,39.0
65,349290,1971,4,9,47.4,59.0,36.0
66,349290,1971,4,10,46.2,63.0,39.0
67,349290,1971,4,11,50.5,66.0,34.0
68,349290,1971,4,12,54.0,66.0,39.0
69,349290,1971,4,19,45.5,59.0,32.0
70,349290,1971,4,20,48.5,63.0,32.0
71,349290,1971,4,21,52.7,66.0,34.0
72,349290,1971,4,22,54.5,72.0,36.0
73,349290,1971,4,23,55.4,72.0,39.0
74,349290,1971,4,25,59.0,70.0,50.0
75,349290,1971,4,27,56.3,68.0,48.0
76,349290,1971,4,28,60.6,79.0,39.0
77,349290,1971,5,1,57.9,73.0,41.0
78,349290,1971,5,2,62.1,79.0,45.0
79,349290,1971,5,3,65.1,77.0,55.0
80,349290,1971,5,5,62.3,75.0,45.0
81,349290,1971,5,15,65.6,79.0,54.0
82,349290,1971,5,18,61.7,72.0,54.0
83,349290,1971,5,19,62.5,75.0,50.0
84,349290,1971,5,22,64.4,75.0,55.0
85,349290,1971,5,24,66.2,81.0,50.0
86,349290,1971,5,25,70.0,84.0,52.0
87,349290,1971,5,30,66.4,82.0,52.0
88,349290,1971,6,1,67.4,77.0,54.0
89,349290,1971,6,3,65.1,79.0,52.0
90,349290,1971,6,4,66.9,79.0,57.0
91,349290,1971,6,5,67.1,79.0,52.0
92,349290,1971,6,6,64.2,73.0,57.0
93,349290,1971,6,7,69.1,81.0,50.0
94,349290,1971,6,8,72.3,86.0,57.0
95,349290,1971,6,25,66.4,77.0,54.0
96,349290,1971,6,28,73.4,84.0,59.0
97,349290,1971,6,29,74.2,88.0,63.0
98,349290,1971,2,10,19.0,23.0,18.0
99,349290,1971,2,11,18.2,19.0,16.0
100,349290,1971,2,14,11.8,28.0,-4.0
101,349290,1971,2,6,33.0,37.0,28.0
102,349290,1971,2,5,34.6,43.0,30.0
103,349290,1971,6,16,67.5,81.0,57.0
104,349290,1971,1,17,31.6,43.0,19.0
105,349290,1971,1,21,37.7,54.0,30.0
106,349290,1971,1,23,37.4,55.0,25.0
107,349290,1971,2,13,8.1,14.0,-2.0
108,349290,1971,5,4,62.6,75.0,50.0
109,349290,1971,5,6,59.2,72.0,54.0
110,349290,1971,6,24,63.6,72.0,55.0
111,349290,1971,1,2,45.1,55.0,39.0
112,349290,1971,1,5,38.0,50.0,30.0
113,349290,1971,1,11,31.1,36.0,27.0
114,349290,1971,1,19,31.5,43.0,21.0
115,349290,1971,3,24,51.5,63.0,43.0
116,349290,1971,1,14,15.8,19.0,10.0
117,349290,1971,2,12,18.1,21.0,16.0
118,349290,1971,1,13,29.6,32.0,25.0
119,349290,1971,3,20,46.1,52.0,41.0
120,349290,1971,2,19,35.1,36.0,32.0
121,349290,1971,2,24,34.0,36.0,32.0
122,349290,1971,5,10,56.1,61.0,50.0
123,349290,1971,2,23,32.5,34.0,32.0
124,349290,1971,3,19,45.3,48.0,43.0
125,349290,1971,4,16,45.0,46.0,43.0
126,349290,1971,4,18,42.8,50.0,36.0
127,349290,1971,6,20,63.0,70.0,57.0
128,349290,1971,1,1,59.0,68.0,50.0
129,349290,1971,2,16,36.4,39.0,32.0
130,349290,1971,3,1,36.8,45.0,34.0
131,349290,1971,3,18,43.4,48.0,39.0
132,349290,1971,5,20,65.1,73.0,50.0
133,349290,1971,5,27,65.0,75.0,57.0
134,349290,1971,6,13,73.1,88.0,57.0
135,349290,1971,6,18,62.0,72.0,54.0
136,349290,1971,1,30,34.4,39.0,27.0
137,349290,1971,2,22,33.2,34.0,32.0
138,349290,1971,2,26,40.0,52.0,34.0
139,349290,1971,3,8,43.4,50.0,34.0
140,349290,1971,3,15,38.1,45.0,30.0
141,349290,1971,3,17,46.1,61.0,39.0
142,349290,1971,3,27,46.8,52.0,43.0
143,349290,1971,3,28,50.9,59.0,46.0
144,349290,1971,4,30,56.0,68.0,46.0
145,349290,1971,5,9,61.5,70.0,57.0
146,349290,1971,5,11,55.4,61.0,54.0
147,349290,1971,5,21,62.9,73.0,57.0
148,349290,1971,5,23,63.0,77.0,55.0
149,349290,1971,5,26,70.6,84.0,55.0
150,349290,1971,5,29,64.4,75.0,55.0
151,349290,1971,6,17,66.6,81.0,52.0
152,349290,1971,6,19,62.3,70.0,57.0
153,349290,1971,6,21,63.3,73.0,50.0
154,349290,1971,6,10,73.5,81.0,70.0
155,349290,1971,3,25,44.3,50.0,41.0
156,349290,1971,2,18,33.5,36.0,30.0
157,349290,1971,2,20,39.5,45.0,34.0
158,349290,1971,4,13,52.1,59.0,46.0
159,349290,1971,4,26,61.2,72.0,52.0
160,349290,1971,5,8,67.1,79.0,57.0
161,349290,1971,5,28,68.5,77.0,63.0
162,349290,1971,6,11,70.4,79.0,61.0
163,349290,1971,6,14,71.1,81.0,64.0
164,349290,1971,2,8,32.2,37.0,23.0
165,349290,1971,2,15,26.3,36.0,19.0
166,349290,1971,3,2,32.3,34.0,30.0
167,349290,1971,3,9,34.0,37.0,32.0
168,349290,1971,2,25,34.2,36.0,32.0
169,349290,1971,3,10,36.9,41.0,30.0
170,349290,1971,3,14,32.6,46.0,27.0
171,349290,1971,4,14,52.3,66.0,46.0
172,349290,1971,5,16,64.3,75.0,55.0
173,349290,1971,4,17,42.0,46.0,37.0
174,349290,1971,6,12,72.6,82.0,63.0
175,349290,1971,6,22,61.9,72.0,57.0
176,349290,1971,2,7,30.7,39.0,23.0
177,349290,1971,3,4,37.6,50.0,32.0
178,349290,1971,1,7,31.9,36.0,27.0
179,349290,1971,2,9,31.4,39.0,21.0
180,349290,1971,3,11,39.5,46.0,34.0
0,349290,1973,10,5,60.4,73.4,46.4
1,349290,1973,9,25,45.0,53.6,42.8
2,349290,1973,1,21,2.6,12.2,-4.0
3,349290,1973,2,22,35.9,37.4,32.0
4,349290,1973,8,6,77.3,87.8,66.2
5,349290,1973,9,21,60.8,73.4,44.6
6,349290,1973,10,25,36.2,41.0,33.8
7,349290,1973,12,6,35.9,42.8,32.0
8,349290,1973,12,11,23.3,26.6,21.2
9,349290,1973,12,14,37.7,51.8,28.4
10,349290,1973,6,17,63.2,69.8,57.2
11,349290,1973,7,25,80.6,95.0,64.4
12,349290,1973,9,20,52.7,66.2,35.6
13,349290,1973,10,10,61.4,68.0,50.0
14,349290,1973,10,14,59.9,66.2,55.4
15,349290,1973,10,17,67.1,73.4,57.2
16,349290,1973,12,18,34.7,41.0,28.4
17,349290,1973,12,23,39.8,55.4,26.6
18,349290,1973,12,24,34.1,39.2,28.4
19,349290,1973,1,22,14.0,23.0,1.4
20,349290,1973,7,19,75.2,87.8,68.0
21,349290,1973,9,1,69.8,82.4,55.4
22,349290,1973,10,2,62.1,75.2,48.2
23,349290,1973,3,11,48.9,64.4,32.0
24,349290,1973,7,13,67.6,77.0,57.2
25,349290,1973,2,6,32.5,42.8,19.4
26,349290,1973,2,28,54.1,71.6,41.0
27,349290,1973,4,11,58.2,73.4,35.6
28,349290,1973,5,12,65.9,75.2,59.0
29,349290,1973,5,31,61.1,68.0,57.2
30,349290,1973,7,4,73.1,86.0,60.8
31,349290,1973,7,31,71.6,86.0,59.0
32,349290,1973,8,18,69.5,82.4,60.8
33,349290,1973,8,30,63.1,80.6,46.4
34,349290,1973,9,6,60.8,69.8,48.2
35,349290,1973,9,18,58.2,64.4,53.6
36,349290,1973,11,25,46.7,51.8,33.8
37,349290,1973,1,27,18.7,28.4,6.8
38,349290,1973,1,1,31.3,37.4,23.0
39,349290,1973,12,22,37.6,48.2,30.2
40,349290,1973,1,23,10.6,23.0,3.2
41,349290,1973,1,26,13.1,41.0,3.2
42,349290,1973,2,4,31.1,37.4,24.8
43,349290,1973,2,11,51.6,59.0,44.6
44,349290,1973,2,16,35.4,41.0,32.0
45,349290,1973,2,20,44.6,55.4,32.0
46,349290,1973,5,11,69.4,89.6,51.8
47,349290,1973,5,24,65.3,78.8,53.6
48,349290,1973,5,29,62.8,69.8,57.2
49,349290,1973,6,24,67.3,78.8,53.6
50,349290,1973,8,7,82.4,95.0,66.2
51,349290,1973,8,23,71.6,84.2,62.6
52,349290,1973,11,9,38.5,46.4,30.2
53,349290,1973,11,20,41.5,50.0,28.4
54,349290,1973,3,6,35.2,50.0,26.6
55,349290,1973,3,8,32.4,44.6,24.8
56,349290,1973,3,29,49.3,62.6,35.6
57,349290,1973,5,6,63.5,77.0,48.2
58,349290,1973,6,3,61.2,73.4,53.6
59,349290,1973,6,4,64.4,75.2,53.6
60,349290,1973,6,5,66.7,78.8,51.8
61,349290,1973,7,15,74.5,91.4,64.4
62,349290,1973,7,16,75.4,87.8,59.0
63,349290,1973,7,23,76.1,87.8,62.6
64,349290,1973,10,7,60.6,69.8,53.6
65,349290,1973,12,27,35.8,48.2,23.0
66,349290,1973,8,27,62.3,80.6,59.0
67,349290,1973,11,6,35.9,46.4,26.6
68,349290,1973,2,21,43.8,59.0,37.4
69,349290,1973,10,24,35.6,41.0,32.0
70,349290,1973,9,3,68.5,82.4,59.0
71,349290,1973,1,25,12.2,23.0,1.4
72,349290,1973,1,30,37.4,44.6,32.0
73,349290,1973,3,26,41.5,46.4,35.6
74,349290,1973,8,28,60.4,71.6,48.2
75,349290,1973,12,20,32.9,44.6,26.6
76,349290,1973,7,5,78.2,89.6,62.6
77,349290,1973,9,22,62.0,78.8,33.8
78,349290,1973,6,16,69.5,78.8,62.6
79,349290,1973,10,12,54.8,59.0,51.8
80,349290,1973,12,26,27.2,28.4,26.6
81,349290,1973,12,28,36.5,39.2,35.6
82,349290,1973,1,11,33.5,41.0,24.8
83,349290,1973,9,4,65.0,78.8,57.2
84,349290,1973,11,24,34.1,41.0,23.0
85,349290,1973,2,18,45.1,55.4,37.4
86,349290,1973,5,18,58.7,69.8,53.6
87,349290,1973,6,8,72.1,82.4,60.8
88,349290,1973,6,13,67.5,75.2,60.8
89,349290,1973,6,18,64.4,73.4,53.6
90,349290,1973,6,28,67.0,77.0,53.6
91,349290,1973,6,30,69.0,82.4,53.6
92,349290,1973,9,13,56.2,62.6,51.8
93,349290,1973,11,26,50.8,53.6,44.6
94,349290,1973,12,1,35.6,48.2,24.8
95,349290,1973,2,8,42.8,46.4,39.2
96,349290,1973,3,24,44.8,51.8,41.0
97,349290,1973,4,7,54.7,66.2,46.4
98,349290,1973,4,16,55.0,60.8,48.2
99,349290,1973,4,21,52.0,59.0,48.2
100,349290,1973,6,29,66.4,73.4,60.8
101,349290,1973,1,7,33.3,39.2,32.0
102,349290,1973,3,15,48.4,66.2,42.8
103,349290,1973,4,8,52.9,64.4,46.4
104,349290,1973,6,14,70.0,78.8,64.4
105,349290,1973,6,23,64.2,75.2,57.2
106,349290,1973,10,29,35.6,39.2,30.2
107,349290,1973,11,27,50.3,55.4,37.4
108,349290,1973,10,23,50.6,68.0,39.2
109,349290,1973,4,24,48.5,55.4,44.6
110,349290,1973,11,17,45.9,55.4,39.2
111,349290,1973,4,25,51.3,62.6,37.4
112,349290,1973,10,21,49.7,53.6,46.4
113,349290,1973,1,28,32.5,39.2,24.8
114,349290,1973,6,26,68.2,80.6,59.0
115,349290,1973,5,28,61.2,69.8,55.4
116,349290,1973,7,20,75.7,86.0,68.0
117,349290,1973,8,2,69.8,77.0,66.2
118,349290,1973,4,17,53.4,60.8,50.0
119,349290,1973,9,12,57.4,60.8,53.6
120,349290,1973,4,15,56.0,66.2,51.8
121,349290,1973,1,3,29.3,46.4,17.6
122,349290,1973,4,3,48.2,64.4,35.6
123,349290,1973,6,25,70.4,84.2,60.8
124,349290,1973,7,22,75.8,84.2,59.0
125,349290,1973,9,26,45.5,60.8,37.4
126,349290,1973,10,26,33.8,41.0,28.4
127,349290,1973,11,18,40.7,44.6,37.4
128,349290,1973,12,13,32.9,41.0,21.2
129,349290,1973,9,29,59.8,73.4,44.6
130,349290,1973,6,2,61.4,73.4,57.2
131,349290,1973,7,21,71.3,84.2,66.2
132,349290,1973,8,3,66.5,75.2,62.6
133,349290,1973,8,21,70.1,82.4,60.8
134,349290,1973,8,26,65.9,80.6,57.2
135,349290,1973,2,10,47.7,59.0,39.2
136,349290,1973,4,1,47.9,64.4,32.0
137,349290,1973,5,10,72.6,86.0,57.2
138,349290,1973,6,1,64.4,71.6,57.2
139,349290,1973,6,10,71.9,86.0,55.4
140,349290,1973,7,8,73.1,86.0,62.6
141,349290,1973,8,15,72.6,80.6,64.4
142,349290,1973,8,17,69.8,80.6,62.6
143,349290,1973,10,3,61.3,71.6,48.2
144,349290,1973,10,22,56.2,73.4,35.6
145,349290,1973,10,28,39.7,46.4,35.6
146,349290,1973,11,30,27.9,32.0,24.8
147,349290,1973,6,6,67.0,80.6,51.8
148,349290,1973,7,11,63.4,77.0,50.0
149,349290,1973,7,12,68.8,80.6,51.8
150,349290,1973,8,5,70.1,82.4,57.2
151,349290,1973,8,14,70.8,82.4,60.8
152,349290,1973,9,15,54.1,68.0,39.2
153,349290,1973,11,7,41.3,55.4,28.4
154,349290,1973,11,10,41.5,53.6,28.4
155,349290,1973,12,9,38.4,46.4,28.4
156,349290,1973,12,12,26.6,32.0,23.0
157,349290,1973,9,23,64.4,80.6,50.0
158,349290,1973,1,4,30.4,44.6,17.6
159,349290,1973,1,13,7.5,17.6,-0.4
160,349290,1973,1,14,8.6,17.6,-4.0
161,349290,1973,1,17,16.0,24.8,10.4
162,349290,1973,2,9,43.9,50.0,39.2
163,349290,1973,2,13,50.0,64.4,41.0
164,349290,1973,3,14,44.1,53.6,33.8
165,349290,1973,3,30,49.8,62.6,37.4
166,349290,1973,4,4,54.7,69.8,46.4
167,349290,1973,4,6,54.7,66.2,39.2
168,349290,1973,4,12,61.7,80.6,41.0
169,349290,1973,5,5,59.7,71.6,50.0
170,349290,1973,5,8,64.9,80.6,55.4
171,349290,1973,6,12,68.9,84.2,57.2
172,349290,1973,6,15,68.5,80.6,60.8
173,349290,1973,6,19,64.8,77.0,50.0
174,349290,1973,7,30,72.1,82.4,60.8
175,349290,1973,8,4,71.6,89.6,60.8
176,349290,1973,9,2,69.3,82.4,57.2
177,349290,1973,9,7,61.2,75.2,46.4
178,349290,1973,10,6,63.7,75.2,51.8
179,349290,1973,1,15,17.4,24.8,6.8
180,349290,1973,2,12,47.5,60.8,41.0
181,349290,1973,2,19,45.0,51.8,42.8
182,349290,1973,4,30,52.7,66.2,39.2
183,349290,1973,5,2,57.2,71.6,44.6
184,349290,1973,5,22,61.5,73.4,48.2
185,349290,1973,6,7,69.1,82.4,51.8
186,349290,1973,6,9,70.5,82.4,57.2
187,349290,1973,6,11,72.1,86.0,57.2
188,349290,1973,8,1,73.6,86.0,62.6
189,349290,1973,8,13,70.0,82.4,60.8
190,349290,1973,11,11,42.4,55.4,32.0
191,349290,1973,10,4,58.5,71.6,50.0
192,349290,1973,2,1,32.0,37.4,28.4
193,349290,1973,5,1,53.0,66.2,42.8
194,349290,1973,7,10,71.0,78.8,62.6
195,349290,1973,8,24,66.8,75.2,57.2
196,349290,1973,4,5,53.6,64.4,44.6
197,349290,1973,4,19,51.8,64.4,42.8
198,349290,1973,4,14,63.6,77.0,53.6
199,349290,1973,12,30,37.7,39.2,35.6
200,349290,1973,12,31,34.5,37.4,32.0
201,349290,1973,2,15,45.5,59.0,35.6
202,349290,1973,2,5,25.7,28.4,23.0
203,349290,1973,11,1,36.7,42.8,32.0
204,349290,1973,11,22,36.0,41.0,32.0
205,349290,1973,12,3,21.0,26.6,12.2
206,349290,1973,10,9,55.0,69.8,48.2
207,349290,1973,10,16,64.0,68.0,59.0
208,349290,1973,1,6,33.8,35.6,32.0
209,349290,1973,8,12,65.3,75.2,59.0
210,349290,1973,9,5,63.5,68.0,60.8
211,349290,1973,12,17,34.1,42.8,32.0
212,349290,1973,3,5,36.1,48.2,28.4
213,349290,1973,5,3,60.5,73.4,50.0
214,349290,1973,11,29,37.7,51.8,32.0
215,349290,1973,3,18,41.3,48.2,37.4
216,349290,1973,8,11,65.2,71.6,57.2
217,349290,1973,10,31,42.5,59.0,33.8
218,349290,1973,11,3,37.9,39.2,35.6
219,349290,1973,11,8,42.0,51.8,35.6
220,349290,1973,11,28,32.5,35.6,32.0
221,349290,1973,3,2,34.2,39.2,30.2
222,349290,1973,12,5,41.0,48.2,26.6
223,349290,1973,1,5,35.6,41.0,28.4
224,349290,1973,1,9,32.0,35.6,23.0
225,349290,1973,3,17,41.2,53.6,37.4
226,349290,1973,4,23,49.3,59.0,42.8
227,349290,1973,5,13,62.2,68.0,59.0
228,349290,1973,5,14,62.8,71.6,57.2
229,349290,1973,8,8,79.3,86.0,71.6
230,349290,1973,11,2,36.3,42.8,30.2
231,349290,1973,11,14,50.5,55.4,42.8
232,349290,1973,11,16,47.5,57.2,32.0
233,349290,1973,7,17,77.9,89.6,64.4
234,349290,1973,10,19,60.8,73.4,46.4
235,349290,1973,8,9,74.4,84.2,69.8
236,349290,1973,1,20,15.8,24.8,1.4
237,349290,1973,7,26,74.4,89.6,62.6
238,349290,1973,1,8,28.7,33.8,23.0
239,349290,1973,3,22,38.4,46.4,33.8
240,349290,1973,12,2,32.8,41.0,24.8
241,349290,1973,3,1,42.1,51.8,35.6
242,349290,1973,6,21,67.1,78.8,62.6
243,349290,1973,12,15,47.8,53.6,39.2
244,349290,1973,2,27,47.3,59.0,41.0
245,349290,1973,4,28,53.1,60.8,50.0
246,349290,1973,4,29,53.6,64.4,48.2
247,349290,1973,5,19,50.9,60.8,46.4
248,349290,1973,10,11,60.4,73.4,53.6
249,349290,1973,9,30,52.5,75.2,46.4
250,349290,1973,10,20,45.7,59.0,32.0
251,349290,1973,4,2,49.7,62.6,35.6
252,349290,1973,7,7,73.7,84.2,64.4
253,349290,1973,9,11,64.4,78.8,51.8
254,349290,1973,10,15,59.9,75.2,48.2
255,349290,1973,8,22,71.6,82.4,60.8
256,349290,1973,6,20,71.9,84.2,55.4
257,349290,1973,7,6,72.5,82.4,62.6
258,349290,1973,8,20,69.2,78.8,64.4
259,349290,1973,12,21,32.6,41.0,24.8
260,349290,1973,1,2,34.3,44.6,24.8
261,349290,1973,1,24,8.9,23.0,-0.4
262,349290,1973,2,7,41.5,46.4,37.4
263,349290,1973,3,3,34.8,42.8,28.4
264,349290,1973,5,7,63.4,75.2,51.8
265,349290,1973,8,25,66.7,80.6,51.8
266,349290,1973,12,7,34.1,44.6,26.6
267,349290,1973,1,10,28.4,32.0,24.8
268,349290,1973,2,3,26.6,30.2,24.8
269,349290,1973,3,7,32.8,44.6,26.6
270,349290,1973,4,20,50.0,64.4,35.6
271,349290,1973,7,14,72.6,84.2,59.0
272,349290,1973,8,31,69.3,78.8,55.4
273,349290,1973,9,8,66.7,78.8,50.0
274,349290,1973,9,10,60.3,75.2,44.6
275,349290,1973,10,1,60.8,75.2,48.2
276,349290,1973,3,23,39.7,48.2,28.4
277,349290,1973,1,18,18.3,32.0,10.4
278,349290,1973,2,2,31.3,42.8,26.6
279,349290,1973,2,14,46.9,64.4,33.8
280,349290,1973,3,10,46.6,64.4,33.8
281,349290,1973,3,12,43.9,59.0,37.4
282,349290,1973,3,27,44.1,59.0,32.0
283,349290,1973,3,31,48.4,62.6,33.8
284,349290,1973,4,22,55.8,68.0,46.4
285,349290,1973,6,27,67.3,77.0,57.2
286,349290,1973,7,2,75.0,87.8,62.6
287,349290,1973,7,9,72.3,84.2,64.4
288,349290,1973,7,18,78.3,89.6,66.2
289,349290,1973,7,27,70.7,80.6,60.8
290,349290,1973,9,17,61.0,73.4,46.4
291,349290,1973,9,28,54.7,66.2,44.6
292,349290,1973,11,12,44.6,60.8,32.0
293,349290,1973,3,9,42.6,55.4,28.4
294,349290,1973,3,19,45.3,53.6,35.6
295,349290,1973,3,28,46.9,62.6,33.8
296,349290,1973,4,10,52.7,68.0,33.8
297,349290,1973,4,13,61.5,75.2,53.6
298,349290,1973,5,4,62.6,75.2,48.2
299,349290,1973,5,9,67.3,80.6,50.0
300,349290,1973,5,23,63.5,75.2,50.0
301,349290,1973,7,1,71.8,87.8,57.2
302,349290,1973,7,24,77.0,89.6,64.4
303,349290,1973,11,5,35.8,44.6,30.2
304,349290,1973,1,16,15.1,23.0,10.4
305,349290,1973,9,9,61.2,68.0,59.0
306,349290,1973,1,12,17.2,32.0,5.0
307,349290,1973,9,19,54.2,60.8,46.4
308,349290,1973,9,14,51.8,64.4,44.6
309,349290,1973,9,24,56.0,75.2,48.2
310,349290,1973,6,22,67.1,75.2,59.0
311,349290,1973,5,21,59.3,71.6,50.0
312,349290,1973,8,10,68.0,75.2,64.4
313,349290,1973,9,16,58.7,69.8,46.4
314,349290,1973,10,18,68.5,75.2,64.4
315,349290,1973,11,23,29.4,32.0,24.8
316,349290,1973,5,17,59.3,64.4,53.6
317,349290,1973,8,19,71.6,84.2,60.8
318,349290,1973,8,29,60.5,75.2,46.4
319,349290,1973,11,4,40.0,46.4,35.6
320,349290,1973,3,16,44.1,50.0,37.4
321,349290,1973,2,26,44.8,53.6,37.4
322,349290,1973,4,9,50.4,59.0,42.8
323,349290,1973,12,8,36.3,42.8,26.6
324,349290,1973,3,21,38.3,46.4,28.4
325,349290,1973,10,13,59.6,62.6,57.2
326,349290,1973,5,30,59.6,64.4,57.2
327,349290,1973,4,27,54.4,59.0,51.8
328,349290,1973,5,26,66.5,75.2,57.2
329,349290,1973,10,27,45.6,51.8,33.8
330,349290,1973,11,13,42.8,48.2,37.4
331,349290,1973,12,25,28.4,32.0,24.8
332,349290,1973,1,29,38.4,46.4,32.0
333,349290,1973,2,23,38.9,44.6,28.4
334,349290,1973,5,15,63.1,69.8,59.0
335,349290,1973,11,19,34.6,41.0,32.0
336,349290,1973,12,29,37.7,41.0,33.8
337,349290,1973,2,17,39.4,53.6,32.0
338,349290,1973,3,4,37.2,46.4,30.2
339,349290,1973,5,16,60.8,64.4,59.0
340,349290,1973,5,27,62.4,69.8,59.0
341,349290,1973,7,29,70.9,84.2,64.4
342,349290,1973,12,16,53.4,64.4,39.2
343,349290,1973,4,18,51.3,60.8,46.4
344,349290,1973,4,26,55.6,62.6,50.0
345,349290,1973,5,20,54.0,60.8,46.4
346,349290,1973,7,3,69.4,82.4,60.8
347,349290,1973,10,8,55.8,62.6,50.0
348,349290,1973,8,16,72.0,82.4,64.4
349,349290,1973,12,19,37.0,46.4,32.0
350,349290,1973,11,21,41.4,44.6,37.4
351,349290,1973,7,28,73.1,82.4,64.4
352,349290,1973,12,10,39.5,50.0,24.8
353,349290,1973,11,15,48.7,53.6,46.4
354,349290,1973,2,25,47.2,57.2,42.8
355,349290,1973,3,13,40.6,46.4,37.4
356,349290,1973,3,20,42.4,50.0,35.6
357,349290,1973,3,25,45.0,50.0,41.0
358,349290,1973,5,25,62.6,75.2,57.2
0,349290,1974,1,27,32.9,33.8,32.0
1,349290,1974,1,17,11.5,26.6,5.0
2,349290,1974,11,18,34.9,37.4,32.0
3,349290,1974,5,16,54.5,60.8,46.4
4,349290,1974,1,21,28.4,33.8,24.8
5,349290,1974,5,9,62.3,71.6,46.4
6,349290,1974,10,20,51.8,53.6,48.2
7,349290,1974,11,27,35.0,48.2,28.4
8,349290,1974,12,29,45.2,50.0,39.2
9,349290,1974,4,26,50.6,64.4,41.0
10,349290,1974,7,6,73.7,89.6,60.8
11,349290,1974,8,5,73.4,84.2,60.8
12,349290,1974,10,23,62.9,78.8,51.8
13,349290,1974,4,18,52.8,66.2,44.6
14,349290,1974,2,23,33.5,42.8,26.6
15,349290,1974,5,4,59.3,69.8,46.4
16,349290,1974,5,27,58.5,68.0,53.6
17,349290,1974,6,3,72.4,82.4,62.6
18,349290,1974,6,5,70.1,84.2,60.8
19,349290,1974,7,19,72.6,84.2,64.4
20,349290,1974,8,4,77.0,86.0,64.4
21,349290,1974,8,6,73.7,87.8,60.8
22,349290,1974,8,13,77.0,91.4,59.0
23,349290,1974,8,31,72.6,84.2,59.0
24,349290,1974,9,6,65.9,75.2,59.0
25,349290,1974,9,12,69.8,87.8,57.2
26,349290,1974,10,15,62.6,80.6,50.0
27,349290,1974,2,8,42.3,50.0,33.8
28,349290,1974,2,22,34.8,44.6,30.2
29,349290,1974,2,24,32.5,42.8,26.6
30,349290,1974,2,25,31.7,37.4,28.4
31,349290,1974,3,12,38.4,51.8,28.4
32,349290,1974,3,20,53.3,69.8,30.2
33,349290,1974,5,6,65.2,77.0,50.0
34,349290,1974,5,30,65.9,77.0,51.8
35,349290,1974,6,28,67.7,78.8,53.6
36,349290,1974,9,30,62.9,71.6,48.2
37,349290,1974,11,16,41.8,44.6,39.2
38,349290,1974,12,7,37.0,41.0,32.0
39,349290,1974,2,3,32.0,41.0,23.0
40,349290,1974,2,19,36.0,44.6,32.0
41,349290,1974,3,21,56.3,71.6,42.8
42,349290,1974,3,26,37.6,41.0,33.8
43,349290,1974,4,4,45.3,55.4,33.8
44,349290,1974,5,31,68.5,80.6,53.6
45,349290,1974,6,4,72.7,86.0,59.0
46,349290,1974,6,14,69.8,82.4,53.6
47,349290,1974,6,19,71.2,82.4,59.0
48,349290,1974,7,1,79.0,93.2,68.0
49,349290,1974,7,20,74.8,86.0,64.4
50,349290,1974,7,22,77.9,89.6,60.8
51,349290,1974,7,24,78.4,91.4,68.0
52,349290,1974,8,23,67.8,78.8,60.8
53,349290,1974,8,24,68.5,82.4,57.2
54,349290,1974,8,25,68.7,82.4,57.2
55,349290,1974,10,7,64.4,82.4,50.0
56,349290,1974,10,31,60.3,71.6,50.0
57,349290,1974,11,6,45.3,55.4,37.4
58,349290,1974,12,13,30.2,32.0,28.4
59,349290,1974,2,10,34.5,39.2,32.0
60,349290,1974,3,30,40.3,51.8,26.6
61,349290,1974,4,11,48.4,60.8,35.6
62,349290,1974,5,22,58.1,68.0,50.0
63,349290,1974,6,21,75.2,86.0,60.8
64,349290,1974,6,23,72.7,84.2,66.2
65,349290,1974,7,31,75.7,87.8,60.8
66,349290,1974,8,3,76.8,91.4,62.6
67,349290,1974,9,7,67.8,82.4,57.2
68,349290,1974,9,21,58.1,71.6,44.6
69,349290,1974,10,3,64.0,78.8,50.0
70,349290,1974,10,6,62.2,75.2,50.0
71,349290,1974,10,9,65.5,80.6,51.8
72,349290,1974,10,21,54.5,66.2,46.4
73,349290,1974,11,8,41.2,42.8,35.6
74,349290,1974,12,14,31.1,35.6,28.4
75,349290,1974,1,26,32.3,33.8,26.6
76,349290,1974,12,31,38.9,41.0,37.4
77,349290,1974,2,12,34.1,37.4,32.0
78,349290,1974,9,27,71.3,82.4,60.8
79,349290,1974,6,27,63.4,66.2,59.0
80,349290,1974,4,9,44.9,48.2,42.8
81,349290,1974,10,28,54.6,59.0,50.0
82,349290,1974,11,9,43.1,46.4,39.2
83,349290,1974,12,18,40.0,44.6,35.6
84,349290,1974,12,19,45.1,64.4,32.0
85,349290,1974,12,24,36.6,41.0,33.8
86,349290,1974,12,28,43.3,46.4,33.8
87,349290,1974,4,5,43.6,48.2,41.0
88,349290,1974,4,8,45.1,57.2,28.4
89,349290,1974,5,5,59.0,73.4,48.2
90,349290,1974,10,29,59.3,66.2,53.6
91,349290,1974,11,23,43.1,46.4,37.4
92,349290,1974,12,4,39.5,42.8,33.8
93,349290,1974,2,13,31.1,35.6,28.4
94,349290,1974,3,23,50.2,57.2,46.4
95,349290,1974,4,6,46.0,51.8,37.4
96,349290,1974,6,29,68.9,78.8,59.0
97,349290,1974,8,15,69.8,78.8,66.2
98,349290,1974,9,17,52.7,60.8,48.2
99,349290,1974,2,14,28.2,30.2,26.6
100,349290,1974,4,15,50.9,68.0,39.2
101,349290,1974,5,24,61.5,68.0,55.4
102,349290,1974,1,15,17.6,23.0,12.2
103,349290,1974,11,29,50.0,64.4,41.0
104,349290,1974,12,26,31.4,33.8,30.2
105,349290,1974,1,5,25.6,33.8,21.2
106,349290,1974,12,25,36.6,41.0,33.8
107,349290,1974,5,13,59.0,64.4,55.4
108,349290,1974,6,13,68.2,71.6,62.6
109,349290,1974,7,28,72.5,80.6,64.4
110,349290,1974,9,1,68.0,84.2,55.4
111,349290,1974,4,14,53.8,62.6,44.6
112,349290,1974,5,12,62.3,69.8,60.8
113,349290,1974,4,16,51.5,60.8,48.2
114,349290,1974,5,17,64.7,77.0,53.6
115,349290,1974,4,24,46.7,55.4,41.0
116,349290,1974,11,19,36.1,37.4,35.6
117,349290,1974,12,8,34.8,39.2,30.2
118,349290,1974,2,9,42.1,50.0,33.8
119,349290,1974,8,16,67.8,71.6,66.2
120,349290,1974,9,16,57.2,62.6,50.0
121,349290,1974,10,19,55.6,59.0,51.8
122,349290,1974,12,5,35.6,39.2,32.0
123,349290,1974,4,3,44.6,53.6,33.8
124,349290,1974,1,10,23.6,30.2,17.6
125,349290,1974,2,21,35.9,46.4,28.4
126,349290,1974,4,12,53.6,66.2,35.6
127,349290,1974,4,25,51.8,64.4,41.0
128,349290,1974,6,1,71.9,84.2,57.2
129,349290,1974,7,27,78.5,86.0,66.2
130,349290,1974,3,7,38.0,48.2,30.2
131,349290,1974,3,16,50.0,68.0,39.2
132,349290,1974,5,20,58.7,68.0,53.6
133,349290,1974,5,28,58.4,69.8,51.8
134,349290,1974,8,27,71.6,82.4,60.8
135,349290,1974,12,9,36.8,46.4,28.4
136,349290,1974,1,1,38.4,44.6,32.0
137,349290,1974,1,18,24.5,42.8,8.6
138,349290,1974,2,17,32.8,33.8,32.0
139,349290,1974,2,26,30.2,33.8,26.6
140,349290,1974,3,9,37.1,48.2,28.4
141,349290,1974,4,23,48.2,60.8,37.4
142,349290,1974,5,1,58.7,73.4,42.8
143,349290,1974,5,14,58.0,62.6,53.6
144,349290,1974,8,2,75.5,91.4,59.0
145,349290,1974,8,21,75.7,86.0,64.4
146,349290,1974,9,20,57.7,68.0,46.4
147,349290,1974,11,7,42.0,46.4,35.6
148,349290,1974,11,12,39.2,48.2,32.0
149,349290,1974,11,15,39.7,42.8,37.4
150,349290,1974,12,15,29.7,35.6,26.6
151,349290,1974,4,22,49.1,57.2,41.0
152,349290,1974,5,10,69.3,84.2,50.0
153,349290,1974,1,14,20.4,26.6,15.8
154,349290,1974,1,19,30.7,37.4,24.8
155,349290,1974,1,31,9.9,15.8,5.0
156,349290,1974,3,14,41.3,59.0,28.4
157,349290,1974,3,22,56.9,66.2,48.2
158,349290,1974,5,11,71.6,87.8,53.6
159,349290,1974,6,20,73.4,84.2,62.6
160,349290,1974,6,25,70.8,80.6,62.6
161,349290,1974,7,15,69.0,80.6,55.4
162,349290,1974,7,30,72.6,86.0,59.0
163,349290,1974,8,1,75.7,86.0,64.4
164,349290,1974,8,12,73.7,84.2,59.0
165,349290,1974,9,5,65.2,77.0,59.0
166,349290,1974,10,4,64.7,77.0,50.0
167,349290,1974,9,22,59.2,73.4,46.4
168,349290,1974,1,28,34.9,42.8,32.0
169,349290,1974,2,18,32.7,35.6,32.0
170,349290,1974,5,23,60.6,71.6,46.4
171,349290,1974,5,25,62.4,73.4,50.0
172,349290,1974,6,7,65.1,89.6,48.2
173,349290,1974,6,10,62.6,75.2,50.0
174,349290,1974,6,12,71.2,86.0,53.6
175,349290,1974,6,16,67.1,75.2,57.2
176,349290,1974,8,8,66.2,75.2,57.2
177,349290,1974,8,22,70.0,80.6,57.2
178,349290,1974,8,26,68.5,78.8,55.4
179,349290,1974,9,3,68.2,84.2,53.6
180,349290,1974,9,13,70.0,84.2,55.4
181,349290,1974,10,1,63.1,75.2,51.8
182,349290,1974,10,8,63.5,78.8,50.0
183,349290,1974,10,22,62.6,82.4,48.2
184,349290,1974,11,25,37.0,44.6,32.0
185,349290,1974,12,2,39.2,46.4,32.0
186,349290,1974,12,10,38.3,44.6,33.8
187,349290,1974,1,4,27.0,32.0,23.0
188,349290,1974,2,4,32.0,37.4,26.6
189,349290,1974,3,3,37.2,48.2,30.2
190,349290,1974,3,6,36.0,46.4,28.4
191,349290,1974,3,13,36.5,50.0,26.6
192,349290,1974,3,19,47.1,60.8,39.2
193,349290,1974,3,31,43.7,51.8,33.8
194,349290,1974,4,2,41.7,51.8,33.8
195,349290,1974,6,8,66.9,80.6,51.8
196,349290,1974,7,5,68.5,78.8,57.2
197,349290,1974,9,14,69.6,82.4,60.8
198,349290,1974,9,26,65.8,82.4,48.2
199,349290,1974,11,1,59.0,69.8,53.6
200,349290,1974,11,11,35.8,42.8,28.4
201,349290,1974,12,16,30.9,37.4,26.6
202,349290,1974,1,9,19.4,24.8,17.6
203,349290,1974,1,30,21.8,42.8,10.4
204,349290,1974,2,27,30.5,32.0,28.4
205,349290,1974,1,13,20.9,33.8,17.6
206,349290,1974,10,25,63.2,80.6,50.0
207,349290,1974,9,24,62.0,80.6,46.4
208,349290,1974,10,11,64.4,77.0,57.2
209,349290,1974,1,23,26.1,30.2,23.0
210,349290,1974,9,29,60.0,68.0,53.6
211,349290,1974,11,14,44.9,51.8,39.2
212,349290,1974,4,21,42.8,51.8,33.8
213,349290,1974,11,24,39.7,46.4,33.8
214,349290,1974,7,25,70.5,80.6,62.6
215,349290,1974,9,9,69.6,82.4,59.0
216,349290,1974,11,10,39.2,42.8,33.8
217,349290,1974,11,26,33.3,37.4,30.2
218,349290,1974,8,7,73.8,87.8,59.0
219,349290,1974,12,3,38.3,41.0,33.8
220,349290,1974,6,22,71.6,80.6,62.6
221,349290,1974,7,11,69.3,78.8,53.6
222,349290,1974,7,13,68.5,77.0,60.8
223,349290,1974,11,30,49.5,59.0,41.0
224,349290,1974,1,20,29.9,32.0,26.6
225,349290,1974,2,16,31.2,33.8,28.4
226,349290,1974,4,19,54.6,66.2,42.8
227,349290,1974,5,8,59.0,68.0,53.6
228,349290,1974,12,27,33.5,37.4,30.2
229,349290,1974,3,18,43.3,46.4,39.2
230,349290,1974,2,15,30.0,35.6,26.6
231,349290,1974,3,27,39.9,46.4,35.6
232,349290,1974,4,28,51.1,57.2,48.2
233,349290,1974,11,2,56.5,64.4,50.0
234,349290,1974,11,4,47.8,53.6,44.6
235,349290,1974,3,24,49.3,57.2,44.6
236,349290,1974,5,19,58.3,64.4,53.6
237,349290,1974,8,11,69.8,82.4,55.4
238,349290,1974,11,22,43.5,50.0,35.6
239,349290,1974,7,18,72.6,82.4,64.4
240,349290,1974,7,10,62.3,66.2,57.2
241,349290,1974,7,3,71.9,80.6,64.4
242,349290,1974,7,12,66.2,73.4,60.8
243,349290,1974,6,6,65.1,73.4,57.2
244,349290,1974,4,27,52.9,57.2,50.0
245,349290,1974,5,26,61.2,68.0,57.2
246,349290,1974,10,18,61.5,69.8,57.2
247,349290,1974,10,30,56.8,64.4,51.8
248,349290,1974,11,3,49.8,53.6,48.2
249,349290,1974,4,10,48.2,53.6,42.8
250,349290,1974,10,24,69.1,82.4,57.2
251,349290,1974,1,7,27.5,33.8,15.8
252,349290,1974,7,8,78.8,89.6,62.6
253,349290,1974,8,30,67.4,82.4,60.8
254,349290,1974,12,11,36.8,39.2,33.8
255,349290,1974,8,9,67.2,77.0,53.6
256,349290,1974,1,11,24.5,32.0,15.8
257,349290,1974,3,8,37.7,46.4,30.2
258,349290,1974,1,16,13.5,24.8,8.6
259,349290,1974,2,1,15.0,23.0,6.8
260,349290,1974,2,20,36.1,48.2,26.6
261,349290,1974,2,28,31.0,35.6,26.6
262,349290,1974,4,17,47.7,53.6,42.8
263,349290,1974,5,7,67.2,80.6,51.8
264,349290,1974,5,15,54.4,59.0,50.0
265,349290,1974,7,2,71.9,78.8,68.0
266,349290,1974,8,28,72.4,86.0,59.0
267,349290,1974,9,4,64.9,78.8,55.4
268,349290,1974,10,2,65.4,77.0,53.6
269,349290,1974,10,16,67.0,80.6,50.0
270,349290,1974,1,25,28.2,35.6,24.8
271,349290,1974,6,11,65.8,80.6,50.0
272,349290,1974,9,23,63.0,78.8,48.2
273,349290,1974,1,6,26.3,39.2,14.0
274,349290,1974,1,24,28.1,33.8,23.0
275,349290,1974,2,2,21.2,32.0,12.2
276,349290,1974,2,5,29.2,39.2,19.4
277,349290,1974,3,4,39.2,53.6,30.2
278,349290,1974,3,5,33.5,39.2,28.4
279,349290,1974,3,11,36.9,51.8,21.2
280,349290,1974,4,1,44.6,53.6,37.4
281,349290,1974,5,21,60.5,71.6,48.2
282,349290,1974,6,2,69.5,84.2,57.2
283,349290,1974,6,30,74.4,86.0,59.0
284,349290,1974,7,7,72.4,82.4,53.6
285,349290,1974,8,20,78.0,93.2,64.4
286,349290,1974,10,5,62.6,77.0,55.4
287,349290,1974,10,13,58.0,75.2,46.4
288,349290,1974,11,20,40.5,44.6,35.6
289,349290,1974,12,17,34.6,41.0,28.4
290,349290,1974,3,28,38.8,46.4,32.0
291,349290,1974,1,12,22.6,32.0,12.2
292,349290,1974,7,4,68.5,78.8,59.0
293,349290,1974,8,10,69.3,82.4,53.6
294,349290,1974,9,15,66.9,78.8,57.2
295,349290,1974,10,10,64.4,75.2,57.2
296,349290,1974,10,12,63.1,77.0,53.6
297,349290,1974,10,14,60.8,77.0,46.4
298,349290,1974,1,22,25.2,28.4,17.6
299,349290,1974,2,6,39.2,51.8,28.4
300,349290,1974,2,7,41.2,57.2,33.8
301,349290,1974,3,1,31.5,39.2,26.6
302,349290,1974,4,30,54.1,66.2,42.8
303,349290,1974,6,18,68.2,77.0,59.0
304,349290,1974,6,24,71.8,82.4,64.4
305,349290,1974,7,9,73.4,84.2,62.6
306,349290,1974,7,16,72.5,86.0,62.6
307,349290,1974,7,17,72.3,82.4,64.4
308,349290,1974,7,21,75.7,86.0,60.8
309,349290,1974,7,23,77.0,86.0,68.0
310,349290,1974,7,29,71.4,82.4,59.0
311,349290,1974,8,19,74.5,84.2,66.2
312,349290,1974,8,29,72.9,82.4,64.4
313,349290,1974,9,10,66.4,78.8,57.2
314,349290,1974,9,11,72.5,87.8,59.0
315,349290,1974,9,25,63.9,80.6,48.2
316,349290,1974,11,17,39.2,41.0,35.6
317,349290,1974,12,6,37.0,46.4,28.4
318,349290,1974,9,2,66.2,84.2,57.2
319,349290,1974,1,3,27.3,32.0,24.8
320,349290,1974,10,17,70.4,82.4,60.8
321,349290,1974,1,2,35.6,39.2,30.2
322,349290,1974,1,8,27.9,32.0,21.2
323,349290,1974,3,2,33.8,42.8,28.4
324,349290,1974,3,29,37.7,48.2,28.4
325,349290,1974,11,28,44.3,51.8,35.6
326,349290,1974,1,29,30.4,33.8,26.6
327,349290,1974,7,26,72.1,84.2,62.6
328,349290,1974,2,11,31.3,32.0,30.2
329,349290,1974,6,15,67.7,73.4,62.6
330,349290,1974,12,22,34.7,41.0,30.2
331,349290,1974,4,7,44.9,53.6,41.0
332,349290,1974,9,19,55.4,62.6,50.0
333,349290,1974,9,28,58.4,66.2,57.2
334,349290,1974,12,23,36.5,39.2,32.0
335,349290,1974,4,13,52.1,62.6,42.8
336,349290,1974,7,14,68.5,77.0,59.0
337,349290,1974,8,18,74.7,82.4,64.4
338,349290,1974,10,27,54.1,60.8,44.6
339,349290,1974,12,1,45.1,55.4,42.8
340,349290,1974,12,21,33.8,37.4,32.0
341,349290,1974,3,15,42.1,48.2,33.8
342,349290,1974,5,29,62.6,75.2,48.2
343,349290,1974,6,17,67.1,77.0,62.6
344,349290,1974,8,17,68.0,73.4,64.4
345,349290,1974,9,18,54.7,59.0,50.0
346,349290,1974,11,5,48.7,57.2,44.6
347,349290,1974,11,13,39.2,46.4,30.2
348,349290,1974,12,12,37.6,42.8,32.0
349,349290,1974,12,30,45.0,51.8,41.0
350,349290,1974,5,3,57.4,66.2,46.4
351,349290,1974,6,9,63.3,71.6,55.4
352,349290,1974,9,8,67.3,82.4,57.2
353,349290,1974,10,26,55.0,59.0,50.0
354,349290,1974,3,25,38.8,42.8,35.6
355,349290,1974,4,29,55.1,62.6,50.0
356,349290,1974,11,21,41.9,50.0,35.6
357,349290,1974,12,20,44.0,64.4,32.0
358,349290,1974,3,17,43.6,46.4,41.0
359,349290,1974,3,10,38.7,50.0,30.2
360,349290,1974,6,26,65.8,71.6,60.8
361,349290,1974,5,2,56.8,66.2,50.0
362,349290,1974,5,18,58.6,66.2,55.4
363,349290,1974,4,20,43.9,50.0,35.6
364,349290,1974,8,14,76.6,86.0,68.0
0,349290,1975,1,17,28.4,9999.9,9999.9
1,349290,1975,11,3,36.0,46.4,23.0
2,349290,1975,1,9,35.6,39.2,32.0
3,349290,1975,1,23,32.0,33.8,30.2
4,349290,1975,2,18,16.5,28.4,12.2
5,349290,1975,10,11,51.1,57.2,42.8
6,349290,1975,2,5,30.2,32.0,21.2
7,349290,1975,9,14,62.6,75.2,48.2
8,349290,1975,10,27,49.0,51.8,46.4
9,349290,1975,5,15,66.2,73.4,59.0
10,349290,1975,9,5,77.6,91.4,59.0
11,349290,1975,10,25,57.2,60.8,50.0
12,349290,1975,6,8,77.9,89.6,68.0
13,349290,1975,6,26,73.1,78.8,64.4
14,349290,1975,7,28,77.9,89.6,68.0
15,349290,1975,9,7,73.1,84.2,62.6
16,349290,1975,9,20,67.1,77.0,55.4
17,349290,1975,12,4,30.8,46.4,24.8
18,349290,1975,2,10,15.5,21.2,12.2
19,349290,1975,4,23,55.1,62.6,46.4
20,349290,1975,5,16,63.5,71.6,57.2
21,349290,1975,6,1,76.1,91.4,60.8
22,349290,1975,6,4,77.9,91.4,64.4
23,349290,1975,10,16,48.8,64.4,35.6
24,349290,1975,10,21,57.8,75.2,42.8
25,349290,1975,12,29,28.7,39.2,14.0
26,349290,1975,12,3,34.6,46.4,26.6
27,349290,1975,1,14,28.9,39.2,21.2
28,349290,1975,1,19,27.6,30.2,24.8
29,349290,1975,4,9,71.1,89.6,48.2
30,349290,1975,6,29,73.7,86.0,66.2
31,349290,1975,10,19,54.9,68.0,42.8
32,349290,1975,11,24,52.8,66.2,46.4
33,349290,1975,8,1,72.3,80.6,60.8
34,349290,1975,1,25,30.8,35.6,26.6
35,349290,1975,6,28,75.8,86.0,68.0
36,349290,1975,11,12,35.9,48.2,24.8
37,349290,1975,9,9,61.4,64.4,59.0
38,349290,1975,11,13,32.6,42.8,26.6
39,349290,1975,9,26,69.0,86.0,51.8
40,349290,1975,9,22,67.5,78.8,59.0
41,349290,1975,2,25,27.6,37.4,21.2
42,349290,1975,4,1,58.0,77.0,42.8
43,349290,1975,6,6,77.5,87.8,69.8
44,349290,1975,6,14,67.5,77.0,51.8
45,349290,1975,7,9,71.6,78.8,66.2
46,349290,1975,8,12,67.5,80.6,55.4
47,349290,1975,8,18,72.4,84.2,53.6
48,349290,1975,8,20,76.2,89.6,59.0
49,349290,1975,9,16,65.4,80.6,50.0
50,349290,1975,9,25,64.7,78.8,51.8
51,349290,1975,9,30,66.5,80.6,51.8
52,349290,1975,11,1,32.8,39.2,24.8
53,349290,1975,1,5,34.6,37.4,19.4
54,349290,1975,1,21,28.1,35.6,24.8
55,349290,1975,1,30,34.6,42.8,30.2
56,349290,1975,3,8,40.0,57.2,28.4
57,349290,1975,4,17,59.3,75.2,42.8
58,349290,1975,4,18,66.2,80.6,48.2
59,349290,1975,4,25,56.7,62.6,46.4
60,349290,1975,5,9,64.7,75.2,53.6
61,349290,1975,5,19,68.0,78.8,59.0
62,349290,1975,5,28,71.9,78.8,62.6
63,349290,1975,7,3,79.3,93.2,64.4
64,349290,1975,7,4,83.7,100.4,71.6
65,349290,1975,7,27,82.4,93.2,68.0
66,349290,1975,8,9,77.0,91.4,55.4
67,349290,1975,8,24,77.0,91.4,64.4
68,349290,1975,10,15,50.3,64.4,33.8
69,349290,1975,9,21,67.1,75.2,59.0
70,349290,1975,1,1,30.2,35.6,24.8
71,349290,1975,9,28,65.2,78.8,55.4
72,349290,1975,11,22,51.0,55.4,48.2
73,349290,1975,1,2,23.0,26.6,21.2
74,349290,1975,1,10,25.6,30.2,19.4
75,349290,1975,2,16,34.8,46.4,26.6
76,349290,1975,10,6,57.5,64.4,51.8
77,349290,1975,11,8,34.3,48.2,24.8
78,349290,1975,2,19,23.0,35.6,5.0
79,349290,1975,8,30,76.7,89.6,66.2
80,349290,1975,10,12,44.6,50.0,37.4
81,349290,1975,12,6,36.9,44.6,32.0
82,349290,1975,12,11,34.6,39.2,28.4
83,349290,1975,3,30,54.7,71.6,39.2
84,349290,1975,10,22,54.5,62.6,50.0
85,349290,1975,12,12,28.8,35.6,23.0
86,349290,1975,6,10,70.5,82.4,62.6
87,349290,1975,1,18,26.2,26.6,24.8
88,349290,1975,2,13,35.2,42.8,28.4
89,349290,1975,3,28,44.2,57.2,33.8
90,349290,1975,4,13,50.5,59.0,42.8
91,349290,1975,4,24,53.8,60.8,50.0
92,349290,1975,5,8,62.2,71.6,55.4
93,349290,1975,5,11,66.0,77.0,51.8
94,349290,1975,5,21,66.4,75.2,55.4
95,349290,1975,6,16,73.6,84.2,60.8
96,349290,1975,7,16,78.6,93.2,64.4
97,349290,1975,7,18,77.9,93.2,68.0
98,349290,1975,7,19,76.8,87.8,68.0
99,349290,1975,8,8,76.8,89.6,64.4
100,349290,1975,9,23,67.6,80.6,53.6
101,349290,1975,9,24,66.4,78.8,55.4
102,349290,1975,9,29,66.4,80.6,50.0
103,349290,1975,11,7,31.1,46.4,19.4
104,349290,1975,12,14,25.2,32.0,15.8
105,349290,1975,1,12,38.8,42.8,33.8
106,349290,1975,2,7,33.1,39.2,32.0
107,349290,1975,2,26,29.7,32.0,28.4
108,349290,1975,3,21,45.5,57.2,35.6
109,349290,1975,4,5,65.3,80.6,50.0
110,349290,1975,5,17,67.5,80.6,55.4
111,349290,1975,7,5,74.1,82.4,68.0
112,349290,1975,8,2,74.7,84.2,62.6
113,349290,1975,8,15,62.2,69.8,53.6
114,349290,1975,10,2,53.2,59.0,46.4
115,349290,1975,10,28,51.6,55.4,46.4
116,349290,1975,11,11,29.1,35.6,24.8
117,349290,1975,11,25,47.3,55.4,42.8
118,349290,1975,9,12,50.9,62.6,33.8
119,349290,1975,4,10,61.7,69.8,53.6
120,349290,1975,12,9,37.8,41.0,33.8
121,349290,1975,1,31,34.0,42.8,24.8
122,349290,1975,4,26,57.2,64.4,53.6
123,349290,1975,7,8,80.2,96.8,69.8
124,349290,1975,12,16,31.8,32.0,30.2
125,349290,1975,1,27,36.7,46.4,32.0
126,349290,1975,5,27,68.4,82.4,62.6
127,349290,1975,6,22,86.0,95.0,73.4
128,349290,1975,9,6,69.4,82.4,62.6
129,349290,1975,10,4,57.6,68.0,50.0
130,349290,1975,5,4,63.7,71.6,53.6
131,349290,1975,6,30,76.6,86.0,68.0
132,349290,1975,10,26,53.6,60.8,46.4
133,349290,1975,2,4,27.3,30.2,24.8
134,349290,1975,6,15,72.3,80.6,66.2
135,349290,1975,8,4,79.7,87.8,73.4
136,349290,1975,12,30,38.3,42.8,35.6
137,349290,1975,3,3,26.6,33.8,17.6
138,349290,1975,4,22,55.4,62.6,46.4
139,349290,1975,5,24,68.9,75.2,59.0
140,349290,1975,6,23,81.5,91.4,69.8
141,349290,1975,8,5,72.8,80.6,69.8
142,349290,1975,11,15,35.9,42.8,24.8
143,349290,1975,11,28,36.8,37.4,35.6
144,349290,1975,12,18,36.5,46.4,26.6
145,349290,1975,1,3,19.7,24.8,10.4
146,349290,1975,1,4,24.5,26.6,19.4
147,349290,1975,2,24,26.9,35.6,17.6
148,349290,1975,3,17,42.2,59.0,32.0
149,349290,1975,6,3,76.1,89.6,64.4
150,349290,1975,6,27,77.6,87.8,66.2
151,349290,1975,11,26,41.6,46.4,39.2
152,349290,1975,12,28,14.3,19.4,6.8
153,349290,1975,1,22,30.5,32.0,26.6
154,349290,1975,3,11,44.1,57.2,35.6
155,349290,1975,3,31,58.7,75.2,39.2
156,349290,1975,11,5,28.7,39.2,19.4
157,349290,1975,4,27,54.4,60.8,46.4
158,349290,1975,5,23,65.4,75.2,59.0
159,349290,1975,5,7,60.2,68.0,55.4
160,349290,1975,2,17,23.3,26.6,17.6
161,349290,1975,10,1,63.5,69.8,59.0
162,349290,1975,11,9,36.5,44.6,26.6
163,349290,1975,11,14,29.3,42.8,19.4
164,349290,1975,12,25,41.2,50.0,32.0
165,349290,1975,10,20,54.4,73.4,44.6
166,349290,1975,9,2,77.8,87.8,69.8
167,349290,1975,2,12,34.1,37.4,32.0
168,349290,1975,2,27,29.2,32.0,23.0
169,349290,1975,3,19,37.1,42.8,28.4
170,349290,1975,5,14,68.3,78.8,57.2
171,349290,1975,7,11,67.0,77.0,60.8
172,349290,1975,7,23,79.8,93.2,69.8
173,349290,1975,7,31,72.4,82.4,62.6
174,349290,1975,8,21,76.2,89.6,62.6
175,349290,1975,8,27,79.1,95.0,59.0
176,349290,1975,10,10,49.5,51.8,46.4
177,349290,1975,2,15,41.8,50.0,33.8
178,349290,1975,3,4,27.1,37.4,14.0
179,349290,1975,3,10,44.9,57.2,32.0
180,349290,1975,5,1,55.7,60.8,48.2
181,349290,1975,6,11,67.2,73.4,62.6
182,349290,1975,6,19,74.2,82.4,66.2
183,349290,1975,6,24,76.0,89.6,60.8
184,349290,1975,8,19,71.1,100.4,57.2
185,349290,1975,8,29,76.5,86.0,64.4
186,349290,1975,9,13,56.2,68.0,44.6
187,349290,1975,12,8,40.5,46.4,39.2
188,349290,1975,12,13,26.6,35.6,21.2
189,349290,1975,12,15,31.5,37.4,26.6
190,349290,1975,12,31,37.9,48.2,33.8
191,349290,1975,10,7,51.6,60.8,39.2
192,349290,1975,11,18,42.6,51.8,30.2
193,349290,1975,11,29,41.7,55.4,35.6
194,349290,1975,4,2,68.7,82.4,57.2
195,349290,1975,4,7,67.6,82.4,46.4
196,349290,1975,7,15,74.8,89.6,62.6
197,349290,1975,8,11,67.3,77.0,59.0
198,349290,1975,11,16,41.9,48.2,33.8
199,349290,1975,7,7,76.0,89.6,64.4
200,349290,1975,9,3,69.0,77.0,60.8
201,349290,1975,10,31,49.5,55.4,41.0
202,349290,1975,12,17,31.0,33.8,28.4
203,349290,1975,12,20,27.1,30.2,23.0
204,349290,1975,1,8,47.9,51.8,44.6
205,349290,1975,1,20,28.1,28.4,26.6
206,349290,1975,6,9,72.9,80.6,68.0
207,349290,1975,7,17,80.1,93.2,66.2
208,349290,1975,11,20,63.1,73.4,48.2
209,349290,1975,5,30,69.6,80.6,60.8
210,349290,1975,1,15,33.6,39.2,28.4
211,349290,1975,6,20,78.6,93.2,60.8
212,349290,1975,3,13,48.7,55.4,39.2
213,349290,1975,3,25,51.1,59.0,42.8
214,349290,1975,4,8,66.9,86.0,46.4
215,349290,1975,4,16,53.8,64.4,41.0
216,349290,1975,5,26,70.9,80.6,59.0
217,349290,1975,7,21,81.5,91.4,69.8
218,349290,1975,7,25,76.3,87.8,64.4
219,349290,1975,8,3,73.9,82.4,64.4
220,349290,1975,8,26,78.1,93.2,60.8
221,349290,1975,10,8,53.8,68.0,44.6
222,349290,1975,10,14,42.8,55.4,30.2
223,349290,1975,10,18,52.5,66.2,42.8
224,349290,1975,10,23,50.0,62.6,41.0
225,349290,1975,11,19,56.1,64.4,44.6
226,349290,1975,2,28,30.2,33.8,28.4
227,349290,1975,4,6,64.6,80.6,50.0
228,349290,1975,4,21,51.6,53.6,50.0
229,349290,1975,5,5,59.7,69.8,51.8
230,349290,1975,5,10,65.3,78.8,51.8
231,349290,1975,5,29,70.5,80.6,59.0
232,349290,1975,7,6,76.1,84.2,66.2
233,349290,1975,8,31,78.4,91.4,62.6
234,349290,1975,9,17,68.5,80.6,53.6
235,349290,1975,9,18,69.1,82.4,53.6
236,349290,1975,10,13,39.2,48.2,33.8
237,349290,1975,8,14,62.6,68.0,57.2
238,349290,1975,2,21,28.2,32.0,23.0
239,349290,1975,3,14,33.6,41.0,28.4
240,349290,1975,3,26,48.0,55.4,39.2
241,349290,1975,12,26,36.3,42.8,32.0
242,349290,1975,9,10,51.3,55.4,46.4
243,349290,1975,1,7,47.8,48.2,41.0
244,349290,1975,3,27,37.8,42.8,37.4
245,349290,1975,6,17,73.0,89.6,59.0
246,349290,1975,1,13,28.8,35.6,26.6
247,349290,1975,8,6,75.6,82.4,68.0
248,349290,1975,10,5,59.7,69.8,42.8
249,349290,1975,2,3,32.6,35.6,30.2
250,349290,1975,7,26,80.9,96.8,66.2
251,349290,1975,9,11,54.2,60.8,44.6
252,349290,1975,2,9,18.5,24.8,10.4
253,349290,1975,11,27,37.4,39.2,35.6
254,349290,1975,3,7,38.3,50.0,26.6
255,349290,1975,4,29,59.9,66.2,48.2
256,349290,1975,7,10,75.2,82.4,66.2
257,349290,1975,8,16,67.1,77.0,55.4
258,349290,1975,8,23,78.5,91.4,69.8
259,349290,1975,9,1,79.7,93.2,64.4
260,349290,1975,10,17,50.6,64.4,42.8
261,349290,1975,11,17,38.9,50.0,30.2
262,349290,1975,11,23,50.9,55.4,46.4
263,349290,1975,1,28,38.9,44.6,35.6
264,349290,1975,6,13,61.7,71.6,55.4
265,349290,1975,7,2,74.0,86.0,66.2
266,349290,1975,7,20,81.5,89.6,66.2
267,349290,1975,8,22,76.1,91.4,64.4
268,349290,1975,11,2,34.7,44.6,23.0
269,349290,1975,5,6,60.0,66.2,53.6
270,349290,1975,4,15,44.1,51.8,37.4
271,349290,1975,1,16,29.9,32.0,28.4
272,349290,1975,3,18,37.4,48.2,32.0
273,349290,1975,5,13,68.9,77.0,59.0
274,349290,1975,2,2,33.2,42.8,26.6
275,349290,1975,3,6,41.6,9999.9,26.6
276,349290,1975,8,10,72.6,77.0,66.2
277,349290,1975,1,24,32.0,33.8,30.2
278,349290,1975,2,1,29.4,35.6,26.6
279,349290,1975,2,6,32.5,33.8,32.0
280,349290,1975,3,1,32.0,35.6,28.4
281,349290,1975,3,22,42.5,44.6,37.4
282,349290,1975,4,11,62.3,71.6,48.2
283,349290,1975,4,19,62.9,73.4,57.2
284,349290,1975,5,20,62.3,69.8,55.4
285,349290,1975,5,25,69.5,78.8,60.8
286,349290,1975,6,18,77.5,89.6,64.4
287,349290,1975,7,12,66.5,73.4,59.0
288,349290,1975,8,7,77.5,87.8,64.4
289,349290,1975,9,19,66.7,82.4,50.0
290,349290,1975,10,24,47.7,57.2,37.4
291,349290,1975,12,21,22.2,26.6,21.2
292,349290,1975,1,6,39.7,44.6,30.2
293,349290,1975,1,11,28.9,42.8,17.6
294,349290,1975,2,11,32.5,37.4,12.2
295,349290,1975,2,22,23.5,30.2,17.6
296,349290,1975,2,23,23.5,32.0,15.8
297,349290,1975,3,5,34.8,46.4,21.2
298,349290,1975,3,15,32.8,41.0,24.8
299,349290,1975,3,20,41.0,51.8,32.0
300,349290,1975,3,24,42.5,48.2,37.4
301,349290,1975,5,18,68.0,78.8,57.2
302,349290,1975,5,22,65.9,77.0,57.2
303,349290,1975,6,25,74.9,84.2,62.6
304,349290,1975,7,1,77.5,86.0,64.4
305,349290,1975,7,24,73.7,86.0,66.2
306,349290,1975,9,8,69.8,75.2,64.4
307,349290,1975,9,15,66.7,77.0,53.6
308,349290,1975,12,7,44.3,48.2,32.0
309,349290,1975,9,4,72.3,84.2,59.0
310,349290,1975,12,1,39.2,42.8,35.6
311,349290,1975,1,26,30.9,32.0,24.8
312,349290,1975,7,30,72.3,80.6,64.4
313,349290,1975,8,13,71.4,82.4,57.2
314,349290,1975,11,6,28.9,41.0,21.2
315,349290,1975,12,5,34.9,57.2,21.2
316,349290,1975,4,14,43.8,57.2,37.4
317,349290,1975,6,12,67.5,77.0,60.8
318,349290,1975,10,29,46.4,53.6,33.8
319,349290,1975,11,4,33.3,41.0,23.0
320,349290,1975,8,17,68.0,80.6,51.8
321,349290,1975,8,25,76.5,91.4,60.8
322,349290,1975,3,12,44.6,57.2,33.8
323,349290,1975,9,27,66.0,78.8,51.8
324,349290,1975,1,29,38.8,46.4,33.8
325,349290,1975,3,16,38.8,51.8,24.8
326,349290,1975,4,4,66.2,78.8,51.8
327,349290,1975,5,3,63.7,77.0,51.8
328,349290,1975,6,2,76.3,89.6,62.6
329,349290,1975,6,21,81.1,95.0,66.2
330,349290,1975,7,13,73.8,86.0,59.0
331,349290,1975,7,14,77.2,91.4,62.6
332,349290,1975,10,3,57.0,64.4,53.6
333,349290,1975,12,10,34.2,35.6,32.0
334,349290,1975,12,23,36.7,46.4,19.4
335,349290,1975,12,24,38.1,42.8,30.2
336,349290,1975,2,14,44.2,53.6,35.6
337,349290,1975,3,2,32.5,37.4,30.2
338,349290,1975,3,9,45.0,62.6,32.0
339,349290,1975,3,23,37.6,41.0,35.6
340,349290,1975,3,29,46.2,60.8,30.2
341,349290,1975,4,3,68.4,84.2,50.0
342,349290,1975,4,28,59.9,71.6,48.2
343,349290,1975,5,2,58.8,68.0,48.2
344,349290,1975,5,12,66.9,78.8,53.6
345,349290,1975,6,5,79.0,91.4,64.4
346,349290,1975,6,7,78.6,93.2,64.4
347,349290,1975,7,22,79.9,91.4,71.6
348,349290,1975,7,29,74.1,82.4,69.8
349,349290,1975,8,28,79.0,95.0,62.6
350,349290,1975,10,30,43.0,57.2,26.6
351,349290,1975,11,10,33.1,46.4,24.8
352,349290,1975,11,30,36.3,41.0,30.2
353,349290,1975,12,22,23.5,33.8,17.6
354,349290,1975,2,8,28.4,32.0,21.2
355,349290,1975,2,20,29.8,35.6,24.8
356,349290,1975,4,12,55.2,64.4,46.4
357,349290,1975,11,21,57.9,68.0,50.0
358,349290,1975,12,19,40.8,50.0,30.2
359,349290,1975,12,27,30.2,32.0,28.4
360,349290,1975,4,20,54.5,59.0,51.8
361,349290,1975,4,30,56.3,60.8,51.8
362,349290,1975,10,9,52.5,59.0,48.2
363,349290,1975,12,2,37.8,46.4,32.0
0,349290,1976,10,25,43.2,44.6,41.0
1,349290,1976,7,17,71.6,78.8,60.8
2,349290,1976,11,10,41.9,55.4,30.2
3,349290,1976,12,21,33.2,41.0,30.2
4,349290,1976,3,16,38.4,50.0,30.2
5,349290,1976,2,13,16.4,24.8,6.8
6,349290,1976,3,13,23.9,35.6,19.4
7,349290,1976,4,6,54.2,68.0,39.2
8,349290,1976,4,8,54.8,71.6,39.2
9,349290,1976,4,17,50.9,51.8,48.2
10,349290,1976,12,18,29.7,41.0,26.6
11,349290,1976,2,8,3.5,5.0,-0.4
12,349290,1976,6,27,75.2,86.0,62.6
13,349290,1976,1,9,37.9,41.0,10.4
14,349290,1976,3,15,35.6,44.6,30.2
15,349290,1976,6,14,64.4,75.2,53.6
16,349290,1976,7,3,66.2,73.4,57.2
17,349290,1976,9,11,67.2,82.4,57.2
18,349290,1976,10,5,47.2,62.6,33.8
19,349290,1976,10,22,43.8,53.6,37.4
20,349290,1976,12,6,50.8,64.4,42.8
21,349290,1976,12,23,31.7,35.6,30.2
22,349290,1976,4,14,55.2,64.4,44.6
23,349290,1976,4,30,59.4,73.4,42.8
24,349290,1976,6,1,71.8,84.2,55.4
25,349290,1976,2,10,10.7,21.2,3.2
26,349290,1976,2,26,24.0,35.6,10.4
27,349290,1976,5,4,61.1,75.2,44.6
28,349290,1976,5,16,61.8,73.4,55.4
29,349290,1976,5,30,66.5,78.8,53.6
30,349290,1976,5,31,68.5,78.8,53.6
31,349290,1976,6,3,64.1,71.6,55.4
32,349290,1976,7,20,70.1,80.6,53.6
33,349290,1976,7,23,72.4,82.4,59.0
34,349290,1976,8,1,73.1,84.2,64.4
35,349290,1976,8,3,82.4,98.6,66.2
36,349290,1976,9,17,65.4,78.8,55.4
37,349290,1976,9,30,64.4,73.4,53.6
38,349290,1976,10,20,31.7,39.2,23.0
39,349290,1976,11,26,31.0,32.0,19.4
40,349290,1976,12,16,34.8,41.0,28.4
41,349290,1976,12,25,32.3,39.2,24.8
42,349290,1976,8,6,78.4,91.4,68.0
43,349290,1976,1,20,10.6,21.2,-0.4
44,349290,1976,1,24,40.6,44.6,30.2
45,349290,1976,1,30,36.9,44.6,30.2
46,349290,1976,2,12,16.9,26.6,10.4
47,349290,1976,3,12,28.0,37.4,21.2
48,349290,1976,3,14,29.8,35.6,21.2
49,349290,1976,5,12,53.8,62.6,44.6
50,349290,1976,6,8,66.9,82.4,48.2
51,349290,1976,7,6,73.2,82.4,57.2
52,349290,1976,8,13,67.8,80.6,57.2
53,349290,1976,8,28,70.9,82.4,62.6
54,349290,1976,9,9,61.7,73.4,51.8
55,349290,1976,9,12,69.6,82.4,57.2
56,349290,1976,9,25,58.6,68.0,50.0
57,349290,1976,9,29,57.7,71.6,41.0
58,349290,1976,11,13,43.9,60.8,28.4
59,349290,1976,11,16,39.2,42.8,35.6
60,349290,1976,12,5,57.9,69.8,42.8
61,349290,1976,12,13,54.0,64.4,42.8
62,349290,1976,1,21,24.3,32.0,-0.4
63,349290,1976,3,21,41.0,44.6,37.4
64,349290,1976,5,11,52.2,60.8,41.0
65,349290,1976,5,15,62.8,75.2,46.4
66,349290,1976,5,27,63.5,75.2,51.8
67,349290,1976,6,28,76.3,87.8,62.6
68,349290,1976,7,15,71.4,78.8,62.6
69,349290,1976,8,27,75.0,82.4,66.2
70,349290,1976,11,12,40.5,57.2,28.4
71,349290,1976,11,17,38.1,42.8,28.4
72,349290,1976,11,28,29.1,32.0,26.6
73,349290,1976,12,2,32.2,46.4,21.2
74,349290,1976,12,10,42.1,44.6,39.2
75,349290,1976,3,6,32.3,44.6,19.4
76,349290,1976,12,28,21.2,24.8,17.6
77,349290,1976,1,17,6.5,14.0,-0.4
78,349290,1976,10,3,46.7,55.4,41.0
79,349290,1976,11,7,40.0,50.0,26.6
80,349290,1976,3,11,32.3,41.0,24.8
81,349290,1976,3,27,49.7,62.6,35.6
82,349290,1976,1,7,15.3,23.0,3.2
83,349290,1976,2,4,19.9,28.4,15.8
84,349290,1976,2,6,19.1,23.0,15.8
85,349290,1976,8,4,72.4,78.8,64.4
86,349290,1976,10,26,37.9,48.2,32.0
87,349290,1976,12,1,27.9,32.0,24.8
88,349290,1976,12,27,36.1,44.6,28.4
89,349290,1976,10,19,26.6,35.6,21.2
90,349290,1976,2,29,28.7,32.0,21.2
91,349290,1976,10,17,25.6,28.4,23.0
92,349290,1976,2,1,28.2,41.0,23.0
93,349290,1976,8,7,75.7,82.4,68.0
94,349290,1976,4,11,55.1,66.2,50.0
95,349290,1976,6,21,68.0,82.4,60.8
96,349290,1976,11,2,57.8,60.8,55.4
97,349290,1976,8,9,70.1,82.4,59.0
98,349290,1976,3,29,42.5,50.0,39.2
99,349290,1976,7,31,77.9,82.4,69.8
100,349290,1976,12,4,49.2,55.4,39.2
101,349290,1976,4,12,55.4,64.4,50.0
102,349290,1976,6,15,60.8,68.0,51.8
103,349290,1976,6,18,66.7,82.4,55.4
104,349290,1976,7,11,72.9,82.4,60.8
105,349290,1976,8,19,76.7,86.0,68.0
106,349290,1976,6,29,76.8,89.6,62.6
107,349290,1976,1,15,35.9,39.2,26.6
108,349290,1976,7,4,68.3,78.8,55.4
109,349290,1976,9,4,65.9,75.2,60.8
110,349290,1976,2,27,38.5,42.8,26.6
111,349290,1976,3,17,39.2,53.6,26.6
112,349290,1976,5,10,50.5,60.8,41.0
113,349290,1976,5,13,58.3,66.2,50.0
114,349290,1976,5,20,65.1,84.2,59.0
115,349290,1976,6,25,71.2,78.8,64.4
116,349290,1976,7,16,68.4,75.2,62.6
117,349290,1976,7,30,77.0,86.0,66.2
118,349290,1976,10,10,52.7,60.8,46.4
119,349290,1976,11,18,42.1,46.4,37.4
120,349290,1976,12,24,30.9,35.6,28.4
121,349290,1976,5,28,61.9,77.0,53.6
122,349290,1976,6,19,65.3,75.2,57.2
123,349290,1976,8,22,70.5,78.8,68.0
124,349290,1976,12,9,42.4,46.4,37.4
125,349290,1976,10,1,48.2,66.2,42.8
126,349290,1976,1,12,36.4,46.4,32.0
127,349290,1976,6,13,60.8,68.0,55.4
128,349290,1976,5,8,52.3,57.2,48.2
129,349290,1976,1,11,36.3,42.8,32.0
130,349290,1976,1,23,36.5,41.0,28.4
131,349290,1976,6,30,69.4,80.6,60.8
132,349290,1976,10,9,56.3,64.4,46.4
133,349290,1976,12,8,45.7,57.2,41.0
134,349290,1976,2,19,20.1,37.4,12.2
135,349290,1976,6,26,72.7,82.4,62.6
136,349290,1976,2,24,14.4,26.6,6.8
137,349290,1976,5,23,56.1,68.0,50.0
138,349290,1976,2,16,14.6,24.8,6.8
139,349290,1976,11,9,41.3,57.2,33.8
140,349290,1976,6,4,66.8,78.8,50.0
141,349290,1976,8,2,74.9,86.0,62.6
142,349290,1976,9,26,58.7,71.6,48.2
143,349290,1976,4,15,58.5,69.8,44.6
144,349290,1976,4,22,56.4,68.0,42.8
145,349290,1976,11,23,45.6,50.0,39.2
146,349290,1976,2,9,6.3,15.8,-2.2
147,349290,1976,5,22,65.2,75.2,53.6
148,349290,1976,7,14,70.8,78.8,59.0
149,349290,1976,7,26,76.2,93.2,64.4
150,349290,1976,8,15,71.6,82.4,62.6
151,349290,1976,8,25,64.4,71.6,60.8
152,349290,1976,11,8,42.5,53.6,35.6
153,349290,1976,1,18,4.7,10.4,-7.6
154,349290,1976,2,14,17.9,28.4,12.2
155,349290,1976,2,18,18.4,30.2,5.0
156,349290,1976,4,3,47.2,69.8,35.6
157,349290,1976,6,22,68.5,82.4,59.0
158,349290,1976,7,25,72.9,87.8,60.8
159,349290,1976,8,10,66.2,78.8,59.0
160,349290,1976,9,8,61.6,66.2,57.2
161,349290,1976,10,29,34.3,41.0,28.4
162,349290,1976,10,30,33.0,46.4,24.8
163,349290,1976,12,19,29.2,37.4,26.6
164,349290,1976,5,21,64.6,77.0,51.8
165,349290,1976,12,12,50.0,64.4,42.8
166,349290,1976,3,22,44.8,55.4,32.0
167,349290,1976,3,23,43.5,60.8,33.8
168,349290,1976,3,24,41.2,50.0,35.6
169,349290,1976,4,10,60.3,73.4,48.2
170,349290,1976,4,24,61.3,71.6,53.6
171,349290,1976,5,7,59.0,69.8,50.0
172,349290,1976,6,7,63.0,75.2,51.8
173,349290,1976,7,22,71.2,84.2,60.8
174,349290,1976,7,29,75.9,87.8,50.0
175,349290,1976,8,20,74.3,86.0,66.2
176,349290,1976,9,22,55.6,60.8,48.2
177,349290,1976,10,6,52.7,68.0,35.6
178,349290,1976,11,4,56.7,68.0,51.8
179,349290,1976,11,27,29.5,32.0,28.4
180,349290,1976,12,29,25.0,30.2,17.6
181,349290,1976,1,6,28.9,33.8,24.8
182,349290,1976,1,28,39.4,51.8,32.0
183,349290,1976,2,25,22.3,33.8,14.0
184,349290,1976,4,2,46.9,60.8,32.0
185,349290,1976,8,5,70.7,80.6,60.8
186,349290,1976,8,18,77.5,89.6,64.4
187,349290,1976,8,30,66.9,77.0,60.8
188,349290,1976,10,8,56.8,66.2,50.0
189,349290,1976,10,13,57.2,71.6,44.6
190,349290,1976,12,30,27.5,35.6,21.2
191,349290,1976,12,26,34.4,42.8,32.0
192,349290,1976,10,11,55.4,60.8,50.0
193,349290,1976,11,6,46.7,55.4,41.0
194,349290,1976,8,17,72.4,84.2,60.8
195,349290,1976,7,27,76.6,86.0,69.8
196,349290,1976,9,28,54.1,64.4,44.6
197,349290,1976,3,5,30.7,32.0,24.8
198,349290,1976,9,21,55.6,60.8,51.8
199,349290,1976,10,15,45.3,53.6,39.2
200,349290,1976,2,2,27.5,30.2,23.0
201,349290,1976,2,15,16.2,24.8,10.4
202,349290,1976,7,19,68.5,78.8,60.8
203,349290,1976,2,28,33.6,39.2,32.0
204,349290,1976,3,31,43.5,53.6,30.2
205,349290,1976,9,3,67.4,75.2,55.4
206,349290,1976,6,12,58.5,68.0,50.0
207,349290,1976,6,16,63.1,75.2,50.0
208,349290,1976,4,16,55.4,64.4,50.0
209,349290,1976,6,6,64.4,73.4,55.4
210,349290,1976,6,10,57.7,64.4,55.4
211,349290,1976,10,21,37.1,44.6,32.0
212,349290,1976,11,22,40.0,42.8,35.6
213,349290,1976,9,19,67.2,75.2,62.6
214,349290,1976,4,28,55.4,59.0,51.8
215,349290,1976,6,23,71.3,82.4,64.4
216,349290,1976,10,24,44.3,46.4,41.0
217,349290,1976,12,17,29.2,32.0,28.4
218,349290,1976,1,26,48.4,53.6,42.8
219,349290,1976,4,13,56.5,68.0,46.4
220,349290,1976,5,5,60.6,71.6,48.2
221,349290,1976,7,5,65.8,78.8,60.8
222,349290,1976,7,21,68.5,78.8,59.0
223,349290,1976,11,5,51.8,59.0,48.2
224,349290,1976,11,20,40.1,42.8,39.2
225,349290,1976,1,4,37.2,44.6,26.6
226,349290,1976,1,10,40.1,41.0,35.6
227,349290,1976,1,13,38.5,46.4,32.0
228,349290,1976,12,7,47.3,55.4,46.4
229,349290,1976,5,19,60.8,68.0,53.6
230,349290,1976,9,5,69.8,80.6,59.0
231,349290,1976,3,2,32.3,41.0,24.8
232,349290,1976,1,5,35.6,41.0,33.8
233,349290,1976,2,23,23.7,28.4,12.2
234,349290,1976,11,1,61.2,62.6,59.0
235,349290,1976,11,19,39.4,41.0,39.2
236,349290,1976,4,9,59.0,75.2,39.2
237,349290,1976,8,8,73.4,80.6,66.2
238,349290,1976,8,14,74.3,82.4,60.8
239,349290,1976,8,16,69.5,78.8,66.2
240,349290,1976,11,29,32.9,35.6,30.2
241,349290,1976,10,23,44.1,48.2,39.2
242,349290,1976,11,14,45.6,62.6,30.2
243,349290,1976,6,20,67.4,82.4,55.4
244,349290,1976,7,8,68.9,78.8,53.6
245,349290,1976,7,10,73.4,84.2,62.6
246,349290,1976,1,2,41.5,48.2,32.0
247,349290,1976,3,4,34.1,39.2,28.4
248,349290,1976,3,9,31.5,39.2,28.4
249,349290,1976,4,19,51.5,60.8,42.8
250,349290,1976,4,26,65.9,75.2,53.6
251,349290,1976,5,3,54.9,66.2,41.0
252,349290,1976,5,24,62.9,71.6,53.6
253,349290,1976,7,1,66.5,80.6,57.2
254,349290,1976,7,18,70.8,77.0,60.8
255,349290,1976,8,29,66.7,78.8,59.0
256,349290,1976,12,20,32.5,39.2,24.8
257,349290,1976,2,22,26.6,30.2,19.4
258,349290,1976,11,3,56.1,62.6,51.8
259,349290,1976,11,15,42.3,59.0,32.0
260,349290,1976,1,22,34.8,41.0,14.0
261,349290,1976,2,5,22.0,24.8,14.0
262,349290,1976,2,20,24.8,28.4,15.8
263,349290,1976,4,25,59.0,73.4,46.4
264,349290,1976,5,2,51.0,60.8,44.6
265,349290,1976,6,17,69.5,80.6,50.0
266,349290,1976,7,2,67.0,82.4,53.6
267,349290,1976,7,24,73.9,89.6,60.8
268,349290,1976,8,11,67.2,77.0,59.0
269,349290,1976,9,16,65.7,78.8,53.6
270,349290,1976,9,18,66.7,75.2,57.2
271,349290,1976,10,14,64.1,80.6,46.4
272,349290,1976,11,11,38.4,55.4,30.2
273,349290,1976,12,3,36.1,42.8,30.2
274,349290,1976,1,31,32.2,33.8,30.2
275,349290,1976,1,8,9.5,23.0,-2.2
276,349290,1976,1,27,43.7,55.4,35.6
277,349290,1976,2,17,12.2,24.8,-0.4
278,349290,1976,3,1,24.6,32.0,15.8
279,349290,1976,3,7,34.5,41.0,32.0
280,349290,1976,3,10,31.3,39.2,24.8
281,349290,1976,4,1,44.4,51.8,39.2
282,349290,1976,4,7,52.0,66.2,37.4
283,349290,1976,4,18,51.4,59.0,46.4
284,349290,1976,4,23,61.5,75.2,46.4
285,349290,1976,6,5,66.9,78.8,55.4
286,349290,1976,8,26,68.2,73.4,64.4
287,349290,1976,9,6,70.2,84.2,59.0
288,349290,1976,9,10,64.6,78.8,48.2
289,349290,1976,9,13,70.9,82.4,60.8
290,349290,1976,9,14,64.9,71.6,59.0
291,349290,1976,9,24,53.4,60.8,46.4
292,349290,1976,10,31,44.4,60.8,28.4
293,349290,1976,2,21,24.6,28.4,23.0
294,349290,1976,3,8,36.0,46.4,30.2
295,349290,1976,3,18,42.4,53.6,28.4
296,349290,1976,3,19,42.8,51.8,33.8
297,349290,1976,3,25,45.3,60.8,33.8
298,349290,1976,3,28,46.0,51.8,41.0
299,349290,1976,4,5,56.5,73.4,37.4
300,349290,1976,4,27,70.9,86.0,55.4
301,349290,1976,5,25,63.5,77.0,50.0
302,349290,1976,5,29,64.4,78.8,48.2
303,349290,1976,7,7,67.1,75.2,59.0
304,349290,1976,7,13,66.9,75.2,62.6
305,349290,1976,7,28,75.9,86.0,64.4
306,349290,1976,8,12,70.0,82.4,55.4
307,349290,1976,8,21,73.2,82.4,66.2
308,349290,1976,9,2,66.7,80.6,57.2
309,349290,1976,9,15,63.1,71.6,59.0
310,349290,1976,10,7,54.5,68.0,42.8
311,349290,1976,10,18,25.7,32.0,21.2
312,349290,1976,10,27,39.4,48.2,30.2
313,349290,1976,11,30,30.2,32.0,28.4
314,349290,1976,12,11,44.6,53.6,35.6
315,349290,1976,12,31,23.4,30.2,14.0
316,349290,1976,2,11,15.5,21.2,8.6
317,349290,1976,1,16,21.7,39.2,10.4
318,349290,1976,4,29,56.3,64.4,48.2
319,349290,1976,10,4,43.4,57.2,32.0
320,349290,1976,1,1,36.2,46.4,30.2
321,349290,1976,2,3,24.2,28.4,19.4
322,349290,1976,12,22,34.1,39.2,32.0
323,349290,1976,5,26,61.6,75.2,53.6
324,349290,1976,1,14,30.2,33.8,28.4
325,349290,1976,3,26,47.4,60.8,37.4
326,349290,1976,5,17,61.8,73.4,53.6
327,349290,1976,11,24,51.3,57.2,41.0
328,349290,1976,8,24,69.1,78.8,60.8
329,349290,1976,1,19,12.0,17.6,-0.4
330,349290,1976,2,7,13.5,17.6,8.6
331,349290,1976,4,4,52.9,69.8,39.2
332,349290,1976,9,23,52.5,53.6,50.0
333,349290,1976,1,25,46.1,51.8,35.6
334,349290,1976,6,9,66.8,73.4,60.8
335,349290,1976,10,2,48.2,51.8,42.8
336,349290,1976,6,24,67.2,78.8,62.6
337,349290,1976,3,30,41.8,44.6,39.2
338,349290,1976,3,20,39.5,50.0,30.2
339,349290,1976,4,21,54.4,62.6,48.2
340,349290,1976,5,1,52.3,53.6,48.2
341,349290,1976,1,29,43.3,51.8,33.8
342,349290,1976,7,12,68.0,77.0,62.6
343,349290,1976,12,15,34.1,41.0,28.4
344,349290,1976,3,3,34.7,41.0,32.0
345,349290,1976,5,9,50.7,59.0,46.4
346,349290,1976,8,23,66.2,71.6,64.4
347,349290,1976,8,31,64.0,71.6,55.4
348,349290,1976,9,27,54.0,62.6,50.0
349,349290,1976,4,20,55.4,64.4,48.2
350,349290,1976,10,28,41.9,51.8,32.0
351,349290,1976,11,25,34.0,42.8,32.0
352,349290,1976,6,11,55.7,64.4,50.0
353,349290,1976,9,20,62.6,66.2,60.8
354,349290,1976,5,14,56.7,62.6,51.8
355,349290,1976,10,16,33.0,35.6,28.4
356,349290,1976,10,12,48.9,66.2,32.0
357,349290,1976,5,18,63.1,73.4,51.8
358,349290,1976,7,9,68.5,82.4,57.2
359,349290,1976,9,1,63.1,69.8,60.8
360,349290,1976,1,3,35.6,44.6,28.4
361,349290,1976,5,6,59.0,68.0,53.6
362,349290,1976,6,2,63.3,68.0,59.0
363,349290,1976,9,7,63.7,73.4,57.2
364,349290,1976,11,21,37.0,39.2,35.6
365,349290,1976,12,14,38.5,50.0,19.4
0,349290,1977,6,14,72.0,80.6,62.6
1,349290,1977,4,9,55.1,64.4,42.8
2,349290,1977,6,13,69.8,84.2,57.2
3,349290,1977,6,18,72.2,84.2,64.4
4,349290,1977,12,20,18.8,24.8,15.8
5,349290,1977,1,5,9.6,21.2,3.2
6,349290,1977,1,13,17.3,28.4,1.4
7,349290,1977,2,17,47.2,57.2,35.6
8,349290,1977,6,29,70.6,80.6,59.0
9,349290,1977,9,21,62.9,75.2,55.4
10,349290,1977,6,12,68.0,78.8,57.2
11,349290,1977,11,2,39.9,53.6,30.2
12,349290,1977,11,28,50.7,59.0,44.6
13,349290,1977,1,3,3.2,10.4,-0.4
14,349290,1977,4,21,49.0,59.0,37.4
15,349290,1977,4,25,53.6,60.8,48.2
16,349290,1977,4,28,53.9,62.6,46.4
17,349290,1977,7,25,80.9,93.2,69.8
18,349290,1977,9,29,42.8,53.6,37.4
19,349290,1977,10,7,55.1,68.0,42.8
20,349290,1977,10,19,44.1,57.2,26.6
21,349290,1977,12,5,28.7,32.0,24.8
22,349290,1977,12,16,24.0,26.6,21.2
23,349290,1977,1,4,2.3,10.4,-11.2
24,349290,1977,1,6,16.7,26.6,6.8
25,349290,1977,1,24,13.3,21.2,5.0
26,349290,1977,2,15,43.0,55.4,37.4
27,349290,1977,2,23,55.0,64.4,46.4
28,349290,1977,3,11,40.8,48.2,33.8
29,349290,1977,6,10,67.3,78.8,55.4
30,349290,1977,6,19,75.4,86.0,66.2
31,349290,1977,6,30,70.7,80.6,60.8
32,349290,1977,8,29,66.9,77.0,53.6
33,349290,1977,9,6,70.7,78.8,60.8
34,349290,1977,9,28,44.8,50.0,39.2
35,349290,1977,10,11,42.8,53.6,35.6
36,349290,1977,10,16,35.2,39.2,32.0
37,349290,1977,11,25,39.9,48.2,33.8
38,349290,1977,11,27,59.0,69.8,44.6
39,349290,1977,9,22,67.6,82.4,53.6
40,349290,1977,1,17,10.2,19.4,3.2
41,349290,1977,1,21,18.0,26.6,3.2
42,349290,1977,6,26,68.0,78.8,55.4
43,349290,1977,7,7,80.2,89.6,68.0
44,349290,1977,7,22,74.8,86.0,64.4
45,349290,1977,8,1,70.9,82.4,59.0
46,349290,1977,8,9,74.1,82.4,68.0
47,349290,1977,8,23,79.0,96.8,62.6
48,349290,1977,9,19,60.1,73.4,48.2
49,349290,1977,10,6,52.5,64.4,41.0
50,349290,1977,10,22,30.0,41.0,19.4
51,349290,1977,11,1,39.4,51.8,28.4
52,349290,1977,11,13,47.1,57.2,33.8
53,349290,1977,12,29,35.8,46.4,32.0
54,349290,1977,5,21,64.1,73.4,59.0
55,349290,1977,10,25,42.5,53.6,35.6
56,349290,1977,11,19,52.2,57.2,46.4
57,349290,1977,4,13,48.7,57.2,44.6
58,349290,1977,6,28,67.5,75.2,59.0
59,349290,1977,8,25,78.3,89.6,69.8
60,349290,1977,12,31,50.8,55.4,44.6
61,349290,1977,4,24,49.8,53.6,48.2
62,349290,1977,2,5,40.5,44.6,33.8
63,349290,1977,3,23,52.6,60.8,42.8
64,349290,1977,8,8,71.3,86.0,66.2
65,349290,1977,11,24,49.7,60.8,41.0
66,349290,1977,1,31,36.5,42.8,32.0
67,349290,1977,3,8,34.5,39.2,30.2
68,349290,1977,3,15,43.5,59.0,32.0
69,349290,1977,4,19,46.4,53.6,42.8
70,349290,1977,5,2,63.7,78.8,50.0
71,349290,1977,5,4,59.9,66.2,53.6
72,349290,1977,5,30,64.2,75.2,60.8
73,349290,1977,6,24,66.7,73.4,62.6
74,349290,1977,8,7,76.1,87.8,66.2
75,349290,1977,8,15,77.0,89.6,66.2
76,349290,1977,9,4,74.5,86.0,59.0
77,349290,1977,12,26,42.4,46.4,39.2
78,349290,1977,12,30,47.1,50.0,33.8
79,349290,1977,12,15,26.1,30.2,21.2
80,349290,1977,7,2,65.9,69.8,62.6
81,349290,1977,2,10,39.2,42.8,33.8
82,349290,1977,3,19,44.6,53.6,35.6
83,349290,1977,3,20,45.5,51.8,41.0
84,349290,1977,7,12,72.5,84.2,66.2
85,349290,1977,11,10,51.3,57.2,44.6
86,349290,1977,11,22,49.5,59.0,42.8
87,349290,1977,12,28,33.1,33.8,32.0
88,349290,1977,4,30,66.5,82.4,57.2
89,349290,1977,1,8,25.6,32.0,12.2
90,349290,1977,1,19,13.2,21.2,6.8
91,349290,1977,7,8,78.0,84.2,69.8
92,349290,1977,8,21,69.5,77.0,62.6
93,349290,1977,1,23,17.4,23.0,6.8
94,349290,1977,8,28,65.3,75.2,57.2
95,349290,1977,12,25,39.6,59.0,12.2
96,349290,1977,2,28,45.2,50.0,39.2
97,349290,1977,3,2,28.7,32.0,24.8
98,349290,1977,12,4,31.7,41.0,28.4
99,349290,1977,1,29,34.8,39.2,28.4
100,349290,1977,2,6,32.5,39.2,28.4
101,349290,1977,8,16,70.1,80.6,64.4
102,349290,1977,12,7,31.7,33.8,28.4
103,349290,1977,2,24,45.7,55.4,37.4
104,349290,1977,3,1,36.3,46.4,32.0
105,349290,1977,2,2,37.9,46.4,33.8
106,349290,1977,3,7,40.8,50.0,33.8
107,349290,1977,9,25,55.9,60.8,48.2
108,349290,1977,11,18,50.7,59.0,48.2
109,349290,1977,6,1,61.2,69.8,55.4
110,349290,1977,1,12,9.5,17.6,-0.4
111,349290,1977,12,21,21.5,24.8,15.8
112,349290,1977,1,18,13.1,24.8,-14.8
113,349290,1977,7,6,77.0,89.6,64.4
114,349290,1977,12,24,4.7,15.8,-4.0
115,349290,1977,10,23,39.2,55.4,24.8
116,349290,1977,1,15,18.4,26.6,12.2
117,349290,1977,1,27,35.1,39.2,32.0
118,349290,1977,2,16,49.2,60.8,35.6
119,349290,1977,3,10,39.7,53.6,26.6
120,349290,1977,4,15,49.0,53.6,46.4
121,349290,1977,4,29,62.3,78.8,46.4
122,349290,1977,8,19,62.1,75.2,53.6
123,349290,1977,8,22,69.3,82.4,55.4
124,349290,1977,10,8,54.9,68.0,39.2
125,349290,1977,3,30,51.8,64.4,42.8
126,349290,1977,10,18,34.7,48.2,21.2
127,349290,1977,11,14,48.4,64.4,32.0
128,349290,1977,2,9,31.0,39.2,17.6
129,349290,1977,3,14,42.0,57.2,28.4
130,349290,1977,3,31,54.1,64.4,33.8
131,349290,1977,5,1,64.7,78.8,53.6
132,349290,1977,5,11,63.1,69.8,50.0
133,349290,1977,5,23,70.6,80.6,60.8
134,349290,1977,6,3,69.5,80.6,57.2
135,349290,1977,6,4,72.4,80.6,60.8
136,349290,1977,8,13,74.7,84.2,68.0
137,349290,1977,9,5,74.9,86.0,62.6
138,349290,1977,10,9,54.6,71.6,41.0
139,349290,1977,11,12,44.1,53.6,39.2
140,349290,1977,11,15,53.1,69.8,41.0
141,349290,1977,12,1,36.9,44.6,30.2
142,349290,1977,1,16,13.3,24.8,6.8
143,349290,1977,1,20,7.0,17.6,-0.4
144,349290,1977,1,25,18.7,28.4,5.0
145,349290,1977,2,20,40.8,48.2,33.8
146,349290,1977,3,4,32.7,41.0,19.4
147,349290,1977,3,13,38.3,50.0,28.4
148,349290,1977,3,17,46.9,60.8,35.6
149,349290,1977,4,1,57.9,69.8,48.2
150,349290,1977,4,3,62.2,78.8,44.6
151,349290,1977,6,8,65.1,73.4,59.0
152,349290,1977,7,17,65.3,73.4,57.2
153,349290,1977,7,23,76.3,89.6,62.6
154,349290,1977,8,11,76.6,86.0,68.0
155,349290,1977,8,14,75.4,89.6,62.6
156,349290,1977,8,20,72.1,84.2,59.0
157,349290,1977,9,13,57.2,69.8,44.6
158,349290,1977,9,20,63.1,77.0,50.0
159,349290,1977,9,30,45.5,57.2,28.4
160,349290,1977,10,3,58.8,71.6,44.6
161,349290,1977,10,29,44.6,53.6,37.4
162,349290,1977,12,9,21.0,23.0,19.4
163,349290,1977,12,14,23.9,30.2,15.8
164,349290,1977,2,4,41.2,48.2,33.8
165,349290,1977,1,11,16.5,24.8,8.6
166,349290,1977,2,1,40.6,51.8,35.6
167,349290,1977,3,5,40.5,46.4,33.8
168,349290,1977,3,16,46.9,60.8,33.8
169,349290,1977,4,4,66.9,87.8,48.2
170,349290,1977,4,16,54.5,64.4,42.8
171,349290,1977,6,23,67.8,75.2,59.0
172,349290,1977,6,27,70.9,82.4,57.2
173,349290,1977,7,15,74.5,84.2,62.6
174,349290,1977,11,7,41.9,53.6,32.0
175,349290,1977,11,26,41.7,50.0,32.0
176,349290,1977,12,10,25.7,28.4,19.4
177,349290,1977,12,12,13.5,24.8,8.6
178,349290,1977,7,21,75.5,86.0,60.8
179,349290,1977,4,27,50.0,55.4,46.4
180,349290,1977,6,9,65.7,77.0,55.4
181,349290,1977,4,22,46.6,48.2,44.6
182,349290,1977,2,12,49.8,55.4,32.0
183,349290,1977,4,26,48.7,55.4,39.2
184,349290,1977,5,3,62.9,75.2,57.2
185,349290,1977,8,31,66.5,75.2,59.0
186,349290,1977,11,4,48.2,59.0,37.4
187,349290,1977,1,28,35.6,41.0,32.0
188,349290,1977,3,6,42.1,50.0,33.8
189,349290,1977,5,15,61.9,71.6,57.2
190,349290,1977,8,6,75.2,84.2,68.0
191,349290,1977,10,2,54.5,60.8,50.0
192,349290,1977,12,3,44.2,48.2,41.0
193,349290,1977,4,7,52.2,57.2,50.0
194,349290,1977,4,23,52.2,60.8,44.6
195,349290,1977,6,15,70.3,80.6,62.6
196,349290,1977,9,16,61.2,69.8,50.0
197,349290,1977,9,26,44.4,53.6,42.8
198,349290,1977,11,5,56.5,62.6,51.8
199,349290,1977,11,29,41.2,44.6,32.0
200,349290,1977,6,25,66.7,75.2,57.2
201,349290,1977,8,3,72.5,91.4,64.4
202,349290,1977,11,21,45.2,48.2,41.0
203,349290,1977,2,14,45.2,53.6,37.4
204,349290,1977,1,30,35.1,42.8,30.2
205,349290,1977,2,3,41.5,57.2,33.8
206,349290,1977,6,22,69.5,78.8,62.6
207,349290,1977,8,24,77.8,93.2,69.8
208,349290,1977,12,19,19.9,21.2,17.6
209,349290,1977,1,2,13.2,17.6,5.0
210,349290,1977,1,1,24.5,33.8,19.4
211,349290,1977,1,14,22.5,32.0,17.6
212,349290,1977,2,26,46.1,60.8,32.0
213,349290,1977,3,27,44.3,51.8,39.2
214,349290,1977,9,23,65.1,71.6,57.2
215,349290,1977,10,15,51.8,62.6,37.4
216,349290,1977,10,17,33.1,41.0,26.6
217,349290,1977,8,4,77.7,84.2,68.0
218,349290,1977,10,31,46.0,53.6,37.4
219,349290,1977,12,22,22.5,28.4,10.4
220,349290,1977,4,18,46.9,50.0,44.6
221,349290,1977,5,5,49.5,55.4,44.6
222,349290,1977,9,12,57.5,64.4,50.0
223,349290,1977,2,13,52.6,62.6,41.0
224,349290,1977,2,19,43.8,46.4,37.4
225,349290,1977,3,9,34.8,46.4,30.2
226,349290,1977,4,17,51.8,60.8,48.2
227,349290,1977,5,25,59.5,66.2,51.8
228,349290,1977,7,11,72.1,84.2,66.2
229,349290,1977,5,28,55.6,66.2,35.6
230,349290,1977,4,8,50.7,55.4,48.2
231,349290,1977,7,29,73.0,84.2,66.2
232,349290,1977,12,27,32.5,33.8,32.0
233,349290,1977,4,11,64.1,82.4,48.2
234,349290,1977,6,2,67.1,75.2,53.6
235,349290,1977,11,16,55.1,68.0,41.0
236,349290,1977,6,11,68.8,78.8,59.0
237,349290,1977,8,5,76.2,84.2,71.6
238,349290,1977,4,10,59.5,78.8,42.8
239,349290,1977,2,25,43.6,53.6,32.0
240,349290,1977,3,28,47.9,64.4,35.6
241,349290,1977,5,31,64.7,71.6,53.6
242,349290,1977,10,1,51.8,60.8,42.8
243,349290,1977,11,17,55.1,66.2,39.2
244,349290,1977,11,23,44.6,57.2,39.2
245,349290,1977,2,21,44.1,59.0,30.2
246,349290,1977,5,16,65.1,78.8,51.8
247,349290,1977,5,17,66.0,78.8,53.6
248,349290,1977,7,28,76.3,86.0,68.0
249,349290,1977,9,2,70.2,82.4,59.0
250,349290,1977,12,2,40.5,48.2,33.8
251,349290,1977,2,8,21.5,30.2,14.0
252,349290,1977,4,14,49.2,55.4,46.4
253,349290,1977,5,12,66.5,78.8,50.0
254,349290,1977,5,13,68.5,77.0,62.6
255,349290,1977,5,20,64.7,78.8,57.2
256,349290,1977,9,3,71.6,82.4,59.0
257,349290,1977,10,24,44.9,62.6,30.2
258,349290,1977,11,9,48.5,57.2,42.8
259,349290,1977,1,9,34.9,44.6,26.6
260,349290,1977,1,22,29.1,37.4,21.2
261,349290,1977,2,22,51.4,64.4,39.2
262,349290,1977,3,12,42.1,53.6,35.6
263,349290,1977,3,26,42.3,46.4,39.2
264,349290,1977,4,5,62.8,78.8,48.2
265,349290,1977,5,6,54.7,62.6,46.4
266,349290,1977,5,18,66.0,78.8,57.2
267,349290,1977,5,24,66.9,77.0,57.2
268,349290,1977,5,27,59.2,68.0,53.6
269,349290,1977,6,17,71.8,80.6,64.4
270,349290,1977,6,21,73.0,82.4,62.6
271,349290,1977,7,10,75.0,86.0,62.6
272,349290,1977,7,24,79.7,89.6,68.0
273,349290,1977,7,31,69.1,78.8,60.8
274,349290,1977,8,12,76.8,89.6,66.2
275,349290,1977,9,1,68.5,78.8,59.0
276,349290,1977,9,9,68.7,84.2,59.0
277,349290,1977,9,14,60.4,71.6,51.8
278,349290,1977,9,18,59.7,69.8,50.0
279,349290,1977,11,3,43.2,57.2,30.2
280,349290,1977,12,13,15.6,24.8,6.8
281,349290,1977,12,18,26.4,32.0,24.8
282,349290,1977,1,7,19.9,32.0,12.2
283,349290,1977,5,26,59.9,69.8,50.0
284,349290,1977,10,21,29.3,46.4,24.8
285,349290,1977,10,26,39.2,50.0,28.4
286,349290,1977,2,11,44.6,57.2,30.2
287,349290,1977,3,29,53.6,69.8,39.2
288,349290,1977,4,12,67.1,80.6,55.4
289,349290,1977,5,9,58.5,73.4,41.0
290,349290,1977,5,10,65.3,78.8,51.8
291,349290,1977,5,29,66.0,87.8,48.2
292,349290,1977,6,20,75.9,86.0,66.2
293,349290,1977,7,4,71.8,80.6,64.4
294,349290,1977,7,5,73.4,84.2,62.6
295,349290,1977,7,9,75.7,86.0,64.4
296,349290,1977,7,18,64.2,75.2,51.8
297,349290,1977,7,19,68.7,78.8,53.6
298,349290,1977,8,2,74.1,86.0,59.0
299,349290,1977,8,10,75.2,84.2,66.2
300,349290,1977,9,8,69.1,78.8,62.6
301,349290,1977,9,17,59.9,68.0,53.6
302,349290,1977,9,24,61.7,69.8,53.6
303,349290,1977,10,12,43.0,62.6,32.0
304,349290,1977,10,13,47.1,62.6,32.0
305,349290,1977,11,30,39.7,44.6,35.6
306,349290,1977,12,6,33.8,41.0,28.4
307,349290,1977,12,17,26.2,28.4,23.0
308,349290,1977,12,23,17.4,32.0,1.4
309,349290,1977,10,28,48.2,50.0,42.8
310,349290,1977,6,16,68.0,78.8,60.8
311,349290,1977,7,16,73.4,84.2,62.6
312,349290,1977,5,7,54.1,60.8,46.4
313,349290,1977,7,14,73.1,80.6,66.2
314,349290,1977,8,27,63.4,71.6,60.8
315,349290,1977,9,11,64.9,77.0,59.0
316,349290,1977,3,25,40.6,50.0,37.4
317,349290,1977,9,7,70.5,82.4,62.6
318,349290,1977,6,7,62.9,66.2,59.0
319,349290,1977,5,14,61.1,68.0,57.2
320,349290,1977,7,13,70.3,80.6,64.4
321,349290,1977,9,15,56.7,64.4,51.8
322,349290,1977,10,30,42.5,50.0,33.8
323,349290,1977,2,18,47.1,57.2,42.8
324,349290,1977,6,5,70.0,82.4,57.2
325,349290,1977,7,20,69.8,77.0,62.6
326,349290,1977,7,26,76.8,86.0,69.8
327,349290,1977,8,17,66.7,73.4,60.8
328,349290,1977,9,10,64.9,75.2,59.0
329,349290,1977,10,4,58.3,78.8,48.2
330,349290,1977,5,19,66.9,77.0,53.6
331,349290,1977,3,21,46.6,50.0,41.0
332,349290,1977,7,3,69.3,80.6,62.6
333,349290,1977,1,26,29.8,33.8,21.2
334,349290,1977,3,22,47.5,59.0,32.0
335,349290,1977,7,1,68.7,80.6,57.2
336,349290,1977,10,27,43.2,46.4,35.6
337,349290,1977,12,11,17.0,23.0,10.4
338,349290,1977,12,8,27.9,30.2,24.8
339,349290,1977,1,10,20.2,28.4,15.8
340,349290,1977,2,7,26.4,41.0,21.2
341,349290,1977,2,27,53.8,60.8,46.4
342,349290,1977,3,3,26.4,33.8,21.2
343,349290,1977,4,2,57.2,64.4,51.8
344,349290,1977,5,22,67.5,78.8,57.2
345,349290,1977,7,30,68.7,75.2,60.8
346,349290,1977,11,8,43.0,51.8,35.6
347,349290,1977,4,6,61.2,71.6,51.8
348,349290,1977,9,27,43.0,48.2,39.2
349,349290,1977,8,26,70.0,78.8,62.6
350,349290,1977,11,20,42.2,44.6,41.0
351,349290,1977,10,14,51.5,64.4,39.2
352,349290,1977,3,24,48.0,57.2,39.2
353,349290,1977,5,8,53.8,59.0,48.2
354,349290,1977,6,6,66.9,75.2,60.8
355,349290,1977,8,18,61.7,69.8,55.4
356,349290,1977,8,30,64.4,75.2,60.8
357,349290,1977,10,5,49.1,57.2,42.8
358,349290,1977,10,10,42.1,46.4,37.4
359,349290,1977,11,6,49.3,57.2,37.4
360,349290,1977,3,18,42.1,46.4,35.6
361,349290,1977,4,20,47.3,57.2,41.0
362,349290,1977,7,27,75.7,80.6,69.8
363,349290,1977,10,20,50.7,59.0,37.4
364,349290,1977,11,11,43.5,46.4,39.2
0,349290,1978,11,27,39.6,55.4,30.2
1,349290,1978,4,10,40.1,48.2,35.6
2,349290,1978,4,16,62.0,75.2,50.0
3,349290,1978,10,31,43.4,62.6,39.2
4,349290,1978,3,3,42.8,55.4,32.0
5,349290,1978,7,7,81.1,91.4,68.0
6,349290,1978,8,5,66.5,73.4,62.6
7,349290,1978,1,21,13.5,19.4,10.4
8,349290,1978,1,8,18.1,19.4,17.6
9,349290,1978,1,29,32.8,33.8,32.0
10,349290,1978,2,5,33.3,39.2,30.2
11,349290,1978,3,25,48.7,55.4,42.8
12,349290,1978,6,7,63.4,71.6,55.4
13,349290,1978,6,14,74.7,87.8,60.8
14,349290,1978,7,27,71.9,80.6,55.4
15,349290,1978,8,15,66.2,80.6,57.2
16,349290,1978,11,3,40.0,44.6,30.2
17,349290,1978,11,19,41.5,50.0,28.4
18,349290,1978,12,6,29.9,35.6,28.4
19,349290,1978,7,13,75.9,86.0,60.8
20,349290,1978,1,23,11.2,19.4,3.2
21,349290,1978,4,22,50.0,60.8,39.2
22,349290,1978,5,9,63.4,80.6,50.0
23,349290,1978,6,22,62.3,69.8,50.0
24,349290,1978,8,21,69.0,80.6,55.4
25,349290,1978,11,15,32.5,41.0,21.2
26,349290,1978,11,21,52.5,66.2,44.6
27,349290,1978,1,12,25.9,28.4,21.2
28,349290,1978,2,15,61.0,71.6,51.8
29,349290,1978,3,7,42.8,50.0,39.2
30,349290,1978,6,13,73.2,84.2,64.4
31,349290,1978,6,23,64.6,73.4,53.6
32,349290,1978,6,28,77.0,91.4,62.6
33,349290,1978,7,12,73.4,84.2,64.4
34,349290,1978,7,26,70.5,80.6,60.8
35,349290,1978,9,3,64.4,75.2,51.8
36,349290,1978,9,4,65.8,77.0,55.4
37,349290,1978,9,20,65.5,77.0,59.0
38,349290,1978,9,27,62.4,71.6,53.6
39,349290,1978,10,1,57.4,69.8,46.4
40,349290,1978,10,2,57.0,69.8,44.6
41,349290,1978,10,6,61.7,71.6,50.0
42,349290,1978,10,10,53.4,68.0,41.0
43,349290,1978,10,12,53.8,62.6,46.4
44,349290,1978,10,15,53.6,69.8,37.4
45,349290,1978,11,5,43.2,60.8,30.2
46,349290,1978,12,14,43.0,53.6,28.4
47,349290,1978,1,17,24.1,28.4,19.4
48,349290,1978,2,17,35.8,39.2,32.0
49,349290,1978,3,10,37.6,44.6,28.4
50,349290,1978,3,20,52.7,75.2,39.2
51,349290,1978,4,11,43.5,53.6,32.0
52,349290,1978,4,19,54.3,71.6,41.0
53,349290,1978,4,23,54.7,62.6,44.6
54,349290,1978,5,1,51.8,64.4,37.4
55,349290,1978,5,19,58.8,68.0,51.8
56,349290,1978,5,21,60.3,71.6,50.0
57,349290,1978,5,23,60.6,69.8,50.0
58,349290,1978,7,17,76.3,86.0,68.0
59,349290,1978,7,18,69.6,78.8,62.6
60,349290,1978,7,30,78.3,87.8,68.0
61,349290,1978,8,25,67.3,77.0,60.8
62,349290,1978,8,31,70.7,84.2,59.0
63,349290,1978,9,9,73.2,82.4,64.4
64,349290,1978,9,16,69.6,82.4,55.4
65,349290,1978,10,11,55.4,69.8,37.4
66,349290,1978,10,19,57.4,71.6,44.6
67,349290,1978,1,14,37.1,46.4,21.2
68,349290,1978,1,28,34.1,42.8,28.4
69,349290,1978,9,11,66.5,73.4,57.2
70,349290,1978,4,17,55.1,71.6,48.2
71,349290,1978,2,1,36.4,41.0,33.8
72,349290,1978,3,31,47.7,50.0,44.6
73,349290,1978,4,15,55.7,69.8,39.2
74,349290,1978,12,11,32.0,39.2,19.4
75,349290,1978,2,10,37.4,41.0,33.8
76,349290,1978,2,18,42.3,50.0,32.0
77,349290,1978,12,2,52.8,66.2,41.0
78,349290,1978,2,4,31.6,35.6,23.0
79,349290,1978,2,11,38.3,41.0,37.4
80,349290,1978,3,6,38.5,41.0,35.6
81,349290,1978,3,8,44.8,60.8,32.0
82,349290,1978,4,25,54.0,64.4,44.6
83,349290,1978,6,4,54.3,62.6,46.4
84,349290,1978,8,4,67.6,78.8,60.8
85,349290,1978,8,24,65.8,69.8,62.6
86,349290,1978,8,28,71.6,82.4,60.8
87,349290,1978,10,21,55.6,64.4,46.4
88,349290,1978,10,27,50.9,55.4,48.2
89,349290,1978,12,17,48.2,53.6,37.4
90,349290,1978,6,6,62.4,71.6,53.6
91,349290,1978,10,28,45.7,48.2,42.8
92,349290,1978,12,28,44.8,51.8,37.4
93,349290,1978,6,20,61.4,68.0,55.4
94,349290,1978,2,12,41.5,50.0,35.6
95,349290,1978,10,20,54.6,71.6,51.8
96,349290,1978,11,8,29.7,50.0,26.6
97,349290,1978,12,13,29.2,35.6,24.8
98,349290,1978,1,20,17.8,19.4,14.0
99,349290,1978,4,12,46.0,57.2,33.8
100,349290,1978,10,25,46.6,53.6,41.0
101,349290,1978,12,12,30.2,33.8,26.6
102,349290,1978,8,26,68.7,78.8,59.0
103,349290,1978,9,2,67.1,75.2,57.2
104,349290,1978,9,22,58.1,64.4,51.8
105,349290,1978,10,18,57.7,75.2,46.4
106,349290,1978,12,21,30.2,32.0,26.6
107,349290,1978,12,24,12.7,19.4,5.0
108,349290,1978,12,31,43.7,53.6,32.0
109,349290,1978,7,23,70.4,78.8,64.4
110,349290,1978,7,24,68.6,77.0,60.8
111,349290,1978,1,27,34.8,41.0,30.2
112,349290,1978,4,7,40.5,48.2,33.8
113,349290,1978,10,22,49.2,77.0,42.8
114,349290,1978,2,24,20.5,37.4,5.0
115,349290,1978,1,1,52.1,62.6,41.0
116,349290,1978,6,3,55.4,62.6,50.0
117,349290,1978,2,2,34.6,39.2,32.0
118,349290,1978,3,17,47.5,60.8,35.6
119,349290,1978,4,18,52.9,60.8,44.6
120,349290,1978,4,21,50.2,59.0,44.6
121,349290,1978,6,30,65.3,69.8,60.8
122,349290,1978,8,1,68.2,78.8,62.6
123,349290,1978,11,12,41.7,46.4,35.6
124,349290,1978,1,4,32.0,33.8,9999.9
125,349290,1978,1,13,26.1,33.8,17.6
126,349290,1978,1,26,34.1,42.8,26.6
127,349290,1978,1,9,22.7,26.6,15.8
128,349290,1978,1,18,23.0,24.8,21.2
129,349290,1978,3,4,42.5,51.8,37.4
130,349290,1978,8,27,69.5,78.8,59.0
131,349290,1978,5,14,57.2,64.4,48.2
132,349290,1978,5,24,63.1,71.6,53.6
133,349290,1978,1,25,32.0,35.6,28.4
134,349290,1978,3,26,56.7,71.6,37.4
135,349290,1978,5,7,51.5,62.6,39.2
136,349290,1978,7,2,69.8,82.4,60.8
137,349290,1978,7,3,72.6,82.4,62.6
138,349290,1978,7,6,79.8,89.6,64.4
139,349290,1978,7,21,72.6,80.6,66.2
140,349290,1978,8,2,67.7,78.8,60.8
141,349290,1978,8,14,67.2,75.2,62.6
142,349290,1978,11,14,32.3,41.0,24.8
143,349290,1978,4,14,53.6,64.4,39.2
144,349290,1978,5,8,58.5,73.4,46.4
145,349290,1978,7,11,76.7,87.8,71.6
146,349290,1978,7,25,70.8,80.6,60.8
147,349290,1978,8,10,74.7,87.8,64.4
148,349290,1978,9,26,63.1,71.6,50.0
149,349290,1978,10,24,44.3,55.4,32.0
150,349290,1978,11,29,39.7,44.6,35.6
151,349290,1978,1,5,35.8,44.6,28.4
152,349290,1978,2,3,27.3,32.0,24.8
153,349290,1978,2,13,49.1,62.6,39.2
154,349290,1978,3,13,37.4,41.0,35.6
155,349290,1978,3,15,39.7,50.0,30.2
156,349290,1978,3,19,53.4,69.8,39.2
157,349290,1978,4,4,52.9,60.8,44.6
158,349290,1978,5,5,53.8,64.4,48.2
159,349290,1978,5,22,59.5,68.0,48.2
160,349290,1978,5,29,59.5,68.0,51.8
161,349290,1978,6,12,69.8,80.6,53.6
162,349290,1978,6,25,70.5,80.6,57.2
163,349290,1978,7,4,71.8,80.6,64.4
164,349290,1978,7,5,74.8,86.0,60.8
165,349290,1978,7,8,81.5,96.8,68.0
166,349290,1978,7,19,70.0,82.4,55.4
167,349290,1978,8,12,72.3,78.8,66.2
168,349290,1978,8,20,64.8,75.2,55.4
169,349290,1978,8,29,71.8,80.6,62.6
170,349290,1978,9,15,64.8,75.2,53.6
171,349290,1978,11,11,44.4,64.4,39.2
172,349290,1978,11,20,49.8,53.6,42.8
173,349290,1978,11,28,40.1,55.4,28.4
174,349290,1978,1,19,20.3,23.0,19.4
175,349290,1978,3,5,39.0,41.0,35.6
176,349290,1978,5,18,58.1,64.4,51.8
177,349290,1978,6,11,68.0,78.8,53.6
178,349290,1978,6,16,71.8,80.6,64.4
179,349290,1978,6,18,69.6,78.8,60.8
180,349290,1978,7,1,66.7,75.2,57.2
181,349290,1978,7,9,79.7,91.4,68.0
182,349290,1978,7,22,77.0,87.8,66.2
183,349290,1978,7,29,75.4,86.0,64.4
184,349290,1978,8,7,71.8,84.2,60.8
185,349290,1978,8,8,73.2,86.0,62.6
186,349290,1978,9,7,69.8,82.4,53.6
187,349290,1978,9,19,61.0,71.6,50.0
188,349290,1978,9,29,65.3,78.8,50.0
189,349290,1978,10,17,55.2,73.4,41.0
190,349290,1978,11,17,50.5,73.4,42.8
191,349290,1978,11,22,37.8,42.8,32.0
192,349290,1978,3,28,50.3,59.0,31.8
193,349290,1978,12,3,45.5,62.6,41.0
194,349290,1978,4,8,42.3,53.6,32.0
195,349290,1978,5,3,62.9,75.2,53.6
196,349290,1978,11,23,46.7,66.2,30.2
197,349290,1978,12,15,52.3,73.4,41.0
198,349290,1978,11,16,46.0,50.0,28.4
199,349290,1978,1,3,29.7,32.0,8.6
200,349290,1978,1,11,27.6,32.0,21.2
201,349290,1978,5,31,64.4,73.4,51.8
202,349290,1978,8,13,71.1,82.4,64.4
203,349290,1978,12,27,39.2,42.8,32.0
204,349290,1978,3,12,40.6,46.4,33.8
205,349290,1978,4,28,55.2,62.6,50.0
206,349290,1978,5,12,61.7,77.0,50.0
207,349290,1978,5,15,60.6,73.4,44.6
208,349290,1978,5,20,56.3,62.6,53.6
209,349290,1978,6,8,65.8,77.0,53.6
210,349290,1978,8,30,64.8,69.8,60.8
211,349290,1978,9,23,53.6,62.6,44.6
212,349290,1978,12,29,48.9,53.6,35.6
213,349290,1978,4,1,50.9,59.0,44.6
214,349290,1978,7,14,75.7,82.4,69.8
215,349290,1978,1,24,25.9,33.8,14.0
216,349290,1978,3,22,48.0,55.4,37.4
217,349290,1978,4,6,48.4,55.4,44.6
218,349290,1978,4,20,52.0,55.4,48.2
219,349290,1978,5,27,62.6,75.2,50.0
220,349290,1978,6,1,55.6,64.4,50.0
221,349290,1978,6,5,61.7,71.6,50.0
222,349290,1978,6,24,66.7,78.8,55.4
223,349290,1978,8,23,67.8,78.8,62.6
224,349290,1978,12,1,44.2,48.2,42.8
225,349290,1978,10,13,47.8,53.6,39.2
226,349290,1978,1,16,23.0,24.8,21.2
227,349290,1978,1,22,11.0,19.4,5.0
228,349290,1978,11,24,45.6,50.0,37.4
229,349290,1978,2,23,19.1,32.0,-0.4
230,349290,1978,3,18,50.0,64.4,39.2
231,349290,1978,11,1,34.8,42.8,28.4
232,349290,1978,2,28,36.7,44.6,32.0
233,349290,1978,11,18,40.3,44.6,32.0
234,349290,1978,12,10,22.5,28.4,19.4
235,349290,1978,5,10,59.7,75.2,50.0
236,349290,1978,5,28,62.2,73.4,55.4
237,349290,1978,12,19,21.2,30.2,17.6
238,349290,1978,12,22,17.8,26.6,6.8
239,349290,1978,8,17,63.5,69.8,60.8
240,349290,1978,5,17,58.0,62.6,53.6
241,349290,1978,9,8,72.4,98.6,57.2
242,349290,1978,9,17,63.9,69.8,59.0
243,349290,1978,12,18,41.8,46.4,35.6
244,349290,1978,10,29,39.2,41.0,35.6
245,349290,1978,11,7,44.6,57.2,35.6
246,349290,1978,1,6,31.5,37.4,23.0
247,349290,1978,2,16,43.2,62.6,32.0
248,349290,1978,4,9,40.6,44.6,37.4
249,349290,1978,4,30,50.7,57.2,42.8
250,349290,1978,10,7,54.5,60.8,46.4
251,349290,1978,1,30,30.8,35.6,26.6
252,349290,1978,1,10,25.3,50.0,17.6
253,349290,1978,2,26,15.5,28.4,3.2
254,349290,1978,8,3,69.8,75.2,60.8
255,349290,1978,2,6,33.8,42.8,28.4
256,349290,1978,3,23,54.9,69.8,46.4
257,349290,1978,4,24,52.8,64.4,42.8
258,349290,1978,9,6,66.5,78.8,44.6
259,349290,1978,10,4,51.8,62.6,46.4
260,349290,1978,10,30,42.8,51.8,39.2
261,349290,1978,11,13,32.0,37.4,28.4
262,349290,1978,12,9,16.8,21.2,8.6
263,349290,1978,5,2,62.2,77.0,41.0
264,349290,1978,7,28,74.5,84.2,69.8
265,349290,1978,11,2,32.5,41.0,24.8
266,349290,1978,11,9,35.4,41.0,24.8
267,349290,1978,12,23,6.8,14.0,-0.4
268,349290,1978,1,31,32.0,39.2,28.4
269,349290,1978,2,9,38.9,44.6,33.8
270,349290,1978,2,14,54.1,66.2,46.4
271,349290,1978,4,2,51.0,60.8,44.6
272,349290,1978,4,26,59.3,68.0,46.4
273,349290,1978,5,30,62.9,73.4,50.0
274,349290,1978,6,27,73.1,86.0,59.0
275,349290,1978,8,11,76.7,86.0,64.4
276,349290,1978,7,20,77.2,93.2,59.0
277,349290,1978,2,22,16.5,32.0,1.4
278,349290,1978,2,27,27.7,35.6,15.8
279,349290,1978,3,1,35.8,41.0,28.4
280,349290,1978,3,24,47.3,53.6,42.8
281,349290,1978,3,27,55.6,71.6,44.6
282,349290,1978,3,29,50.2,60.8,39.2
283,349290,1978,5,6,53.1,64.4,39.2
284,349290,1978,6,15,75.2,87.8,60.8
285,349290,1978,6,21,61.0,69.8,50.0
286,349290,1978,8,19,64.2,75.2,53.6
287,349290,1978,9,5,63.3,75.2,53.6
288,349290,1978,9,25,53.2,60.8,46.4
289,349290,1978,10,8,50.2,60.8,37.4
290,349290,1978,10,16,55.6,73.4,39.2
291,349290,1978,11,26,45.2,55.4,35.6
292,349290,1978,1,7,18.5,19.4,17.6
293,349290,1978,3,2,37.4,44.6,32.0
294,349290,1978,3,14,33.4,35.6,32.0
295,349290,1978,3,16,44.2,57.2,30.2
296,349290,1978,3,30,52.9,60.8,42.8
297,349290,1978,4,3,54.3,66.2,41.0
298,349290,1978,4,13,47.5,59.0,33.8
299,349290,1978,5,11,61.9,71.6,51.8
300,349290,1978,5,25,63.3,71.6,57.2
301,349290,1978,6,26,72.5,82.4,59.0
302,349290,1978,7,15,74.8,86.0,68.0
303,349290,1978,7,16,76.6,89.6,60.8
304,349290,1978,8,6,70.5,80.6,59.0
305,349290,1978,8,9,76.3,91.4,60.8
306,349290,1978,8,16,70.2,78.8,64.4
307,349290,1978,9,1,74.5,89.6,59.0
308,349290,1978,9,13,71.2,84.2,59.0
309,349290,1978,9,14,68.2,78.8,59.0
310,349290,1978,9,21,65.1,80.6,50.0
311,349290,1978,10,3,60.4,73.4,48.2
312,349290,1978,10,5,57.4,75.2,41.0
313,349290,1978,10,9,53.2,64.4,39.2
314,349290,1978,10,23,43.0,50.0,37.4
315,349290,1978,12,20,30.4,37.4,17.6
316,349290,1978,4,5,50.4,55.4,46.4
317,349290,1978,6,9,69.3,80.6,60.8
318,349290,1978,6,10,67.0,77.0,59.0
319,349290,1978,6,17,68.7,75.2,62.6
320,349290,1978,5,16,60.1,69.8,51.8
321,349290,1978,6,29,74.8,82.4,62.6
322,349290,1978,2,7,35.3,39.2,33.8
323,349290,1978,2,8,38.9,50.0,35.6
324,349290,1978,4,29,57.2,69.8,48.2
325,349290,1978,6,2,60.3,71.6,50.0
326,349290,1978,7,31,76.1,86.0,71.6
327,349290,1978,8,18,60.3,62.6,59.0
328,349290,1978,9,10,66.7,73.4,62.6
329,349290,1978,11,25,48.2,51.8,35.6
330,349290,1978,12,5,39.4,46.4,28.4
331,349290,1978,5,26,63.0,73.4,50.0
332,349290,1978,5,4,58.8,68.0,53.6
333,349290,1978,5,13,59.9,68.0,53.6
334,349290,1978,6,19,66.0,77.0,59.0
335,349290,1978,8,22,65.3,69.8,60.8
336,349290,1978,9,12,67.8,78.8,60.8
337,349290,1978,9,28,62.8,77.0,50.0
338,349290,1978,11,30,45.5,53.6,39.2
339,349290,1978,12,25,32.7,39.2,14.0
340,349290,1978,10,14,47.8,60.8,33.8
341,349290,1978,12,30,53.4,57.2,50.0
342,349290,1978,11,10,42.8,46.4,41.0
343,349290,1978,7,10,77.3,84.2,69.8
344,349290,1978,12,26,34.1,35.6,32.0
345,349290,1978,2,21,20.9,24.8,6.8
346,349290,1978,12,8,7.3,12.2,-0.4
347,349290,1978,2,25,8.1,21.2,1.4
348,349290,1978,9,18,61.0,68.0,55.4
349,349290,1978,12,7,20.8,28.4,6.8
350,349290,1978,11,4,40.6,64.4,33.8
351,349290,1978,1,15,34.3,44.6,30.2
352,349290,1978,2,20,26.9,28.4,24.8
353,349290,1978,3,11,39.2,42.8,35.6
354,349290,1978,9,30,58.2,64.4,53.6
355,349290,1978,12,4,36.1,39.2,30.2
356,349290,1978,1,2,33.5,37.4,28.4
357,349290,1978,2,19,36.6,50.0,28.4
358,349290,1978,3,9,38.9,41.0,35.6
359,349290,1978,10,26,48.0,55.4,35.6
360,349290,1978,4,27,57.2,68.0,48.2
361,349290,1978,11,6,46.9,68.0,39.2
362,349290,1978,3,21,46.2,53.6,39.2
363,349290,1978,9,24,53.6,59.0,46.4
364,349290,1978,12,16,39.9,42.8,37.4
0,349290,1979,1,5,32.3,37.4,19.4
1,349290,1979,12,26,25.8,28.4,23.0
2,349290,1979,12,12,56.4,60.8,51.8
3,349290,1979,1,14,32.5,37.4,28.4
4,349290,1979,7,1,75.5,87.8,62.6
5,349290,1979,7,8,69.0,80.6,57.2
6,349290,1979,7,10,81.1,89.6,62.6
7,349290,1979,7,18,72.9,82.4,64.4
8,349290,1979,12,5,44.6,51.8,39.2
9,349290,1979,3,2,33.2,46.4,23.0
10,349290,1979,6,28,76.1,87.8,60.8
11,349290,1979,7,28,72.1,80.6,57.2
12,349290,1979,1,19,33.6,39.2,32.0
13,349290,1979,11,5,25.7,30.2,17.6
14,349290,1979,7,27,68.9,75.2,57.2
15,349290,1979,6,11,73.7,84.2,60.8
16,349290,1979,1,7,3.2,12.2,-4.0
17,349290,1979,1,8,0.6,10.4,-7.6
18,349290,1979,7,14,69.5,77.0,64.4
19,349290,1979,12,25,25.3,28.4,21.2
20,349290,1979,2,28,29.5,44.6,17.6
21,349290,1979,6,17,75.0,87.8,59.0
22,349290,1979,11,6,32.9,48.2,23.0
23,349290,1979,1,15,33.3,37.4,28.4
24,349290,1979,3,4,32.9,48.2,19.4
25,349290,1979,3,6,38.3,55.4,23.0
26,349290,1979,3,22,50.5,68.0,35.6
27,349290,1979,4,8,62.4,78.8,42.8
28,349290,1979,4,28,59.7,73.4,44.6
29,349290,1979,5,1,64.8,77.0,50.0
30,349290,1979,5,2,66.0,78.8,51.8
31,349290,1979,5,26,72.1,84.2,57.2
32,349290,1979,5,28,72.1,84.2,60.8
33,349290,1979,6,4,65.5,78.8,48.2
34,349290,1979,6,24,69.6,77.0,62.6
35,349290,1979,7,11,73.2,84.2,66.2
36,349290,1979,8,29,76.8,86.0,69.8
37,349290,1979,9,15,68.0,84.2,51.8
38,349290,1979,9,19,58.1,68.0,44.6
39,349290,1979,10,29,39.2,48.2,35.6
40,349290,1979,12,16,34.7,39.2,30.2
41,349290,1979,12,20,38.1,42.8,33.8
42,349290,1979,1,11,18.3,28.4,6.8
43,349290,1979,1,12,34.2,42.8,21.2
44,349290,1979,1,29,39.7,50.0,30.2
45,349290,1979,2,2,35.6,41.0,32.0
46,349290,1979,3,21,48.9,60.8,42.8
47,349290,1979,4,7,59.0,75.2,41.0
48,349290,1979,4,21,42.3,50.0,32.0
49,349290,1979,5,9,66.0,78.8,57.2
50,349290,1979,5,12,73.0,86.0,60.8
51,349290,1979,6,2,75.4,87.8,64.4
52,349290,1979,6,10,75.0,87.8,60.8
53,349290,1979,6,25,74.5,89.6,55.4
54,349290,1979,7,21,77.9,93.2,60.8
55,349290,1979,7,22,79.9,91.4,68.0
56,349290,1979,7,23,73.6,80.6,68.0
57,349290,1979,7,24,74.3,82.4,68.0
58,349290,1979,8,1,71.4,84.2,59.0
59,349290,1979,8,3,78.6,93.2,62.6
60,349290,1979,8,17,68.9,75.2,62.6
61,349290,1979,8,20,75.9,89.6,62.6
62,349290,1979,8,30,75.7,86.0,60.8
63,349290,1979,9,6,66.4,77.0,57.2
64,349290,1979,9,9,64.0,71.6,57.2
65,349290,1979,10,3,51.3,60.8,39.2
66,349290,1979,10,12,61.0,71.6,50.0
67,349290,1979,11,3,25.0,26.6,24.8
68,349290,1979,12,15,29.5,33.8,21.2
69,349290,1979,12,27,24.4,26.6,21.2
70,349290,1979,2,5,47.3,53.6,37.4
71,349290,1979,11,22,45.4,46.4,44.6
72,349290,1979,4,16,46.1,57.2,37.4
73,349290,1979,3,13,46.4,55.4,39.2
74,349290,1979,11,29,39.2,41.0,37.4
75,349290,1979,7,30,65.6,68.0,60.8
76,349290,1979,4,2,50.0,55.4,42.8
77,349290,1979,9,8,64.4,69.8,60.8
78,349290,1979,3,25,44.9,48.2,42.8
79,349290,1979,11,21,47.2,53.6,41.0
80,349290,1979,7,9,71.8,82.4,64.4
81,349290,1979,12,21,37.6,41.0,17.6
82,349290,1979,2,15,52.7,60.8,44.6
83,349290,1979,3,8,39.7,46.4,35.6
84,349290,1979,3,16,45.3,50.0,42.8
85,349290,1979,4,18,51.1,62.6,37.4
86,349290,1979,5,21,69.1,78.8,57.2
87,349290,1979,10,13,55.6,59.0,50.0
88,349290,1979,10,31,57.0,68.0,42.8
89,349290,1979,12,6,44.8,48.2,42.8
90,349290,1979,12,10,51.8,57.2,37.4
91,349290,1979,12,13,56.1,60.8,46.4
92,349290,1979,8,8,72.7,82.4,68.0
93,349290,1979,4,12,48.4,57.2,42.8
94,349290,1979,1,20,33.3,35.6,32.0
95,349290,1979,5,5,60.4,68.0,53.6
96,349290,1979,6,1,72.1,82.4,68.0
97,349290,1979,10,23,47.5,48.2,46.4
98,349290,1979,5,17,69.8,84.2,57.2
99,349290,1979,1,16,35.0,37.4,32.0
100,349290,1979,1,22,15.5,21.2,10.4
101,349290,1979,9,18,55.2,66.2,44.6
102,349290,1979,7,6,66.2,73.4,60.8
103,349290,1979,3,23,52.7,62.6,44.6
104,349290,1979,10,7,44.8,50.0,37.4
105,349290,1979,10,27,36.5,42.8,32.0
106,349290,1979,11,14,51.4,55.4,46.4
107,349290,1979,11,18,43.0,44.6,41.0
108,349290,1979,11,25,45.5,53.6,39.2
109,349290,1979,1,24,28.8,32.0,21.2
110,349290,1979,8,31,68.9,82.4,62.6
111,349290,1979,1,2,48.9,57.2,41.0
112,349290,1979,9,17,55.2,64.4,50.0
113,349290,1979,4,19,46.9,55.4,37.4
114,349290,1979,2,7,45.9,60.8,33.8
115,349290,1979,2,11,40.8,50.0,30.2
116,349290,1979,7,5,74.3,89.6,64.4
117,349290,1979,8,5,73.8,82.4,69.8
118,349290,1979,10,25,43.5,55.4,35.6
119,349290,1979,12,7,45.3,50.0,41.0
120,349290,1979,10,22,49.5,51.8,46.4
121,349290,1979,5,29,70.0,84.2,62.6
122,349290,1979,5,15,68.6,75.2,55.4
123,349290,1979,6,27,77.6,87.8,60.8
124,349290,1979,5,4,62.1,75.2,53.6
125,349290,1979,5,24,69.5,78.8,55.4
126,349290,1979,9,25,73.1,86.0,59.0
127,349290,1979,2,21,26.4,37.4,19.4
128,349290,1979,5,30,70.5,82.4,62.6
129,349290,1979,8,11,73.6,82.4,64.4
130,349290,1979,6,20,79.3,93.2,64.4
131,349290,1979,11,11,45.1,64.4,32.0
132,349290,1979,1,17,32.8,39.2,30.2
133,349290,1979,2,22,26.3,37.4,19.4
134,349290,1979,4,1,54.4,64.4,41.0
135,349290,1979,9,10,65.4,82.4,55.4
136,349290,1979,9,11,63.9,77.0,50.0
137,349290,1979,11,17,41.8,55.4,32.0
138,349290,1979,12,18,37.9,48.2,30.2
139,349290,1979,7,4,80.8,93.2,68.0
140,349290,1979,1,13,33.6,35.6,32.0
141,349290,1979,1,18,32.9,37.4,30.2
142,349290,1979,2,20,23.0,32.0,15.8
143,349290,1979,3,24,49.8,64.4,35.6
144,349290,1979,3,26,44.2,48.2,41.0
145,349290,1979,4,20,38.3,46.4,28.4
146,349290,1979,4,26,54.0,66.2,41.0
147,349290,1979,5,7,66.0,78.8,53.6
148,349290,1979,6,6,62.8,75.2,48.2
149,349290,1979,6,15,71.8,86.0,57.2
150,349290,1979,6,18,77.0,89.6,62.6
151,349290,1979,6,22,78.8,89.6,66.2
152,349290,1979,7,7,67.1,75.2,55.4
153,349290,1979,8,16,72.3,80.6,66.2
154,349290,1979,8,18,71.8,84.2,60.8
155,349290,1979,8,21,78.8,93.2,62.6
156,349290,1979,8,26,79.2,89.6,69.8
157,349290,1979,9,12,65.1,77.0,50.0
158,349290,1979,9,23,68.2,87.8,53.6
159,349290,1979,10,4,48.6,57.2,39.2
160,349290,1979,10,11,57.7,66.2,48.2
161,349290,1979,10,18,56.5,71.6,42.8
162,349290,1979,11,9,46.2,55.4,32.0
163,349290,1979,11,26,43.0,51.8,37.4
164,349290,1979,11,27,44.4,50.0,35.6
165,349290,1979,12,19,37.2,44.6,32.0
166,349290,1979,1,27,32.9,41.0,23.0
167,349290,1979,2,4,44.2,50.0,41.0
168,349290,1979,2,18,22.8,30.2,15.8
169,349290,1979,2,27,24.4,35.6,-2.2
170,349290,1979,3,1,35.6,50.0,21.2
171,349290,1979,3,7,36.3,44.6,26.6
172,349290,1979,3,12,42.1,53.6,30.2
173,349290,1979,3,30,58.1,71.6,42.8
174,349290,1979,5,27,72.3,84.2,59.0
175,349290,1979,5,31,75.9,89.6,60.8
176,349290,1979,6,5,61.0,69.8,53.6
177,349290,1979,6,12,69.6,78.8,60.8
178,349290,1979,6,14,71.4,84.2,55.4
179,349290,1979,6,21,77.7,89.6,66.2
180,349290,1979,7,29,71.2,80.6,62.6
181,349290,1979,8,12,78.1,91.4,64.4
182,349290,1979,8,28,79.3,89.6,68.0
183,349290,1979,9,3,72.5,80.6,62.6
184,349290,1979,9,7,68.4,78.8,53.6
185,349290,1979,9,13,64.4,77.0,53.6
186,349290,1979,9,14,64.0,77.0,50.0
187,349290,1979,9,16,68.0,82.4,55.4
188,349290,1979,9,20,64.2,75.2,51.8
189,349290,1979,9,22,69.6,84.2,57.2
190,349290,1979,10,5,47.3,60.8,35.6
191,349290,1979,10,15,59.5,69.8,51.8
192,349290,1979,10,30,39.9,44.6,33.8
193,349290,1979,11,13,51.1,68.0,35.6
194,349290,1979,11,19,45.5,53.6,41.0
195,349290,1979,12,11,54.0,60.8,46.4
196,349290,1979,3,20,47.4,55.4,42.8
197,349290,1979,4,23,47.2,53.6,39.2
198,349290,1979,5,22,71.1,84.2,62.6
199,349290,1979,7,13,70.1,78.8,62.6
200,349290,1979,12,8,46.1,51.8,37.4
201,349290,1979,7,19,72.5,78.8,60.8
202,349290,1979,9,5,67.5,77.0,57.2
203,349290,1979,12,2,45.1,48.2,39.2
204,349290,1979,12,31,32.0,42.8,21.2
205,349290,1979,3,11,44.1,53.6,35.6
206,349290,1979,10,28,39.5,46.4,30.2
207,349290,1979,2,13,48.9,69.8,33.8
208,349290,1979,3,18,54.7,62.6,48.2
209,349290,1979,4,13,44.8,46.4,42.8
210,349290,1979,5,23,65.5,71.6,59.0
211,349290,1979,6,29,70.7,80.6,66.2
212,349290,1979,10,24,45.3,46.4,42.8
213,349290,1979,7,25,71.6,82.4,64.4
214,349290,1979,3,27,42.8,48.2,37.4
215,349290,1979,10,6,55.2,68.0,37.4
216,349290,1979,1,30,47.8,53.6,39.2
217,349290,1979,2,23,27.5,35.6,21.2
218,349290,1979,3,9,41.0,50.0,35.6
219,349290,1979,3,31,58.6,84.2,42.8
220,349290,1979,4,10,50.5,57.2,46.4
221,349290,1979,4,14,40.6,44.6,37.4
222,349290,1979,7,15,68.7,78.8,64.4
223,349290,1979,8,10,72.3,80.6,66.2
224,349290,1979,10,20,50.7,53.6,50.0
225,349290,1979,8,24,83.1,95.0,71.6
226,349290,1979,8,13,82.1,95.0,69.8
227,349290,1979,1,6,19.1,26.6,6.8
228,349290,1979,5,6,64.2,73.4,53.6
229,349290,1979,8,4,79.2,91.4,68.0
230,349290,1979,4,15,44.2,53.6,32.0
231,349290,1979,1,21,31.1,33.8,28.4
232,349290,1979,2,8,27.1,32.0,21.2
233,349290,1979,4,4,57.2,66.2,50.0
234,349290,1979,4,17,44.4,50.0,35.6
235,349290,1979,6,23,70.2,78.8,64.4
236,349290,1979,9,26,71.4,89.6,57.2
237,349290,1979,5,14,62.3,75.2,57.2
238,349290,1979,9,4,69.1,87.8,60.8
239,349290,1979,2,6,48.0,51.8,44.6
240,349290,1979,1,3,46.4,53.6,35.6
241,349290,1979,2,16,37.2,46.4,26.6
242,349290,1979,11,23,44.1,46.4,42.8
243,349290,1979,12,14,34.7,50.0,28.4
244,349290,1979,5,16,69.3,78.8,60.8
245,349290,1979,5,13,64.9,75.2,60.8
246,349290,1979,10,19,56.3,68.0,51.8
247,349290,1979,1,31,47.8,53.6,35.6
248,349290,1979,10,1,60.8,68.0,53.6
249,349290,1979,10,14,58.8,68.0,53.6
250,349290,1979,11,28,43.7,50.0,39.2
251,349290,1979,8,6,77.0,82.4,69.8
252,349290,1979,8,7,73.1,82.4,66.2
253,349290,1979,1,10,15.3,30.2,8.6
254,349290,1979,3,28,45.4,57.2,32.0
255,349290,1979,5,19,69.0,86.0,59.0
256,349290,1979,6,7,68.8,78.8,51.8
257,349290,1979,1,26,29.7,39.2,17.6
258,349290,1979,9,27,70.3,82.4,60.8
259,349290,1979,3,3,30.9,42.8,21.2
260,349290,1979,4,27,56.8,68.0,41.0
261,349290,1979,2,12,33.0,39.2,26.6
262,349290,1979,5,10,68.5,82.4,53.6
263,349290,1979,7,16,71.9,82.4,60.8
264,349290,1979,10,21,51.3,57.2,48.2
265,349290,1979,11,20,47.7,57.2,42.8
266,349290,1979,3,5,35.8,51.8,21.2
267,349290,1979,4,30,67.1,86.0,46.4
268,349290,1979,1,23,22.3,28.4,10.4
269,349290,1979,2,3,40.3,48.2,32.0
270,349290,1979,2,9,24.8,30.2,15.8
271,349290,1979,2,10,34.2,39.2,28.4
272,349290,1979,2,24,31.8,42.8,21.2
273,349290,1979,4,6,55.4,69.8,44.6
274,349290,1979,4,22,47.3,57.2,35.6
275,349290,1979,4,29,64.9,82.4,42.8
276,349290,1979,5,3,64.2,75.2,50.0
277,349290,1979,5,8,66.9,77.0,55.4
278,349290,1979,6,13,69.6,80.6,55.4
279,349290,1979,7,3,77.0,89.6,60.8
280,349290,1979,9,24,70.9,84.2,57.2
281,349290,1979,10,9,49.8,66.2,35.6
282,349290,1979,10,10,54.7,66.2,44.6
283,349290,1979,10,16,56.3,69.8,44.6
284,349290,1979,11,4,23.9,28.4,23.0
285,349290,1979,11,7,45.7,60.8,32.0
286,349290,1979,11,10,50.9,68.0,37.4
287,349290,1979,11,15,43.9,55.4,35.6
288,349290,1979,11,30,39.0,42.8,33.8
289,349290,1979,1,9,15.0,30.2,-5.8
290,349290,1979,10,2,57.2,66.2,46.4
291,349290,1979,8,25,78.6,89.6,69.8
292,349290,1979,1,1,45.0,57.2,32.0
293,349290,1979,1,25,23.2,30.2,17.6
294,349290,1979,2,14,55.4,62.6,51.8
295,349290,1979,2,19,23.4,28.4,19.4
296,349290,1979,5,11,71.6,86.0,53.6
297,349290,1979,5,18,70.9,87.8,55.4
298,349290,1979,5,25,69.4,84.2,53.6
299,349290,1979,6,8,68.2,82.4,55.4
300,349290,1979,6,9,71.4,86.0,53.6
301,349290,1979,6,16,72.5,86.0,59.0
302,349290,1979,6,19,78.8,93.2,60.8
303,349290,1979,7,2,74.8,86.0,62.6
304,349290,1979,7,20,72.3,84.2,53.6
305,349290,1979,7,31,71.6,82.4,57.2
306,349290,1979,8,2,76.1,89.6,60.8
307,349290,1979,8,9,71.6,77.0,66.2
308,349290,1979,8,19,78.4,91.4,64.4
309,349290,1979,8,22,80.8,93.2,66.2
310,349290,1979,8,23,81.7,96.8,66.2
311,349290,1979,8,27,81.3,95.0,71.6
312,349290,1979,9,1,66.2,77.0,57.2
313,349290,1979,9,2,67.6,78.8,53.6
314,349290,1979,9,21,64.2,77.0,50.0
315,349290,1979,9,30,63.7,75.2,50.0
316,349290,1979,10,8,43.5,57.2,32.0
317,349290,1979,10,17,56.8,68.0,44.6
318,349290,1979,12,3,48.7,53.6,42.8
319,349290,1979,12,29,22.3,28.4,15.8
320,349290,1979,12,30,25.7,33.8,19.4
321,349290,1979,3,17,54.6,73.4,37.4
322,349290,1979,4,5,56.0,64.4,50.0
323,349290,1979,12,1,44.1,48.2,39.2
324,349290,1979,12,17,36.3,44.6,30.2
325,349290,1979,3,14,47.5,50.0,42.8
326,349290,1979,3,29,50.2,57.2,44.6
327,349290,1979,4,3,53.6,60.8,48.2
328,349290,1979,4,11,46.6,53.6,39.2
329,349290,1979,7,26,65.3,68.0,64.4
330,349290,1979,3,10,41.7,44.6,37.4
331,349290,1979,3,15,51.8,57.2,46.4
332,349290,1979,5,20,67.6,80.6,57.2
333,349290,1979,6,30,74.7,84.2,64.4
334,349290,1979,7,17,72.1,80.6,64.4
335,349290,1979,8,14,78.1,86.0,71.6
336,349290,1979,10,26,37.2,41.0,35.6
337,349290,1979,11,24,43.0,46.4,42.8
338,349290,1979,12,9,39.0,44.6,37.4
339,349290,1979,9,28,67.7,78.8,60.8
340,349290,1979,2,25,26.3,30.2,23.0
341,349290,1979,1,4,24.3,30.2,21.2
342,349290,1979,6,3,68.5,75.2,57.2
343,349290,1979,11,12,43.1,57.2,33.8
344,349290,1979,12,23,31.7,37.4,28.4
345,349290,1979,3,19,52.3,60.8,44.6
346,349290,1979,4,25,50.5,62.6,39.2
347,349290,1979,6,26,73.1,86.0,68.0
348,349290,1979,12,24,24.3,32.0,15.8
349,349290,1979,2,26,23.9,28.4,17.6
350,349290,1979,7,12,72.3,82.4,64.4
351,349290,1979,9,29,64.0,73.4,57.2
352,349290,1979,12,4,45.3,50.0,41.0
353,349290,1979,2,17,20.1,23.0,15.8
354,349290,1979,8,15,72.6,82.4,68.0
355,349290,1979,12,22,34.6,35.6,32.0
356,349290,1979,12,28,23.8,24.8,21.2
357,349290,1979,4,9,57.2,71.6,48.2
358,349290,1979,2,1,41.0,55.4,32.0
359,349290,1979,4,24,49.8,59.0,44.6
360,349290,1979,11,1,48.4,64.4,33.8
361,349290,1979,11,16,42.6,55.4,35.6
362,349290,1979,1,28,38.5,50.0,33.8
363,349290,1979,11,2,29.1,32.0,26.6
364,349290,1979,11,8,45.7,57.2,35.6
0,349290,1980,5,15,53.0,62.6,44.6
1,349290,1980,1,4,37.4,44.6,33.8
2,349290,1980,4,1,55.1,68.0,39.2
3,349290,1980,11,9,37.4,39.2,33.8
4,349290,1980,3,29,42.8,46.4,39.2
5,349290,1980,2,18,31.0,33.8,26.6
6,349290,1980,4,30,56.9,68.0,48.2
7,349290,1980,5,11,66.7,75.2,55.4
8,349290,1980,5,31,70.3,86.0,55.4
9,349290,1980,7,16,71.1,84.2,57.2
10,349290,1980,10,11,55.7,64.4,46.4
11,349290,1980,3,8,26.9,35.6,17.6
12,349290,1980,7,17,75.2,89.6,60.8
13,349290,1980,10,24,49.3,60.8,37.4
14,349290,1980,1,17,29.5,37.4,23.0
15,349290,1980,3,12,35.2,42.8,32.0
16,349290,1980,3,15,34.7,46.4,28.4
17,349290,1980,8,11,73.7,82.4,64.4
18,349290,1980,10,25,51.5,55.4,46.4
19,349290,1980,12,28,40.5,44.6,35.6
20,349290,1980,4,12,44.6,50.0,41.0
21,349290,1980,6,4,62.4,69.8,53.6
22,349290,1980,9,21,55.7,62.6,51.8
23,349290,1980,1,29,11.2,15.8,-0.4
24,349290,1980,1,19,18.4,24.8,6.8
25,349290,1980,8,21,64.9,75.2,53.6
26,349290,1980,10,26,52.0,66.2,32.0
27,349290,1980,1,30,13.7,30.2,-4.0
28,349290,1980,4,16,36.9,44.6,32.0
29,349290,1980,10,1,53.6,60.8,46.4
30,349290,1980,11,8,52.3,60.8,41.0
31,349290,1980,12,6,45.1,59.0,35.6
32,349290,1980,5,4,53.6,60.8,46.4
33,349290,1980,1,27,29.1,32.0,23.0
34,349290,1980,3,3,37.9,44.6,28.4
35,349290,1980,9,14,61.9,71.6,51.8
36,349290,1980,1,22,12.0,21.2,6.8
37,349290,1980,2,5,31.8,41.0,23.0
38,349290,1980,2,24,26.4,39.2,14.0
39,349290,1980,2,25,25.9,39.2,17.6
40,349290,1980,3,7,17.4,32.0,-0.4
41,349290,1980,3,21,45.0,62.6,30.2
42,349290,1980,3,25,42.1,53.6,33.8
43,349290,1980,3,27,50.0,62.6,41.0
44,349290,1980,4,14,46.2,53.6,35.6
45,349290,1980,5,24,59.7,68.0,50.0
46,349290,1980,6,6,66.9,77.0,57.2
47,349290,1980,6,18,67.1,75.2,57.2
48,349290,1980,6,24,76.8,86.0,64.4
49,349290,1980,7,6,71.2,80.6,64.4
50,349290,1980,7,9,74.1,84.2,60.8
51,349290,1980,7,10,77.2,93.2,60.8
52,349290,1980,7,13,82.4,96.8,71.6
53,349290,1980,10,10,56.1,68.0,46.4
54,349290,1980,11,4,48.0,59.0,37.4
55,349290,1980,11,29,52.7,68.0,39.2
56,349290,1980,12,1,48.6,62.6,35.6
57,349290,1980,12,23,42.4,50.0,33.8
58,349290,1980,1,3,35.6,42.8,28.4
59,349290,1980,2,28,33.6,37.4,30.2
60,349290,1980,4,20,63.1,77.0,50.0
61,349290,1980,6,8,66.0,75.2,57.2
62,349290,1980,7,18,80.4,93.2,64.4
63,349290,1980,7,21,81.5,93.2,68.0
64,349290,1980,7,22,82.6,96.8,69.8
65,349290,1980,8,13,74.1,87.8,60.8
66,349290,1980,8,29,62.6,75.2,48.2
67,349290,1980,9,2,74.5,91.4,60.8
68,349290,1980,9,5,62.8,71.6,46.4
69,349290,1980,9,22,58.8,71.6,50.0
70,349290,1980,10,14,52.2,66.2,42.8
71,349290,1980,11,10,41.5,53.6,32.0
72,349290,1980,12,7,46.2,53.6,33.8
73,349290,1980,4,21,62.6,75.2,53.6
74,349290,1980,11,2,44.6,48.2,41.0
75,349290,1980,1,10,31.8,35.6,26.6
76,349290,1980,2,9,36.0,41.0,33.8
77,349290,1980,3,28,48.0,53.6,41.0
78,349290,1980,4,5,52.7,66.2,41.0
79,349290,1980,4,18,45.0,53.6,35.6
80,349290,1980,5,18,66.4,78.8,57.2
81,349290,1980,9,10,66.7,80.6,57.2
82,349290,1980,9,12,69.1,82.4,59.0
83,349290,1980,10,5,54.3,62.6,50.0
84,349290,1980,10,30,56.5,71.6,39.2
85,349290,1980,11,7,43.0,50.0,35.6
86,349290,1980,11,16,42.8,46.4,37.4
87,349290,1980,12,12,36.5,42.8,24.8
88,349290,1980,2,7,35.8,41.0,32.0
89,349290,1980,2,29,32.2,35.6,28.4
90,349290,1980,3,26,44.2,57.2,39.2
91,349290,1980,5,2,59.9,71.6,44.6
92,349290,1980,5,14,45.3,46.4,44.6
93,349290,1980,6,3,68.2,78.8,60.8
94,349290,1980,7,27,75.2,86.0,69.8
95,349290,1980,11,22,41.9,42.8,39.2
96,349290,1980,12,29,37.8,39.2,37.4
97,349290,1980,10,13,53.4,64.4,42.8
98,349290,1980,2,1,37.0,44.6,28.4
99,349290,1980,3,19,31.8,35.6,30.2
100,349290,1980,3,5,24.8,32.0,17.6
101,349290,1980,6,2,75.0,91.4,64.4
102,349290,1980,7,14,74.5,82.4,66.2
103,349290,1980,1,2,37.6,44.6,32.0
104,349290,1980,4,15,40.3,46.4,33.8
105,349290,1980,11,6,44.6,50.0,39.2
106,349290,1980,11,12,37.4,41.0,35.6
107,349290,1980,12,11,28.0,30.2,24.8
108,349290,1980,1,12,22.6,28.4,15.8
109,349290,1980,3,23,43.0,48.2,39.2
110,349290,1980,10,31,51.6,53.6,48.2
111,349290,1980,7,11,80.8,93.2,62.6
112,349290,1980,4,26,52.0,60.8,46.4
113,349290,1980,5,26,64.8,71.6,59.0
114,349290,1980,4,29,53.3,68.0,41.0
115,349290,1980,5,1,55.1,68.0,48.2
116,349290,1980,6,28,80.6,91.4,64.4
117,349290,1980,11,13,38.6,42.8,37.4
118,349290,1980,5,7,63.1,77.0,50.0
119,349290,1980,11,11,50.3,62.6,41.0
120,349290,1980,10,12,52.8,60.8,46.4
121,349290,1980,4,23,63.9,77.0,46.4
122,349290,1980,1,16,23.8,39.2,12.2
123,349290,1980,1,25,32.0,44.6,14.0
124,349290,1980,2,2,29.9,48.2,19.4
125,349290,1980,3,1,33.8,41.0,30.2
126,349290,1980,7,2,68.8,77.0,60.8
127,349290,1980,10,22,52.3,62.6,41.0
128,349290,1980,1,14,11.7,19.4,6.8
129,349290,1980,5,19,63.1,75.2,53.6
130,349290,1980,6,26,77.8,91.4,60.8
131,349290,1980,6,27,76.0,87.8,66.2
132,349290,1980,9,11,68.5,78.8,57.2
133,349290,1980,10,7,55.7,68.0,46.4
134,349290,1980,10,20,53.6,64.4,48.2
135,349290,1980,10,28,40.2,44.6,35.6
136,349290,1980,6,20,66.9,77.0,59.0
137,349290,1980,7,4,75.4,86.0,60.8
138,349290,1980,6,1,72.7,84.2,60.8
139,349290,1980,8,14,79.0,89.6,62.6
140,349290,1980,10,17,55.6,69.8,42.8
141,349290,1980,12,27,36.0,39.2,32.0
142,349290,1980,11,24,48.5,50.0,42.8
143,349290,1980,12,3,50.0,57.2,48.2
144,349290,1980,12,31,39.5,41.0,35.6
145,349290,1980,1,6,34.8,39.2,32.0
146,349290,1980,2,10,34.3,37.4,32.0
147,349290,1980,7,3,73.7,82.4,57.2
148,349290,1980,11,18,50.0,59.0,46.4
149,349290,1980,5,25,65.8,78.8,53.6
150,349290,1980,6,12,66.2,73.4,57.2
151,349290,1980,6,13,67.8,75.2,62.6
152,349290,1980,10,4,52.2,57.2,50.0
153,349290,1980,11,23,42.8,46.4,39.2
154,349290,1980,3,17,33.3,48.2,19.4
155,349290,1980,12,17,39.2,50.0,33.8
156,349290,1980,10,23,47.7,57.2,39.2
157,349290,1980,11,26,55.4,60.8,48.2
158,349290,1980,4,19,58.3,71.6,46.4
159,349290,1980,4,2,48.2,53.6,42.8
160,349290,1980,12,15,35.9,51.8,30.2
161,349290,1980,3,13,30.4,33.8,28.4
162,349290,1980,5,16,56.5,68.0,42.8
163,349290,1980,2,13,35.6,39.2,32.0
164,349290,1980,2,26,29.8,35.6,23.0
165,349290,1980,3,11,39.0,50.0,33.8
166,349290,1980,4,28,52.9,62.6,41.0
167,349290,1980,5,17,62.6,75.2,48.2
168,349290,1980,6,11,67.6,78.8,55.4
169,349290,1980,6,16,59.2,66.2,53.6
170,349290,1980,6,21,69.6,78.8,60.8
171,349290,1980,7,5,79.7,95.0,62.6
172,349290,1980,7,7,71.4,82.4,59.0
173,349290,1980,7,12,84.6,100.4,68.0
174,349290,1980,7,20,80.6,91.4,66.2
175,349290,1980,7,28,72.7,80.6,68.0
176,349290,1980,8,17,69.8,80.6,64.4
177,349290,1980,8,31,70.2,84.2,50.0
178,349290,1980,9,9,69.6,84.2,53.6
179,349290,1980,10,8,56.3,66.2,50.0
180,349290,1980,10,21,50.2,64.4,39.2
181,349290,1980,12,4,50.0,62.6,42.8
182,349290,1980,1,1,36.7,44.6,32.0
183,349290,1980,1,18,22.5,32.0,15.8
184,349290,1980,2,20,22.8,51.8,14.0
185,349290,1980,2,21,27.3,33.8,19.4
186,349290,1980,3,22,55.9,66.2,46.4
187,349290,1980,4,7,49.5,57.2,37.4
188,349290,1980,5,8,66.2,78.8,53.6
189,349290,1980,5,22,61.0,68.0,55.4
190,349290,1980,5,28,61.5,73.4,48.2
191,349290,1980,6,5,64.8,75.2,55.4
192,349290,1980,6,22,72.1,82.4,59.0
193,349290,1980,6,23,73.4,86.0,59.0
194,349290,1980,7,15,72.1,84.2,59.0
195,349290,1980,7,29,74.3,84.2,62.6
196,349290,1980,8,5,77.2,89.6,68.0
197,349290,1980,8,7,79.0,91.4,66.2
198,349290,1980,8,12,72.0,82.4,57.2
199,349290,1980,8,18,71.2,82.4,60.8
200,349290,1980,8,19,69.1,77.0,62.6
201,349290,1980,8,25,73.0,87.8,57.2
202,349290,1980,8,30,66.2,82.4,50.0
203,349290,1980,10,19,53.6,64.4,44.6
204,349290,1980,11,5,50.9,57.2,44.6
205,349290,1980,11,28,48.9,60.8,41.0
206,349290,1980,3,10,37.9,42.8,32.0
207,349290,1980,4,13,46.0,53.6,39.2
208,349290,1980,5,20,62.2,69.8,51.8
209,349290,1980,9,28,55.9,62.6,48.2
210,349290,1980,12,8,51.4,55.4,46.4
211,349290,1980,12,13,42.1,46.4,35.6
212,349290,1980,12,21,41.0,50.0,32.0
213,349290,1980,2,8,36.3,39.2,33.8
214,349290,1980,4,25,52.0,55.4,50.0
215,349290,1980,4,17,39.2,48.2,32.0
216,349290,1980,5,10,59.0,60.8,57.2
217,349290,1980,6,9,63.5,69.8,59.0
218,349290,1980,9,19,56.3,68.0,46.4
219,349290,1980,10,15,51.6,59.0,41.0
220,349290,1980,11,21,39.7,41.0,39.2
221,349290,1980,12,10,30.0,30.2,28.4
222,349290,1980,12,24,47.1,59.0,37.4
223,349290,1980,8,28,61.0,71.6,48.2
224,349290,1980,9,23,61.2,73.4,51.8
225,349290,1980,9,15,62.8,75.2,50.0
226,349290,1980,10,3,52.0,59.0,44.6
227,349290,1980,2,23,26.8,32.0,21.2
228,349290,1980,1,9,26.2,32.0,23.0
229,349290,1980,1,21,20.3,26.6,10.4
230,349290,1980,2,19,28.6,32.0,19.4
231,349290,1980,9,13,61.5,68.0,53.6
232,349290,1980,10,16,55.4,62.6,48.2
233,349290,1980,10,18,53.2,57.2,50.0
234,349290,1980,4,10,45.7,48.2,42.8
235,349290,1980,4,27,50.5,55.4,46.4
236,349290,1980,5,3,57.7,64.4,51.8
237,349290,1980,9,25,53.8,62.6,44.6
238,349290,1980,11,30,50.2,55.4,44.6
239,349290,1980,8,16,72.1,80.6,66.2
240,349290,1980,9,30,55.4,62.6,51.8
241,349290,1980,10,27,50.0,60.8,44.6
242,349290,1980,2,16,32.6,37.4,26.6
243,349290,1980,11,3,43.8,46.4,41.0
244,349290,1980,2,27,35.9,44.6,28.4
245,349290,1980,3,20,32.5,55.4,28.4
246,349290,1980,2,12,40.0,48.2,33.8
247,349290,1980,5,29,62.9,73.4,51.8
248,349290,1980,6,10,65.7,75.2,55.4
249,349290,1980,7,26,78.3,86.0,69.8
250,349290,1980,10,29,44.9,59.0,32.0
251,349290,1980,11,27,53.3,62.6,48.2
252,349290,1980,3,18,31.2,42.8,21.2
253,349290,1980,5,30,69.5,82.4,55.4
254,349290,1980,8,23,70.6,84.2,60.8
255,349290,1980,11,19,47.4,59.0,41.0
256,349290,1980,6,25,77.9,91.4,64.4
257,349290,1980,8,24,70.2,82.4,55.4
258,349290,1980,12,18,39.4,50.0,32.0
259,349290,1980,1,24,16.2,32.0,3.2
260,349290,1980,8,4,77.4,89.6,62.6
261,349290,1980,4,4,50.7,57.2,46.4
262,349290,1980,4,24,59.0,64.4,53.6
263,349290,1980,6,19,64.7,77.0,57.2
264,349290,1980,10,6,52.1,57.2,48.2
265,349290,1980,1,31,30.2,39.2,1.4
266,349290,1980,2,17,34.3,44.6,32.0
267,349290,1980,5,21,64.1,73.4,60.8
268,349290,1980,9,17,56.7,66.2,46.4
269,349290,1980,3,24,37.9,46.4,35.6
270,349290,1980,4,11,44.8,48.2,42.8
271,349290,1980,8,15,78.5,93.2,68.0
272,349290,1980,9,8,66.5,80.6,51.8
273,349290,1980,10,9,56.2,68.0,44.6
274,349290,1980,1,13,10.9,14.0,6.8
275,349290,1980,8,26,66.2,71.6,60.8
276,349290,1980,1,8,29.8,37.4,23.0
277,349290,1980,9,4,59.2,68.0,53.6
278,349290,1980,5,27,59.7,68.0,51.8
279,349290,1980,1,26,41.5,50.0,30.2
280,349290,1980,6,29,68.3,78.8,57.2
281,349290,1980,5,13,52.1,57.2,48.2
282,349290,1980,6,15,58.2,60.8,55.4
283,349290,1980,3,31,46.1,55.4,41.0
284,349290,1980,4,6,46.7,53.6,42.8
285,349290,1980,11,20,45.9,71.6,41.0
286,349290,1980,9,18,55.2,60.8,50.0
287,349290,1980,1,15,13.5,24.8,5.0
288,349290,1980,1,23,11.7,26.6,3.2
289,349290,1980,2,11,37.6,44.6,32.0
290,349290,1980,3,14,32.9,41.0,28.4
291,349290,1980,3,30,43.2,48.2,39.2
292,349290,1980,5,5,56.3,68.0,37.4
293,349290,1980,5,6,62.8,77.0,46.4
294,349290,1980,7,8,72.1,82.4,59.0
295,349290,1980,7,30,74.5,84.2,64.4
296,349290,1980,8,1,73.6,86.0,60.8
297,349290,1980,8,2,76.1,87.8,62.6
298,349290,1980,8,6,77.9,89.6,60.8
299,349290,1980,8,10,77.2,91.4,64.4
300,349290,1980,8,22,68.7,84.2,51.8
301,349290,1980,8,27,61.7,73.4,32.0
302,349290,1980,9,1,70.0,89.6,55.4
303,349290,1980,9,7,61.7,73.4,50.0
304,349290,1980,9,20,58.6,64.4,55.4
305,349290,1980,9,27,54.7,68.0,41.0
306,349290,1980,11,1,45.7,53.6,37.4
307,349290,1980,11,25,53.2,59.0,48.2
308,349290,1980,12,2,50.2,55.4,44.6
309,349290,1980,12,20,36.3,41.0,32.0
310,349290,1980,1,5,36.7,41.0,33.8
311,349290,1980,2,3,34.9,46.4,26.6
312,349290,1980,2,4,30.9,37.4,26.6
313,349290,1980,2,14,34.0,39.2,32.0
314,349290,1980,2,22,24.8,35.6,5.0
315,349290,1980,3,9,32.9,39.2,21.2
316,349290,1980,5,9,64.0,73.4,57.2
317,349290,1980,6,7,72.3,87.8,59.0
318,349290,1980,6,30,69.6,82.4,57.2
319,349290,1980,7,19,79.0,91.4,64.4
320,349290,1980,7,31,74.8,86.0,64.4
321,349290,1980,8,9,74.3,86.0,60.8
322,349290,1980,9,26,50.2,60.8,39.2
323,349290,1980,10,2,53.2,64.4,42.8
324,349290,1980,12,14,35.2,39.2,32.0
325,349290,1980,12,16,39.2,50.0,30.2
326,349290,1980,12,19,36.0,46.4,30.2
327,349290,1980,12,26,37.2,46.4,30.2
328,349290,1980,8,3,76.8,89.6,64.4
329,349290,1980,5,12,60.4,71.6,53.6
330,349290,1980,7,1,72.1,84.2,57.2
331,349290,1980,7,25,70.9,73.4,68.0
332,349290,1980,8,8,75.7,87.8,68.0
333,349290,1980,11,17,45.7,51.8,41.0
334,349290,1980,1,11,33.6,37.4,32.0
335,349290,1980,2,6,34.7,41.0,32.0
336,349290,1980,4,3,47.5,57.2,42.8
337,349290,1980,4,8,47.1,50.0,46.4
338,349290,1980,4,9,46.2,50.0,41.0
339,349290,1980,4,22,61.9,73.4,51.8
340,349290,1980,7,24,74.3,78.8,73.4
341,349290,1980,9,29,57.0,68.0,44.6
342,349290,1980,12,5,55.2,66.2,48.2
343,349290,1980,8,20,66.2,73.4,59.0
344,349290,1980,11,14,50.0,62.6,35.6
345,349290,1980,1,7,30.0,33.8,23.0
346,349290,1980,6,17,63.5,73.4,53.6
347,349290,1980,7,23,84.2,98.6,71.6
348,349290,1980,9,3,68.7,77.0,60.8
349,349290,1980,2,15,33.4,39.2,30.2
350,349290,1980,3,4,42.6,48.2,30.2
351,349290,1980,3,6,19.6,30.2,1.4
352,349290,1980,3,16,31.8,46.4,21.2
353,349290,1980,9,24,56.1,62.6,51.8
354,349290,1980,12,25,39.9,42.8,32.0
355,349290,1980,3,2,34.7,41.0,30.2
356,349290,1980,5,23,56.3,64.4,50.0
357,349290,1980,9,16,58.1,64.4,51.8
358,349290,1980,11,15,41.7,46.4,37.4
359,349290,1980,12,22,45.9,59.0,37.4
360,349290,1980,12,30,35.4,35.6,33.8
361,349290,1980,1,28,24.6,28.4,17.6
362,349290,1980,6,14,64.2,71.6,60.8
363,349290,1980,9,6,57.0,62.6,53.6
364,349290,1980,12,9,40.3,48.2,32.0
0,349290,1981,5,12,61.7,69.8,57.2
1,349290,1981,4,19,53.9,64.4,48.2
2,349290,1981,6,7,72.5,86.0,62.6
3,349290,1981,11,21,37.4,39.2,35.6
4,349290,1981,11,5,38.2,42.8,32.0
5,349290,1981,12,18,39.5,50.0,32.0
6,349290,1981,5,2,50.8,60.8,39.2
7,349290,1981,12,24,37.9,44.6,32.0
8,349290,1981,4,16,47.7,57.2,41.0
9,349290,1981,6,20,78.5,91.4,62.6
10,349290,1981,8,27,68.3,77.0,57.2
11,349290,1981,10,16,53.6,64.4,42.8
12,349290,1981,1,27,30.2,35.6,26.6
13,349290,1981,3,31,33.0,41.0,28.4
14,349290,1981,7,11,71.3,78.8,64.4
15,349290,1981,8,8,73.4,86.0,62.6
16,349290,1981,10,11,59.5,71.6,50.0
17,349290,1981,3,4,43.0,53.6,30.2
18,349290,1981,10,1,64.4,75.2,57.2
19,349290,1981,11,15,39.9,53.6,32.0
20,349290,1981,1,31,28.9,32.0,24.8
21,349290,1981,1,1,42.3,50.0,37.4
22,349290,1981,12,21,43.1,50.0,32.0
23,349290,1981,12,28,41.3,44.6,37.4
24,349290,1981,2,15,38.5,46.4,33.8
25,349290,1981,2,18,38.3,44.6,32.0
26,349290,1981,5,4,62.1,73.4,53.6
27,349290,1981,5,1,48.5,55.4,41.0
28,349290,1981,7,13,68.5,75.2,64.4
29,349290,1981,11,10,47.4,51.8,44.6
30,349290,1981,3,11,40.0,44.6,35.6
31,349290,1981,10,14,57.2,66.2,51.8
32,349290,1981,10,17,52.8,60.8,42.8
33,349290,1981,3,13,28.6,35.6,24.8
34,349290,1981,10,22,53.2,68.0,42.8
35,349290,1981,1,19,43.0,53.6,32.0
36,349290,1981,1,23,37.2,42.8,32.0
37,349290,1981,2,5,43.7,60.8,35.6
38,349290,1981,2,7,43.0,51.8,33.8
39,349290,1981,2,25,29.3,35.6,24.8
40,349290,1981,3,2,32.2,42.8,23.0
41,349290,1981,3,7,39.0,48.2,26.6
42,349290,1981,3,23,43.7,53.6,32.0
43,349290,1981,4,14,52.9,62.6,44.6
44,349290,1981,4,26,55.9,64.4,48.2
45,349290,1981,4,28,56.5,68.0,44.6
46,349290,1981,5,30,70.7,84.2,59.0
47,349290,1981,6,12,77.9,91.4,62.6
48,349290,1981,6,18,69.6,80.6,57.2
49,349290,1981,7,17,77.9,89.6,64.4
50,349290,1981,7,22,79.3,91.4,68.0
51,349290,1981,7,25,80.2,93.2,66.2
52,349290,1981,8,19,77.0,91.4,64.4
53,349290,1981,9,12,68.2,77.0,59.0
54,349290,1981,9,20,56.1,64.4,46.4
55,349290,1981,10,3,68.5,77.0,60.8
56,349290,1981,10,27,55.0,60.8,33.8
57,349290,1981,11,8,51.1,60.8,46.4
58,349290,1981,11,16,39.7,46.4,37.4
59,349290,1981,11,26,50.5,62.6,46.4
60,349290,1981,11,30,43.5,51.8,35.6
61,349290,1981,1,26,30.0,32.0,28.4
62,349290,1981,2,26,28.2,37.4,21.2
63,349290,1981,2,27,30.0,42.8,24.8
64,349290,1981,4,9,43.2,51.8,39.2
65,349290,1981,4,13,54.1,64.4,46.4
66,349290,1981,4,22,47.5,60.8,33.8
67,349290,1981,4,25,60.1,69.8,50.0
68,349290,1981,6,11,77.5,91.4,62.6
69,349290,1981,6,13,75.9,89.6,64.4
70,349290,1981,7,2,74.8,87.8,64.4
71,349290,1981,7,4,77.5,89.6,50.0
72,349290,1981,7,6,75.4,86.0,60.8
73,349290,1981,8,21,76.6,89.6,66.2
74,349290,1981,8,29,68.9,80.6,60.8
75,349290,1981,9,5,67.8,77.0,62.6
76,349290,1981,9,6,68.7,78.8,60.8
77,349290,1981,9,24,67.5,84.2,53.6
78,349290,1981,9,30,67.6,80.6,57.2
79,349290,1981,10,7,64.2,75.2,55.4
80,349290,1981,11,24,53.6,57.2,33.8
81,349290,1981,12,2,43.5,50.0,39.2
82,349290,1981,1,4,35.4,42.8,21.2
83,349290,1981,1,25,30.9,32.0,30.2
84,349290,1981,4,27,54.3,59.0,50.0
85,349290,1981,8,5,70.9,80.6,62.6
86,349290,1981,10,5,64.2,75.2,57.2
87,349290,1981,10,10,59.7,71.6,50.0
88,349290,1981,11,18,44.4,50.0,41.0
89,349290,1981,4,4,41.7,46.4,39.2
90,349290,1981,4,8,45.5,57.2,37.4
91,349290,1981,4,30,51.1,59.0,41.0
92,349290,1981,6,4,64.2,73.4,53.6
93,349290,1981,6,26,73.4,86.0,68.0
94,349290,1981,9,16,64.4,82.4,55.4
95,349290,1981,11,17,43.0,46.4,39.2
96,349290,1981,12,8,50.7,64.4,41.0
97,349290,1981,12,9,52.7,59.0,48.2
98,349290,1981,3,21,45.5,53.6,37.4
99,349290,1981,9,11,66.7,82.4,60.8
100,349290,1981,1,12,28.6,30.2,26.6
101,349290,1981,10,15,50.0,59.0,44.6
102,349290,1981,1,9,31.8,51.8,30.2
103,349290,1981,1,28,30.0,32.0,26.6
104,349290,1981,11,25,55.0,60.8,50.0
105,349290,1981,7,8,70.0,75.2,68.0
106,349290,1981,3,18,48.2,57.2,41.0
107,349290,1981,6,15,63.3,66.2,59.0
108,349290,1981,9,13,64.8,77.0,60.8
109,349290,1981,2,9,39.4,44.6,32.0
110,349290,1981,3,5,51.3,59.0,39.2
111,349290,1981,4,20,53.6,66.2,44.6
112,349290,1981,12,6,47.5,57.2,39.2
113,349290,1981,9,26,69.4,80.6,57.2
114,349290,1981,2,14,39.6,44.6,35.6
115,349290,1981,9,21,57.9,68.0,51.8
116,349290,1981,12,17,44.1,48.2,37.4
117,349290,1981,6,23,79.4,93.2,66.2
118,349290,1981,8,14,74.4,86.0,66.2
119,349290,1981,1,14,41.3,51.8,35.6
120,349290,1981,2,6,47.7,62.6,35.6
121,349290,1981,6,25,77.3,91.4,71.6
122,349290,1981,11,7,51.8,62.6,42.8
123,349290,1981,12,13,56.4,64.4,48.2
124,349290,1981,1,2,46.9,53.6,41.0
125,349290,1981,4,1,36.1,42.8,24.8
126,349290,1981,7,23,77.5,86.0,73.4
127,349290,1981,10,9,57.7,68.0,46.4
128,349290,1981,5,29,68.5,80.6,55.4
129,349290,1981,12,26,41.5,46.4,33.8
130,349290,1981,1,21,36.5,41.0,33.8
131,349290,1981,3,3,33.1,41.0,28.4
132,349290,1981,4,3,42.0,46.4,39.2
133,349290,1981,1,16,44.9,48.2,37.4
134,349290,1981,2,21,39.2,42.8,35.6
135,349290,1981,12,10,54.1,60.8,48.2
136,349290,1981,2,22,38.9,42.8,37.4
137,349290,1981,1,5,46.4,59.0,39.2
138,349290,1981,1,13,32.9,41.0,24.8
139,349290,1981,3,17,44.3,57.2,30.2
140,349290,1981,5,28,68.2,78.8,55.4
141,349290,1981,2,3,39.2,44.6,32.0
142,349290,1981,2,4,47.5,53.6,42.8
143,349290,1981,2,16,38.5,46.4,33.8
144,349290,1981,3,26,49.3,55.4,46.4
145,349290,1981,3,27,50.5,62.6,39.2
146,349290,1981,3,28,49.1,57.2,42.8
147,349290,1981,4,11,51.4,64.4,35.6
148,349290,1981,4,23,51.1,64.4,35.6
149,349290,1981,5,13,58.3,64.4,53.6
150,349290,1981,5,15,46.6,57.2,35.6
151,349290,1981,5,16,55.2,71.6,39.2
152,349290,1981,6,6,70.9,80.6,59.0
153,349290,1981,6,9,76.1,89.6,60.8
154,349290,1981,6,19,76.3,89.6,60.8
155,349290,1981,6,21,80.8,93.2,68.0
156,349290,1981,7,3,75.9,86.0,66.2
157,349290,1981,7,29,83.1,95.0,75.2
158,349290,1981,8,2,75.0,86.0,68.0
159,349290,1981,8,4,71.8,84.2,64.4
160,349290,1981,8,24,74.3,87.8,64.4
161,349290,1981,9,9,72.1,84.2,59.0
162,349290,1981,9,22,61.7,73.4,51.8
163,349290,1981,9,23,64.4,77.0,50.0
164,349290,1981,9,28,66.4,80.6,55.4
165,349290,1981,10,29,55.2,69.8,46.4
166,349290,1981,11,20,39.9,42.8,39.2
167,349290,1981,11,29,42.1,50.0,35.6
168,349290,1981,12,23,39.7,42.8,30.2
169,349290,1981,1,22,37.0,46.4,30.2
170,349290,1981,1,29,28.4,37.4,23.0
171,349290,1981,3,10,42.8,60.8,26.6
172,349290,1981,4,2,41.9,51.8,28.4
173,349290,1981,4,17,46.4,59.0,35.6
174,349290,1981,5,27,65.3,77.0,57.2
175,349290,1981,6,8,75.7,87.8,62.6
176,349290,1981,7,5,74.5,86.0,66.2
177,349290,1981,7,14,71.2,80.6,60.8
178,349290,1981,7,15,70.7,82.4,60.8
179,349290,1981,7,19,80.4,93.2,68.0
180,349290,1981,7,27,84.2,96.8,66.2
181,349290,1981,8,9,78.1,98.6,64.4
182,349290,1981,8,10,78.1,89.6,62.6
183,349290,1981,8,11,79.7,93.2,64.4
184,349290,1981,8,12,77.7,93.2,64.4
185,349290,1981,8,13,81.5,91.4,68.0
186,349290,1981,8,16,73.0,84.2,60.8
187,349290,1981,9,4,72.7,86.0,59.0
188,349290,1981,9,27,67.8,80.6,60.8
189,349290,1981,9,29,66.4,78.8,55.4
190,349290,1981,10,12,63.3,78.8,50.0
191,349290,1981,10,18,44.8,55.4,32.0
192,349290,1981,10,30,56.3,62.6,51.8
193,349290,1981,10,31,54.7,62.6,50.0
194,349290,1981,3,14,30.9,33.8,24.8
195,349290,1981,4,5,40.8,46.4,39.2
196,349290,1981,4,7,40.6,42.8,37.4
197,349290,1981,5,11,58.1,64.4,55.4
198,349290,1981,8,31,68.0,80.6,55.4
199,349290,1981,11,3,46.9,53.6,39.2
200,349290,1981,12,4,46.6,55.4,41.0
201,349290,1981,12,31,48.4,9999.9,39.2
202,349290,1981,2,11,39.4,46.4,30.2
203,349290,1981,2,20,40.1,50.0,33.8
204,349290,1981,3,12,42.4,50.0,33.8
205,349290,1981,3,15,32.2,46.4,28.4
206,349290,1981,5,26,60.6,75.2,48.2
207,349290,1981,11,9,46.9,50.0,44.6
208,349290,1981,11,22,42.6,48.2,33.8
209,349290,1981,12,5,50.0,57.2,44.6
210,349290,1981,9,3,74.0,84.2,64.4
211,349290,1981,4,10,43.2,59.0,35.6
212,349290,1981,12,15,32.3,35.6,30.2
213,349290,1981,12,14,51.8,64.4,35.6
214,349290,1981,12,30,41.8,44.6,39.2
215,349290,1981,10,19,51.8,66.2,39.2
216,349290,1981,6,17,65.9,77.0,55.4
217,349290,1981,8,1,75.7,80.6,68.0
218,349290,1981,5,10,58.3,71.6,55.4
219,349290,1981,1,11,31.2,32.0,30.2
220,349290,1981,3,25,46.6,55.4,33.8
221,349290,1981,7,7,75.9,89.6,66.2
222,349290,1981,1,18,39.2,44.6,33.8
223,349290,1981,5,9,65.8,73.4,57.2
224,349290,1981,4,21,46.6,53.6,37.4
225,349290,1981,8,17,73.0,87.8,57.2
226,349290,1981,2,10,36.9,41.0,33.8
227,349290,1981,9,14,64.0,71.6,59.0
228,349290,1981,1,7,31.8,33.8,28.4
229,349290,1981,6,27,72.5,86.0,64.4
230,349290,1981,1,3,33.8,39.2,28.4
231,349290,1981,3,29,41.9,48.2,32.0
232,349290,1981,6,14,72.7,84.2,64.4
233,349290,1981,9,19,55.6,64.4,46.4
234,349290,1981,11,2,48.9,53.6,39.2
235,349290,1981,11,4,40.3,42.8,37.4
236,349290,1981,11,19,41.7,44.6,39.2
237,349290,1981,12,7,38.5,51.8,32.0
238,349290,1981,2,23,34.5,39.2,32.0
239,349290,1981,3,30,33.4,37.4,30.2
240,349290,1981,10,28,59.6,68.0,53.6
241,349290,1981,7,18,78.2,89.6,66.2
242,349290,1981,8,30,68.3,75.2,51.8
243,349290,1981,10,8,57.2,68.0,53.6
244,349290,1981,12,11,54.2,57.2,50.0
245,349290,1981,7,16,76.2,86.0,64.4
246,349290,1981,1,8,30.7,33.8,28.4
247,349290,1981,3,1,31.7,42.8,21.2
248,349290,1981,6,2,66.2,73.4,59.0
249,349290,1981,7,21,82.9,95.0,66.2
250,349290,1981,9,2,72.4,87.8,62.6
251,349290,1981,9,10,71.6,78.8,64.4
252,349290,1981,10,4,67.0,75.2,59.0
253,349290,1981,1,10,33.5,37.4,30.2
254,349290,1981,3,19,47.9,62.6,37.4
255,349290,1981,4,24,55.1,69.8,41.0
256,349290,1981,8,18,74.9,89.6,62.6
257,349290,1981,10,25,58.2,71.6,44.6
258,349290,1981,12,3,49.7,59.0,42.8
259,349290,1981,4,12,52.7,64.4,35.6
260,349290,1981,5,31,65.5,71.6,59.0
261,349290,1981,8,6,67.6,77.0,60.8
262,349290,1981,8,23,76.8,91.4,64.4
263,349290,1981,11,28,43.9,46.4,41.0
264,349290,1981,7,28,86.5,98.6,75.2
265,349290,1981,10,20,55.6,64.4,50.0
266,349290,1981,12,1,43.9,50.0,39.2
267,349290,1981,11,27,45.1,46.4,42.8
268,349290,1981,4,29,53.6,59.0,50.0
269,349290,1981,5,5,62.6,71.6,53.6
270,349290,1981,7,12,67.2,80.6,62.6
271,349290,1981,9,17,59.0,66.2,55.4
272,349290,1981,10,13,60.0,64.4,57.2
273,349290,1981,7,9,71.6,78.8,66.2
274,349290,1981,11,6,43.1,51.8,28.4
275,349290,1981,2,19,42.6,48.2,35.6
276,349290,1981,7,30,86.7,109.4,75.2
277,349290,1981,1,30,25.7,28.4,23.0
278,349290,1981,2,13,41.7,48.2,33.8
279,349290,1981,2,28,30.4,41.0,23.0
280,349290,1981,3,9,46.6,59.0,26.6
281,349290,1981,5,20,56.1,64.4,37.4
282,349290,1981,6,1,66.9,77.0,60.8
283,349290,1981,6,3,62.8,71.6,53.6
284,349290,1981,6,10,76.6,89.6,60.8
285,349290,1981,6,22,80.8,93.2,69.8
286,349290,1981,6,24,80.8,93.2,66.2
287,349290,1981,7,20,82.2,93.2,68.0
288,349290,1981,7,24,77.2,87.8,69.8
289,349290,1981,8,3,75.0,86.0,62.6
290,349290,1981,8,7,70.2,80.6,60.8
291,349290,1981,8,20,74.1,84.2,62.6
292,349290,1981,9,1,67.8,80.6,57.2
293,349290,1981,9,7,71.8,82.4,64.4
294,349290,1981,10,6,66.0,80.6,55.4
295,349290,1981,10,21,56.3,69.8,42.8
296,349290,1981,10,24,56.1,71.6,42.8
297,349290,1981,12,12,51.1,57.2,42.8
298,349290,1981,12,25,37.2,42.8,32.0
299,349290,1981,1,17,42.6,51.8,37.4
300,349290,1981,2,1,33.1,35.6,30.2
301,349290,1981,3,8,40.3,53.6,24.8
302,349290,1981,3,16,37.0,46.4,28.4
303,349290,1981,3,24,46.2,57.2,35.6
304,349290,1981,5,3,59.0,71.6,39.2
305,349290,1981,5,17,58.3,68.0,50.0
306,349290,1981,5,19,60.4,69.8,46.4
307,349290,1981,5,24,58.1,66.2,51.8
308,349290,1981,6,5,68.9,82.4,55.4
309,349290,1981,6,28,75.7,86.0,62.6
310,349290,1981,6,30,76.8,87.8,64.4
311,349290,1981,7,1,73.6,86.0,66.2
312,349290,1981,7,10,71.2,80.6,64.4
313,349290,1981,7,26,82.2,96.8,69.8
314,349290,1981,7,31,82.9,91.4,64.4
315,349290,1981,8,15,72.9,84.2,64.4
316,349290,1981,8,22,77.7,89.6,66.2
317,349290,1981,8,25,76.8,87.8,66.2
318,349290,1981,8,28,67.8,78.8,59.0
319,349290,1981,9,8,71.6,84.2,60.8
320,349290,1981,9,15,63.3,75.2,53.6
321,349290,1981,9,25,69.4,84.2,57.2
322,349290,1981,10,2,66.2,78.8,50.0
323,349290,1981,10,23,56.1,71.6,46.4
324,349290,1981,10,26,57.9,64.4,50.0
325,349290,1981,11,1,56.8,66.2,51.8
326,349290,1981,11,14,38.3,44.6,33.8
327,349290,1981,12,19,35.6,44.6,32.0
328,349290,1981,12,20,36.5,44.6,30.2
329,349290,1981,2,2,35.4,39.2,32.0
330,349290,1981,12,29,42.9,52.3,41.0
331,349290,1981,1,15,38.1,42.8,33.8
332,349290,1981,2,12,40.8,46.4,39.2
333,349290,1981,4,18,51.1,60.8,41.0
334,349290,1981,5,6,61.2,71.6,50.0
335,349290,1981,5,8,58.8,66.2,51.8
336,349290,1981,5,23,54.5,60.8,48.2
337,349290,1981,11,23,46.2,50.0,41.0
338,349290,1981,2,17,39.2,46.4,33.8
339,349290,1981,3,22,42.8,46.4,39.2
340,349290,1981,4,6,41.2,48.2,37.4
341,349290,1981,5,22,57.0,64.4,50.0
342,349290,1981,6,16,62.8,68.0,59.0
343,349290,1981,6,29,75.0,89.6,64.4
344,349290,1981,2,24,32.8,42.8,26.6
345,349290,1981,12,27,39.7,46.4,35.6
346,349290,1981,12,22,37.1,50.0,32.0
347,349290,1981,5,21,56.7,66.2,46.4
348,349290,1981,1,20,40.1,50.0,35.6
349,349290,1981,2,8,39.7,48.2,35.6
350,349290,1981,5,14,45.4,55.4,41.0
351,349290,1981,12,16,42.4,59.0,32.0
352,349290,1981,8,26,67.8,82.4,59.0
353,349290,1981,5,18,52.9,64.4,33.8
354,349290,1981,4,15,49.5,57.2,46.4
355,349290,1981,1,24,34.7,35.6,32.0
356,349290,1981,11,13,37.4,42.8,32.0
357,349290,1981,3,20,53.4,60.8,44.6
358,349290,1981,9,18,55.6,59.0,51.8
359,349290,1981,11,11,42.6,46.4,39.2
360,349290,1981,1,6,50.0,60.8,32.0
361,349290,1981,3,6,36.0,48.2,32.0
362,349290,1981,5,7,57.0,60.8,53.6
363,349290,1981,11,12,40.3,42.8,37.4
364,349290,1981,5,25,59.7,71.6,51.8
0,349290,1982,1,5,48.0,52.7,40.1
1,349290,1982,12,6,20.3,29.1,12.9
2,349290,1982,3,29,49.5,60.6,39.7
3,349290,1982,1,25,30.7,34.5,27.0
4,349290,1982,8,29,75.3,85.3,66.2
5,349290,1982,9,19,60.5,72.7,45.5
6,349290,1982,4,23,55.6,58.1,51.8
7,349290,1982,5,9,66.5,79.3,50.4
8,349290,1982,12,2,32.2,39.2,22.6
9,349290,1982,2,25,27.9,40.6,16.5
10,349290,1982,5,21,63.5,72.5,56.1
11,349290,1982,7,12,72.4,80.4,65.5
12,349290,1982,4,26,50.4,56.3,48.2
13,349290,1982,4,24,49.9,57.2,43.9
14,349290,1982,8,3,64.0,69.4,60.8
15,349290,1982,11,4,55.5,63.9,50.0
16,349290,1982,7,18,65.5,74.5,61.3
17,349290,1982,12,8,32.6,36.7,29.1
18,349290,1982,7,19,69.2,79.3,58.1
19,349290,1982,11,30,25.1,32.9,17.4
20,349290,1982,8,12,69.4,82.8,62.1
21,349290,1982,6,7,66.8,74.1,57.7
22,349290,1982,8,17,73.8,87.8,58.3
23,349290,1982,11,13,47.7,57.2,36.0
24,349290,1982,12,1,30.5,32.7,23.7
25,349290,1982,8,4,64.5,73.4,58.5
26,349290,1982,3,25,24.4,31.3,18.3
27,349290,1982,5,12,70.4,85.3,54.9
28,349290,1982,7,22,74.3,83.1,64.4
29,349290,1982,7,20,73.1,82.2,58.6
30,349290,1982,10,6,41.5,54.5,32.9
31,349290,1982,5,28,71.9,82.8,54.0
32,349290,1982,2,20,21.4,32.9,15.8
33,349290,1982,5,1,58.1,70.3,46.4
34,349290,1982,5,4,53.5,61.5,45.3
35,349290,1982,5,5,52.1,64.8,41.4
36,349290,1982,7,16,72.9,83.8,64.9
37,349290,1982,6,21,65.4,71.2,57.4
38,349290,1982,6,22,65.0,74.3,58.6
39,349290,1982,2,17,15.3,23.4,5.4
40,349290,1982,4,2,42.7,55.8,31.3
41,349290,1982,6,5,67.3,80.8,51.8
42,349290,1982,6,19,60.3,71.6,57.2
43,349290,1982,8,27,77.5,89.6,69.8
44,349290,1982,10,29,46.2,54.7,36.9
45,349290,1982,4,27,52.9,61.2,48.9
46,349290,1982,9,9,70.5,81.3,65.7
47,349290,1982,12,18,52.8,64.0,40.3
48,349290,1982,8,18,76.9,86.7,63.9
49,349290,1982,8,22,72.7,88.7,62.6
50,349290,1982,11,11,31.0,44.1,23.0
51,349290,1982,12,29,40.3,43.9,31.1
52,349290,1982,8,20,74.5,86.0,59.5
53,349290,1982,10,28,48.0,69.8,38.1
54,349290,1982,5,23,62.8,67.8,56.7
55,349290,1982,6,14,73.2,86.2,57.2
56,349290,1982,4,17,65.4,81.7,53.2
57,349290,1982,4,8,52.5,63.7,45.1
58,349290,1982,9,8,73.0,86.5,61.7
59,349290,1982,10,8,48.2,64.8,33.6
60,349290,1982,6,24,68.8,80.4,59.0
61,349290,1982,8,9,70.3,82.8,58.1
62,349290,1982,9,23,64.3,77.9,55.4
63,349290,1982,2,12,16.6,26.6,4.5
64,349290,1982,3,28,42.6,48.2,38.7
65,349290,1982,4,5,48.2,49.6,46.9
66,349290,1982,4,29,59.1,70.9,48.6
67,349290,1982,5,3,55.4,68.4,42.1
68,349290,1982,5,8,62.6,76.1,48.4
69,349290,1982,7,26,69.2,82.0,59.0
70,349290,1982,7,28,73.1,83.5,59.9
71,349290,1982,7,29,73.8,85.1,63.1
72,349290,1982,8,7,67.9,85.8,40.6
73,349290,1982,9,6,68.6,80.8,57.2
74,349290,1982,10,26,46.3,62.6,31.3
75,349290,1982,11,16,42.8,56.3,28.6
76,349290,1982,12,7,37.0,48.2,19.8
77,349290,1982,12,10,49.5,56.8,40.3
78,349290,1982,12,17,54.4,59.9,45.5
79,349290,1982,12,22,37.1,50.4,29.8
80,349290,1982,1,24,27.7,34.2,16.9
81,349290,1982,6,23,65.7,78.8,56.8
82,349290,1982,7,7,63.8,72.9,55.4
83,349290,1982,4,25,49.9,59.0,41.4
84,349290,1982,6,11,67.6,77.4,63.1
85,349290,1982,6,16,66.0,73.4,59.7
86,349290,1982,7,2,64.0,70.5,61.7
87,349290,1982,7,4,66.5,77.0,60.3
88,349290,1982,7,9,71.6,80.1,65.1
89,349290,1982,7,23,76.6,87.6,65.1
90,349290,1982,8,23,75.2,86.9,63.1
91,349290,1982,8,26,78.3,91.0,68.0
92,349290,1982,8,28,74.1,87.8,64.8
93,349290,1982,8,30,78.1,90.5,66.7
94,349290,1982,9,10,72.2,86.0,60.6
95,349290,1982,9,25,68.9,80.6,59.9
96,349290,1982,10,10,57.5,74.3,42.1
97,349290,1982,12,13,37.0,50.9,28.4
98,349290,1982,12,20,41.3,51.8,36.0
99,349290,1982,2,10,9.1,14.5,4.6
100,349290,1982,12,3,26.6,35.6,18.7
101,349290,1982,11,28,25.8,34.7,22.1
102,349290,1982,8,13,66.5,77.9,57.9
103,349290,1982,11,27,27.3,31.3,23.4
104,349290,1982,11,22,39.1,43.9,35.1
105,349290,1982,12,30,37.7,41.0,35.6
106,349290,1982,10,31,41.0,50.9,35.1
107,349290,1982,3,16,42.2,53.8,36.1
108,349290,1982,9,29,56.1,61.7,49.6
109,349290,1982,2,21,20.1,28.4,13.5
110,349290,1982,3,6,32.6,34.7,29.7
111,349290,1982,4,30,60.9,71.6,52.2
112,349290,1982,7,25,72.7,80.6,65.8
113,349290,1982,7,31,64.1,67.6,60.3
114,349290,1982,9,11,65.7,77.0,54.0
115,349290,1982,12,24,29.4,30.4,28.8
116,349290,1982,3,13,33.3,44.6,29.1
117,349290,1982,1,11,16.9,22.6,11.5
118,349290,1982,1,4,40.1,44.1,27.3
119,349290,1982,5,16,63.1,71.6,45.5
120,349290,1982,10,16,66.2,83.5,54.0
121,349290,1982,2,2,31.8,35.2,28.8
122,349290,1982,2,3,22.5,26.2,18.9
123,349290,1982,7,11,70.8,77.9,59.4
124,349290,1982,7,21,72.6,83.7,61.9
125,349290,1982,4,13,57.1,77.0,44.6
126,349290,1982,2,5,11.9,23.5,4.6
127,349290,1982,3,8,28.8,32.4,27.0
128,349290,1982,5,20,61.5,66.7,53.6
129,349290,1982,7,17,69.7,75.2,64.4
130,349290,1982,7,27,66.2,79.7,56.8
131,349290,1982,8,1,62.4,72.5,57.6
132,349290,1982,1,2,53.8,58.3,49.1
133,349290,1982,2,6,31.1,38.3,13.1
134,349290,1982,6,1,62.4,73.0,57.4
135,349290,1982,1,3,52.4,54.7,47.3
136,349290,1982,3,7,33.6,36.9,30.9
137,349290,1982,2,18,18.0,25.5,10.4
138,349290,1982,4,18,53.9,66.2,46.0
139,349290,1982,12,5,21.1,27.3,16.2
140,349290,1982,1,16,34.8,39.2,28.8
141,349290,1982,9,1,80.4,93.2,65.5
142,349290,1982,7,24,76.7,84.6,65.1
143,349290,1982,10,24,45.0,61.0,32.7
144,349290,1982,11,15,38.6,53.8,28.0
145,349290,1982,11,24,34.4,43.9,26.6
146,349290,1982,3,26,31.0,41.7,17.6
147,349290,1982,5,27,67.6,81.3,55.4
148,349290,1982,1,7,46.6,52.7,40.1
149,349290,1982,8,8,70.9,80.6,59.9
150,349290,1982,11,9,25.1,38.8,16.9
151,349290,1982,5,22,62.3,72.5,56.1
152,349290,1982,7,14,71.1,84.9,64.8
153,349290,1982,9,26,64.6,78.1,57.0
154,349290,1982,1,10,20.0,24.4,11.8
155,349290,1982,6,29,73.0,83.5,59.0
156,349290,1982,8,6,69.0,78.4,63.3
157,349290,1982,9,5,65.9,76.6,60.8
158,349290,1982,11,26,33.4,48.9,26.2
159,349290,1982,10,17,65.9,83.7,51.8
160,349290,1982,1,21,7.6,14.7,1.9
161,349290,1982,2,7,34.8,39.7,29.8
162,349290,1982,4,12,52.5,59.9,48.2
163,349290,1982,1,19,18.9,24.1,9.5
164,349290,1982,1,22,10.8,21.9,4.3
165,349290,1982,1,27,29.0,31.6,25.5
166,349290,1982,4,16,66.0,77.7,54.5
167,349290,1982,7,30,72.4,80.6,64.4
168,349290,1982,8,24,76.4,90.7,65.3
169,349290,1982,10,30,43.0,51.8,31.3
170,349290,1982,11,20,47.8,57.2,37.9
171,349290,1982,12,25,31.3,40.1,27.3
172,349290,1982,12,15,50.3,53.6,45.9
173,349290,1982,10,23,50.3,56.8,39.6
174,349290,1982,10,18,54.5,59.0,47.7
175,349290,1982,2,4,14.9,20.3,10.8
176,349290,1982,12,11,49.0,59.2,38.5
177,349290,1982,7,6,65.1,73.9,58.3
178,349290,1982,4,11,56.3,74.3,43.9
179,349290,1982,4,15,65.9,81.1,50.4
180,349290,1982,11,2,48.2,57.4,40.1
181,349290,1982,3,10,28.7,34.5,23.0
182,349290,1982,7,13,75.7,85.6,68.7
183,349290,1982,3,5,41.8,52.7,29.1
184,349290,1982,5,11,68.0,82.8,52.9
185,349290,1982,9,12,58.5,69.8,47.5
186,349290,1982,11,7,28.5,36.9,20.8
187,349290,1982,4,20,52.2,62.6,32.4
188,349290,1982,8,15,70.6,82.2,56.8
189,349290,1982,10,9,54.1,72.7,37.6
190,349290,1982,10,27,48.0,65.5,30.7
191,349290,1982,3,4,35.1,46.4,28.0
192,349290,1982,5,13,73.7,83.8,58.8
193,349290,1982,5,30,73.7,86.9,58.6
194,349290,1982,3,27,38.7,45.7,29.8
195,349290,1982,6,6,68.6,83.3,56.5
196,349290,1982,9,24,68.2,77.7,57.4
197,349290,1982,3,21,34.8,44.2,29.1
198,349290,1982,6,8,68.1,79.5,57.7
199,349290,1982,6,20,65.1,75.2,53.6
200,349290,1982,9,15,64.3,72.1,55.4
201,349290,1982,9,16,61.7,69.8,53.6
202,349290,1982,9,20,63.1,77.0,52.2
203,349290,1982,10,2,54.4,65.3,42.8
204,349290,1982,10,7,44.4,59.0,33.1
205,349290,1982,11,12,34.6,49.8,19.8
206,349290,1982,12,14,49.8,54.5,35.6
207,349290,1982,12,19,41.0,53.8,34.5
208,349290,1982,12,23,30.3,31.6,28.4
209,349290,1982,9,4,67.7,72.7,64.4
210,349290,1982,11,17,51.1,65.1,32.2
211,349290,1982,3,22,33.1,36.3,30.9
212,349290,1982,12,27,38.1,41.0,36.3
213,349290,1982,6,2,66.2,78.8,51.3
214,349290,1982,6,18,62.4,67.1,54.5
215,349290,1982,8,2,68.4,76.8,58.6
216,349290,1982,4,22,58.3,71.8,48.9
217,349290,1982,2,8,35.6,39.2,32.7
218,349290,1982,3,31,53.2,59.4,47.8
219,349290,1982,3,18,36.1,40.1,33.4
220,349290,1982,5,19,57.9,63.9,54.7
221,349290,1982,11,6,33.6,36.5,28.4
222,349290,1982,11,21,45.3,48.9,43.3
223,349290,1982,2,1,32.9,35.6,32.2
224,349290,1982,6,9,68.5,77.4,62.8
225,349290,1982,12,28,35.5,37.6,32.0
226,349290,1982,1,15,26.9,33.8,15.8
227,349290,1982,5,7,58.8,72.3,44.6
228,349290,1982,9,27,57.9,68.9,49.3
229,349290,1982,11,23,34.9,43.5,29.8
230,349290,1982,6,10,68.8,79.7,58.5
231,349290,1982,9,7,72.1,86.9,58.1
232,349290,1982,7,10,69.8,84.2,64.4
233,349290,1982,6,3,65.7,75.9,51.8
234,349290,1982,1,9,16.9,19.8,12.9
235,349290,1982,1,1,47.6,52.9,42.3
236,349290,1982,4,3,51.9,62.6,33.1
237,349290,1982,1,18,13.6,21.4,7.7
238,349290,1982,1,28,21.7,25.7,16.3
239,349290,1982,5,31,66.7,69.8,60.1
240,349290,1982,1,6,46.5,51.3,41.7
241,349290,1982,11,25,32.7,42.4,25.5
242,349290,1982,8,10,72.4,83.3,56.3
243,349290,1982,10,25,46.3,63.0,31.6
244,349290,1982,11,1,44.2,54.0,33.8
245,349290,1982,7,3,64.1,70.2,59.9
246,349290,1982,10,5,38.1,45.9,30.2
247,349290,1982,8,5,69.7,75.2,61.7
248,349290,1982,4,10,55.6,71.6,44.6
249,349290,1982,1,12,24.1,42.1,0.0
250,349290,1982,2,19,22.8,30.2,12.9
251,349290,1982,6,30,74.0,88.3,63.1
252,349290,1982,3,11,28.6,35.8,18.0
253,349290,1982,10,13,58.1,74.1,50.5
254,349290,1982,1,17,24.2,29.5,15.4
255,349290,1982,1,20,14.6,25.7,7.3
256,349290,1982,1,8,26.8,47.8,21.0
257,349290,1982,7,1,68.9,80.6,66.2
258,349290,1982,7,5,66.9,75.7,59.9
259,349290,1982,10,19,48.5,51.6,46.4
260,349290,1982,10,20,41.2,50.2,37.4
261,349290,1982,1,13,25.2,36.0,14.4
262,349290,1982,2,23,20.5,30.2,10.8
263,349290,1982,3,3,37.9,45.5,32.7
264,349290,1982,5,10,67.7,81.7,53.4
265,349290,1982,10,11,61.8,70.3,54.3
266,349290,1982,10,14,64.8,78.1,52.5
267,349290,1982,11,10,32.3,46.8,19.2
268,349290,1982,6,4,66.8,76.6,52.3
269,349290,1982,9,2,79.5,90.5,67.1
270,349290,1982,3,1,35.0,39.2,33.8
271,349290,1982,3,9,28.8,32.5,27.9
272,349290,1982,11,19,55.6,75.2,41.5
273,349290,1982,2,11,8.9,14.4,1.8
274,349290,1982,5,24,63.9,75.4,57.7
275,349290,1982,8,19,76.2,87.8,65.8
276,349290,1982,12,26,35.1,40.1,26.6
277,349290,1982,3,14,34.8,39.6,28.0
278,349290,1982,3,30,53.6,57.9,45.5
279,349290,1982,4,7,46.1,56.7,37.6
280,349290,1982,9,22,64.0,78.8,54.5
281,349290,1982,9,28,54.8,70.9,41.9
282,349290,1982,10,1,55.8,66.7,43.5
283,349290,1982,11,18,48.2,65.5,38.3
284,349290,1982,3,15,40.8,49.6,35.1
285,349290,1982,3,24,23.9,28.0,19.8
286,349290,1982,2,22,24.8,32.0,18.3
287,349290,1982,3,12,35.0,44.1,28.4
288,349290,1982,4,6,45.8,50.5,43.3
289,349290,1982,5,18,61.8,68.7,52.7
290,349290,1982,6,27,67.2,77.5,56.5
291,349290,1982,10,12,58.9,67.8,49.6
292,349290,1982,11,29,24.7,35.6,17.6
293,349290,1982,9,3,74.7,87.8,68.7
294,349290,1982,5,2,54.0,62.6,46.6
295,349290,1982,3,2,32.7,37.0,28.8
296,349290,1982,4,1,40.3,44.6,33.6
297,349290,1982,5,14,61.8,66.6,56.5
298,349290,1982,10,4,43.3,53.6,35.6
299,349290,1982,2,9,26.4,37.9,14.0
300,349290,1982,3,20,32.1,36.0,29.1
301,349290,1982,4,21,58.2,66.9,50.0
302,349290,1982,5,26,68.3,79.2,57.9
303,349290,1982,7,8,70.3,81.7,57.2
304,349290,1982,6,26,65.8,76.6,57.2
305,349290,1982,5,29,72.4,86.2,55.6
306,349290,1982,10,3,52.7,62.1,46.2
307,349290,1982,8,14,66.8,79.9,52.3
308,349290,1982,2,16,12.1,18.5,4.3
309,349290,1982,4,14,63.9,81.5,47.1
310,349290,1982,5,6,55.2,67.6,40.3
311,349290,1982,12,4,19.1,21.9,17.6
312,349290,1982,8,25,77.2,87.8,66.2
313,349290,1982,2,28,37.0,43.2,32.5
314,349290,1982,4,9,52.5,63.0,43.2
315,349290,1982,6,15,73.3,87.1,63.0
316,349290,1982,6,13,67.8,80.6,53.2
317,349290,1982,6,28,69.4,81.0,54.3
318,349290,1982,7,15,72.1,82.4,63.7
319,349290,1982,9,14,60.4,72.7,45.5
320,349290,1982,9,17,65.5,76.6,52.7
321,349290,1982,9,21,62.9,75.0,52.2
322,349290,1982,10,21,44.0,50.7,36.5
323,349290,1982,10,22,53.2,61.2,39.2
324,349290,1982,12,9,38.1,47.3,27.7
325,349290,1982,12,12,39.2,56.7,29.1
326,349290,1982,12,16,43.5,51.8,38.8
327,349290,1982,1,23,19.4,32.2,7.0
328,349290,1982,2,26,33.6,41.0,25.3
329,349290,1982,1,26,26.8,29.5,25.7
330,349290,1982,1,30,33.3,35.6,30.9
331,349290,1982,11,3,52.4,57.6,41.4
332,349290,1982,1,31,34.0,38.1,31.3
333,349290,1982,1,14,20.8,27.1,7.9
334,349290,1982,2,24,21.8,33.8,11.8
335,349290,1982,2,27,39.3,50.4,32.0
336,349290,1982,3,17,39.5,48.2,34.0
337,349290,1982,4,28,55.4,64.4,44.6
338,349290,1982,5,25,67.1,80.1,52.2
339,349290,1982,8,11,72.6,85.6,59.4
340,349290,1982,8,16,72.8,83.5,57.9
341,349290,1982,8,21,75.4,87.1,63.7
342,349290,1982,8,31,78.6,91.0,68.0
343,349290,1982,9,13,58.8,70.9,47.1
344,349290,1982,9,30,53.9,63.3,43.2
345,349290,1982,10,15,64.4,86.0,50.4
346,349290,1982,12,21,38.2,50.2,32.2
347,349290,1982,11,5,51.0,57.9,45.5
348,349290,1982,2,15,9.3,20.3,1.9
349,349290,1982,9,18,61.0,71.1,50.0
350,349290,1982,5,15,60.4,69.4,52.2
351,349290,1982,3,23,30.3,37.8,27.3
352,349290,1982,2,13,23.0,25.3,20.1
353,349290,1982,3,19,32.8,35.4,30.6
354,349290,1982,4,19,46.8,51.8,41.7
355,349290,1982,6,17,60.4,64.0,58.3
356,349290,1982,11,14,42.8,57.2,31.3
357,349290,1982,2,14,16.7,21.7,7.7
358,349290,1982,6,12,63.5,70.9,56.8
359,349290,1982,6,25,67.6,79.7,60.6
360,349290,1982,11,8,26.7,32.9,21.2
361,349290,1982,12,31,31.6,35.6,29.1
362,349290,1982,4,4,58.7,72.0,48.2
363,349290,1982,5,17,61.3,70.5,53.6
0,349290,1983,6,2,70.0,79.7,62.2
1,349290,1983,6,29,72.8,84.6,61.2
2,349290,1983,5,14,63.5,76.6,51.4
3,349290,1983,1,29,39.8,44.8,34.7
4,349290,1983,7,26,64.8,73.9,60.6
5,349290,1983,12,5,30.3,31.8,28.8
6,349290,1983,12,9,39.1,43.2,37.4
7,349290,1983,12,23,26.2,33.3,21.0
8,349290,1983,1,2,21.5,22.5,20.3
9,349290,1983,3,20,49.2,65.1,31.6
10,349290,1983,6,9,58.3,68.9,48.6
11,349290,1983,7,4,80.9,92.5,68.4
12,349290,1983,2,4,43.4,53.6,36.5
13,349290,1983,4,3,55.0,68.7,47.5
14,349290,1983,5,13,61.9,75.2,51.8
15,349290,1983,7,11,79.4,91.8,67.1
16,349290,1983,7,17,81.1,94.1,67.6
17,349290,1983,9,3,70.0,83.8,58.1
18,349290,1983,11,24,34.3,39.6,23.7
19,349290,1983,12,19,21.7,25.9,14.9
20,349290,1983,12,24,27.5,34.0,19.0
21,349290,1983,2,20,34.0,39.2,27.7
22,349290,1983,2,18,25.5,27.5,23.2
23,349290,1983,6,1,65.0,71.2,59.5
24,349290,1983,1,28,39.0,42.8,35.4
25,349290,1983,4,24,56.9,67.3,45.5
26,349290,1983,6,12,70.5,80.1,63.0
27,349290,1983,7,7,71.9,81.7,63.7
28,349290,1983,10,19,53.3,73.4,41.9
29,349290,1983,11,26,29.0,39.7,21.6
30,349290,1983,12,17,15.3,22.1,9.7
31,349290,1983,1,25,14.1,20.1,9.0
32,349290,1983,4,26,60.2,70.7,51.6
33,349290,1983,6,23,59.7,64.4,56.8
34,349290,1983,1,10,32.6,36.3,30.9
35,349290,1983,2,5,38.8,42.8,34.5
36,349290,1983,7,19,77.2,92.5,68.5
37,349290,1983,8,1,73.7,85.3,60.3
38,349290,1983,8,11,71.9,81.9,61.3
39,349290,1983,10,10,59.8,73.4,47.3
40,349290,1983,5,30,70.0,80.1,58.3
41,349290,1983,1,16,42.5,56.3,32.9
42,349290,1983,3,27,59.9,79.2,43.9
43,349290,1983,3,29,59.9,73.6,48.2
44,349290,1983,5,12,62.0,74.1,48.2
45,349290,1983,6,4,71.4,84.2,58.5
46,349290,1983,6,18,72.7,84.4,59.7
47,349290,1983,1,9,34.1,39.2,31.8
48,349290,1983,3,11,46.2,48.4,42.4
49,349290,1983,4,21,52.7,61.9,41.2
50,349290,1983,6,22,63.2,73.9,59.0
51,349290,1983,5,27,71.1,82.4,57.2
52,349290,1983,3,9,29.0,34.3,20.1
53,349290,1983,7,27,64.2,79.7,57.2
54,349290,1983,2,21,33.0,41.0,27.1
55,349290,1983,4,6,60.1,71.6,52.7
56,349290,1983,4,25,59.2,72.1,44.6
57,349290,1983,5,18,73.6,84.9,65.3
58,349290,1983,6,24,62.2,72.5,52.0
59,349290,1983,7,5,76.8,86.4,69.4
60,349290,1983,7,8,71.6,83.3,56.8
61,349290,1983,7,31,72.5,82.6,62.1
62,349290,1983,8,17,67.6,79.0,54.0
63,349290,1983,8,31,64.1,74.8,54.3
64,349290,1983,9,8,66.3,79.2,57.9
65,349290,1983,9,12,66.4,77.7,54.7
66,349290,1983,9,29,63.0,74.1,50.4
67,349290,1983,11,17,40.2,44.6,27.5
68,349290,1983,11,20,30.9,34.3,25.7
69,349290,1983,11,30,49.8,59.2,42.8
70,349290,1983,12,7,37.9,47.3,29.3
71,349290,1983,12,21,19.4,26.6,14.7
72,349290,1983,1,7,31.0,40.1,21.7
73,349290,1983,4,11,55.6,68.0,49.1
74,349290,1983,8,25,67.1,79.9,54.3
75,349290,1983,2,6,36.8,41.0,32.0
76,349290,1983,8,18,69.4,77.7,61.7
77,349290,1983,8,27,64.1,77.0,56.8
78,349290,1983,8,28,64.5,74.3,56.1
79,349290,1983,3,28,64.2,83.8,47.1
80,349290,1983,5,31,69.0,78.8,62.6
81,349290,1983,6,13,71.2,82.6,58.3
82,349290,1983,7,10,78.7,90.3,68.2
83,349290,1983,7,15,79.3,92.5,66.2
84,349290,1983,8,6,75.2,86.4,63.7
85,349290,1983,8,12,74.2,83.7,63.0
86,349290,1983,8,22,69.1,81.0,57.7
87,349290,1983,9,22,67.0,79.2,57.6
88,349290,1983,9,28,60.3,72.5,48.6
89,349290,1983,10,6,53.5,66.4,41.0
90,349290,1983,10,7,63.8,74.3,52.3
91,349290,1983,10,29,51.3,63.3,38.7
92,349290,1983,11,7,50.8,57.6,44.6
93,349290,1983,11,21,38.5,43.3,32.4
94,349290,1983,11,29,51.4,66.2,37.4
95,349290,1983,12,4,27.2,30.2,24.4
96,349290,1983,12,22,23.9,31.3,13.3
97,349290,1983,12,29,44.4,48.2,36.7
98,349290,1983,2,24,28.9,33.1,25.5
99,349290,1983,1,14,36.9,43.9,30.6
100,349290,1983,6,8,57.6,61.5,50.4
101,349290,1983,2,16,30.2,34.2,27.7
102,349290,1983,7,24,66.5,77.0,62.4
103,349290,1983,12,6,32.1,35.8,29.8
104,349290,1983,1,1,27.1,30.4,23.0
105,349290,1983,2,13,47.8,56.3,41.7
106,349290,1983,2,14,43.3,52.9,36.0
107,349290,1983,3,30,55.8,70.9,41.5
108,349290,1983,5,26,68.7,79.5,51.3
109,349290,1983,9,4,66.6,72.3,62.6
110,349290,1983,10,5,52.8,60.4,45.1
111,349290,1983,11,22,42.5,54.7,32.7
112,349290,1983,11,23,31.2,36.0,24.8
113,349290,1983,2,15,35.1,38.3,30.9
114,349290,1983,2,23,33.6,37.8,31.5
115,349290,1983,3,8,34.7,37.6,30.9
116,349290,1983,1,18,34.7,39.6,32.0
117,349290,1983,1,20,36.2,44.4,32.0
118,349290,1983,5,5,55.3,61.5,52.3
119,349290,1983,5,7,58.7,66.9,48.4
120,349290,1983,9,1,66.9,80.6,52.2
121,349290,1983,9,9,61.9,71.1,51.8
122,349290,1983,12,12,45.4,50.4,38.8
123,349290,1983,12,20,21.6,25.9,16.0
124,349290,1983,2,26,31.6,34.5,27.3
125,349290,1983,6,25,66.6,77.0,51.4
126,349290,1983,10,14,54.4,63.5,44.6
127,349290,1983,5,9,52.1,58.6,45.3
128,349290,1983,4,5,58.9,67.5,48.4
129,349290,1983,6,28,70.2,84.4,58.5
130,349290,1983,6,3,68.3,83.5,59.2
131,349290,1983,9,7,69.7,77.4,60.4
132,349290,1983,12,3,28.0,32.5,25.5
133,349290,1983,5,23,74.5,88.2,65.1
134,349290,1983,7,14,81.8,90.5,74.7
135,349290,1983,4,15,53.4,57.0,49.1
136,349290,1983,2,25,24.7,28.6,18.5
137,349290,1983,6,10,64.2,73.2,48.2
138,349290,1983,11,13,33.0,35.6,30.2
139,349290,1983,1,6,28.9,32.7,14.0
140,349290,1983,6,15,70.9,81.0,62.6
141,349290,1983,7,30,69.3,81.0,59.4
142,349290,1983,5,21,68.8,79.2,59.5
143,349290,1983,8,21,72.5,83.5,64.0
144,349290,1983,12,26,42.7,48.7,33.4
145,349290,1983,6,21,68.6,77.7,62.6
146,349290,1983,1,8,34.4,43.2,25.7
147,349290,1983,4,12,54.9,69.3,46.4
148,349290,1983,9,14,66.9,80.6,54.7
149,349290,1983,1,13,36.1,40.1,32.0
150,349290,1983,4,17,48.5,51.4,45.9
151,349290,1983,5,22,70.5,83.1,56.5
152,349290,1983,5,25,72.8,85.3,60.8
153,349290,1983,8,7,74.9,88.2,63.9
154,349290,1983,8,29,64.6,75.6,53.1
155,349290,1983,9,11,65.0,78.3,50.9
156,349290,1983,10,9,58.5,77.0,39.7
157,349290,1983,10,13,53.3,73.6,36.3
158,349290,1983,10,16,50.8,66.2,41.0
159,349290,1983,11,6,45.3,52.9,34.9
160,349290,1983,7,2,78.5,96.1,55.9
161,349290,1983,10,23,44.7,52.2,35.8
162,349290,1983,12,1,47.0,56.3,37.6
163,349290,1983,12,27,46.0,48.7,39.7
164,349290,1983,5,1,60.9,73.6,49.1
165,349290,1983,1,24,23.6,28.6,20.5
166,349290,1983,6,6,65.6,80.2,53.1
167,349290,1983,1,11,37.4,40.5,32.2
168,349290,1983,3,2,16.2,23.2,9.3
169,349290,1983,5,11,61.4,72.7,46.4
170,349290,1983,10,28,47.6,63.1,31.6
171,349290,1983,11,27,35.2,48.2,26.6
172,349290,1983,12,31,42.2,48.2,31.3
173,349290,1983,7,29,64.3,73.8,58.3
174,349290,1983,2,11,46.8,65.7,32.7
175,349290,1983,5,29,67.7,79.2,60.8
176,349290,1983,5,3,61.7,69.6,41.2
177,349290,1983,7,12,81.8,93.7,69.8
178,349290,1983,11,15,34.4,52.7,23.2
179,349290,1983,2,8,40.7,55.8,32.0
180,349290,1983,4,9,60.9,72.9,46.8
181,349290,1983,4,28,61.5,75.9,42.8
182,349290,1983,5,2,65.9,76.8,54.7
183,349290,1983,5,17,70.8,78.1,64.4
184,349290,1983,6,5,71.3,83.3,56.5
185,349290,1983,7,3,82.1,95.7,67.1
186,349290,1983,7,23,65.6,72.9,54.9
187,349290,1983,8,10,71.1,78.1,67.5
188,349290,1983,8,13,75.5,86.9,61.7
189,349290,1983,8,16,64.5,73.4,57.7
190,349290,1983,8,26,66.9,79.2,54.5
191,349290,1983,9,6,68.0,78.3,54.7
192,349290,1983,9,13,63.6,74.5,52.2
193,349290,1983,9,20,65.2,76.1,56.5
194,349290,1983,10,1,60.0,76.5,43.7
195,349290,1983,10,30,51.8,54.3,46.2
196,349290,1983,2,12,49.8,66.4,38.3
197,349290,1983,2,10,44.2,61.2,32.4
198,349290,1983,3,17,40.6,54.7,28.8
199,349290,1983,3,19,44.1,66.2,34.2
200,349290,1983,3,31,57.3,74.1,41.4
201,349290,1983,4,13,59.8,75.2,43.2
202,349290,1983,4,29,61.6,77.7,46.0
203,349290,1983,6,11,67.1,76.3,51.8
204,349290,1983,6,16,71.9,80.4,60.8
205,349290,1983,8,3,75.0,85.1,64.6
206,349290,1983,11,28,41.6,62.6,28.4
207,349290,1983,2,19,33.3,36.1,26.4
208,349290,1983,7,20,76.5,87.8,65.3
209,349290,1983,7,28,64.8,73.8,57.2
210,349290,1983,1,30,42.1,43.5,32.7
211,349290,1983,3,23,49.7,59.9,35.6
212,349290,1983,3,26,57.5,76.3,39.9
213,349290,1983,4,1,58.4,74.3,41.9
214,349290,1983,4,8,61.6,73.8,53.1
215,349290,1983,5,6,58.9,68.5,46.4
216,349290,1983,5,10,55.7,66.9,41.0
217,349290,1983,6,20,67.1,77.0,61.7
218,349290,1983,6,26,70.4,81.0,54.9
219,349290,1983,7,6,74.4,83.8,68.2
220,349290,1983,7,21,75.7,88.5,62.6
221,349290,1983,7,25,68.4,76.6,59.0
222,349290,1983,8,2,74.2,81.5,68.0
223,349290,1983,8,24,67.3,79.3,54.9
224,349290,1983,9,21,67.3,78.8,56.7
225,349290,1983,10,27,45.4,59.4,37.0
226,349290,1983,11,8,49.2,58.1,43.5
227,349290,1983,12,10,40.6,43.2,34.9
228,349290,1983,6,19,69.5,84.9,63.1
229,349290,1983,3,12,37.8,51.3,29.3
230,349290,1983,2,7,36.6,41.4,34.3
231,349290,1983,7,22,66.8,69.1,62.8
232,349290,1983,11,14,31.4,38.7,28.2
233,349290,1983,12,16,15.3,20.8,9.5
234,349290,1983,12,30,36.6,39.2,32.5
235,349290,1983,1,4,17.7,23.0,12.2
236,349290,1983,1,5,15.8,22.8,8.4
237,349290,1983,2,1,50.0,60.1,41.4
238,349290,1983,2,28,36.5,41.9,32.2
239,349290,1983,3,1,23.2,28.6,14.7
240,349290,1983,3,24,49.4,55.6,39.2
241,349290,1983,4,10,54.8,61.2,51.6
242,349290,1983,4,16,46.6,51.1,45.3
243,349290,1983,5,4,55.3,59.0,53.2
244,349290,1983,9,25,56.5,65.7,49.5
245,349290,1983,3,13,27.9,38.5,25.3
246,349290,1983,6,7,67.4,77.4,61.5
247,349290,1983,4,4,57.3,66.4,51.3
248,349290,1983,5,8,54.7,63.5,43.5
249,349290,1983,9,24,60.4,68.4,55.8
250,349290,1983,10,8,57.0,67.3,47.3
251,349290,1983,10,11,49.0,57.7,41.0
252,349290,1983,12,2,32.5,37.0,28.8
253,349290,1983,12,8,46.3,54.5,42.3
254,349290,1983,12,11,42.1,45.0,40.6
255,349290,1983,4,14,66.9,83.5,44.6
256,349290,1983,1,12,35.1,38.3,32.7
257,349290,1983,1,3,20.6,25.2,16.3
258,349290,1983,6,14,68.2,81.0,60.1
259,349290,1983,10,2,46.1,56.5,42.1
260,349290,1983,4,22,54.4,62.6,47.8
261,349290,1983,8,4,77.0,85.5,66.0
262,349290,1983,8,19,74.0,82.6,63.3
263,349290,1983,10,22,53.8,56.1,49.1
264,349290,1983,2,22,35.7,40.3,29.3
265,349290,1983,9,10,61.6,74.1,45.9
266,349290,1983,2,3,46.9,58.6,34.2
267,349290,1983,2,9,44.2,60.8,30.9
268,349290,1983,5,16,71.8,81.7,60.8
269,349290,1983,9,15,64.3,79.9,52.0
270,349290,1983,10,20,55.4,66.6,46.2
271,349290,1983,10,25,40.7,52.0,28.9
272,349290,1983,11,1,49.0,54.0,45.1
273,349290,1983,11,2,53.7,59.9,45.7
274,349290,1983,7,18,86.7,96.3,71.6
275,349290,1983,3,18,42.9,56.1,34.9
276,349290,1983,9,5,67.3,79.9,60.1
277,349290,1983,1,19,43.4,49.1,31.3
278,349290,1983,1,31,46.0,51.1,40.6
279,349290,1983,2,2,42.3,48.9,39.2
280,349290,1983,6,17,68.2,76.8,62.6
281,349290,1983,7,13,78.8,95.0,70.3
282,349290,1983,8,5,72.9,84.6,64.4
283,349290,1983,9,16,67.9,79.7,55.2
284,349290,1983,10,21,53.9,62.2,45.1
285,349290,1983,5,28,70.4,82.0,61.5
286,349290,1983,11,4,42.3,50.2,36.9
287,349290,1983,4,30,64.5,78.8,47.1
288,349290,1983,11,12,40.9,51.8,30.6
289,349290,1983,9,26,57.7,69.4,45.7
290,349290,1983,3,15,35.4,48.7,24.8
291,349290,1983,9,19,67.4,77.4,58.1
292,349290,1983,1,27,35.3,36.5,29.8
293,349290,1983,3,5,11.9,18.5,6.4
294,349290,1983,3,6,24.2,33.3,10.8
295,349290,1983,4,27,60.1,73.8,47.5
296,349290,1983,9,18,68.8,82.0,55.0
297,349290,1983,11,16,39.7,50.9,32.4
298,349290,1983,11,10,45.9,47.3,42.3
299,349290,1983,1,22,33.1,38.8,21.6
300,349290,1983,1,26,20.7,34.9,4.6
301,349290,1983,2,27,39.9,47.5,32.9
302,349290,1983,3,3,18.3,24.8,12.7
303,349290,1983,3,7,36.3,38.8,13.5
304,349290,1983,3,14,31.0,40.5,21.2
305,349290,1983,3,21,51.3,65.3,38.1
306,349290,1983,4,2,57.6,69.8,46.2
307,349290,1983,4,7,61.4,74.3,52.7
308,349290,1983,5,19,72.7,84.9,60.6
309,349290,1983,6,30,76.7,88.7,62.2
310,349290,1983,7,1,79.8,95.5,62.6
311,349290,1983,7,16,79.9,92.7,67.1
312,349290,1983,8,30,65.6,77.7,54.7
313,349290,1983,9,2,69.9,83.1,56.3
314,349290,1983,9,17,67.2,81.3,55.8
315,349290,1983,9,27,59.5,69.8,49.3
316,349290,1983,10,4,48.9,60.3,36.7
317,349290,1983,10,17,52.8,71.6,38.5
318,349290,1983,10,24,42.8,53.8,32.5
319,349290,1983,10,26,43.3,54.1,32.9
320,349290,1983,12,14,15.3,25.0,3.4
321,349290,1983,12,15,16.8,22.3,9.3
322,349290,1983,1,15,35.1,42.8,26.8
323,349290,1983,3,25,51.1,69.8,33.1
324,349290,1983,8,14,77.8,87.8,66.2
325,349290,1983,8,20,74.6,83.3,66.6
326,349290,1983,8,23,67.0,78.4,54.0
327,349290,1983,10,15,51.5,65.3,40.5
328,349290,1983,11,11,48.4,52.5,45.3
329,349290,1983,11,19,29.3,34.5,25.2
330,349290,1983,3,10,40.6,43.9,29.3
331,349290,1983,3,16,37.1,50.9,27.9
332,349290,1983,3,22,49.4,60.6,40.8
333,349290,1983,4,18,47.7,51.8,45.5
334,349290,1983,4,19,49.5,54.9,44.6
335,349290,1983,4,23,56.4,68.0,42.4
336,349290,1983,5,15,67.6,77.5,52.7
337,349290,1983,5,24,72.1,84.2,61.0
338,349290,1983,6,27,71.0,83.5,57.9
339,349290,1983,7,9,74.9,87.1,58.5
340,349290,1983,8,9,75.4,83.5,65.7
341,349290,1983,9,23,63.3,75.4,55.8
342,349290,1983,9,30,58.6,68.9,52.7
343,349290,1983,10,18,55.1,74.1,38.3
344,349290,1983,11,5,42.7,54.3,33.8
345,349290,1983,11,9,43.2,50.0,37.4
346,349290,1983,11,25,28.5,36.0,22.6
347,349290,1983,12,18,20.1,30.4,11.5
348,349290,1983,12,25,36.5,42.8,32.4
349,349290,1983,2,17,26.2,27.7,24.1
350,349290,1983,3,4,18.1,22.1,10.8
351,349290,1983,12,13,24.4,31.8,17.4
352,349290,1983,12,28,38.6,40.8,36.0
353,349290,1983,8,8,73.2,85.1,68.9
354,349290,1983,8,15,68.2,73.9,63.5
355,349290,1983,10,3,45.2,55.0,35.6
356,349290,1983,11,3,51.6,59.0,44.6
357,349290,1983,4,20,47.8,50.7,45.9
358,349290,1983,1,17,37.1,41.7,33.6
359,349290,1983,1,21,28.2,31.6,21.9
360,349290,1983,1,23,34.4,38.7,30.7
361,349290,1983,5,20,71.7,82.6,62.6
362,349290,1983,10,31,49.7,52.9,47.5
363,349290,1983,11,18,37.6,43.0,30.2
364,349290,1983,10,12,52.6,66.0,39.2
0,349290,1984,2,13,25.9,31.6,21.2
1,349290,1984,12,10,35.0,38.5,28.8
2,349290,1984,2,27,28.2,37.8,20.8
3,349290,1984,5,22,69.6,82.8,52.7
4,349290,1984,10,24,51.5,61.0,46.6
5,349290,1984,9,21,66.5,78.8,59.2
6,349290,1984,2,7,29.5,38.3,21.2
7,349290,1984,10,23,54.5,64.4,46.0
8,349290,1984,9,24,71.6,82.8,59.5
9,349290,1984,4,1,49.1,54.7,42.4
10,349290,1984,2,17,26.2,38.7,18.1
11,349290,1984,2,29,31.6,36.3,17.6
12,349290,1984,1,26,40.2,47.5,36.0
13,349290,1984,1,24,38.1,50.0,34.7
14,349290,1984,12,15,30.3,36.3,14.5
15,349290,1984,3,16,37.4,44.6,31.3
16,349290,1984,7,22,78.4,87.8,68.2
17,349290,1984,11,6,51.1,66.7,41.9
18,349290,1984,1,22,39.9,47.7,35.1
19,349290,1984,9,11,68.3,82.4,58.1
20,349290,1984,1,15,34.7,39.2,30.9
21,349290,1984,5,12,71.5,85.3,54.7
22,349290,1984,11,20,39.4,45.5,32.7
23,349290,1984,9,14,63.2,77.5,56.5
24,349290,1984,11,8,47.4,53.6,42.6
25,349290,1984,1,30,30.2,40.6,25.7
26,349290,1984,2,22,34.8,41.4,29.3
27,349290,1984,4,16,51.6,53.8,49.5
28,349290,1984,3,2,36.9,49.1,31.8
29,349290,1984,8,28,58.0,63.5,50.7
30,349290,1984,1,2,44.0,48.6,34.5
31,349290,1984,3,21,29.6,36.7,20.8
32,349290,1984,11,17,30.9,34.7,25.7
33,349290,1984,2,16,26.9,36.3,18.5
34,349290,1984,4,27,49.0,58.3,39.6
35,349290,1984,10,10,59.7,71.6,48.6
36,349290,1984,4,28,52.8,62.8,39.0
37,349290,1984,5,2,55.2,65.7,42.8
38,349290,1984,5,23,72.7,86.4,54.5
39,349290,1984,6,12,65.6,77.4,51.3
40,349290,1984,11,18,33.2,39.6,30.2
41,349290,1984,6,24,74.6,88.2,59.9
42,349290,1984,3,23,43.7,61.2,33.4
43,349290,1984,5,6,56.5,65.7,44.1
44,349290,1984,9,17,63.4,76.1,47.8
45,349290,1984,9,27,68.7,83.1,54.3
46,349290,1984,10,20,53.1,62.6,39.4
47,349290,1984,9,29,63.3,73.9,55.8
48,349290,1984,12,9,31.3,32.5,30.0
49,349290,1984,2,9,31.8,36.7,28.0
50,349290,1984,3,18,37.5,45.0,32.0
51,349290,1984,8,18,65.5,69.1,62.6
52,349290,1984,6,11,65.7,77.0,54.7
53,349290,1984,2,1,29.4,33.1,23.7
54,349290,1984,2,12,35.0,37.4,32.0
55,349290,1984,3,6,45.4,60.1,37.0
56,349290,1984,3,25,46.4,50.7,44.6
57,349290,1984,4,5,55.6,68.4,43.7
58,349290,1984,4,11,49.3,56.1,43.0
59,349290,1984,5,29,67.1,77.7,56.5
60,349290,1984,6,3,69.5,75.9,59.5
61,349290,1984,7,4,74.7,89.1,53.6
62,349290,1984,7,7,64.7,74.3,60.1
63,349290,1984,9,2,67.1,78.1,59.0
64,349290,1984,11,26,48.3,56.7,43.2
65,349290,1984,12,12,37.6,41.4,32.0
66,349290,1984,1,17,36.7,43.7,30.2
67,349290,1984,1,23,39.6,44.8,35.6
68,349290,1984,2,19,32.9,46.2,23.5
69,349290,1984,2,20,36.2,44.6,30.9
70,349290,1984,3,3,41.7,53.6,32.0
71,349290,1984,3,7,40.5,47.8,36.5
72,349290,1984,3,26,44.7,48.9,40.5
73,349290,1984,5,19,64.8,75.0,57.0
74,349290,1984,6,16,66.2,78.8,50.0
75,349290,1984,6,20,65.2,77.4,52.7
76,349290,1984,6,22,65.5,74.7,57.2
77,349290,1984,7,1,77.3,90.5,68.4
78,349290,1984,7,17,76.7,87.4,63.7
79,349290,1984,7,26,69.4,79.9,60.3
80,349290,1984,8,12,71.3,82.9,59.0
81,349290,1984,8,19,67.3,78.1,60.4
82,349290,1984,8,22,69.9,80.6,61.0
83,349290,1984,8,25,67.5,75.6,60.4
84,349290,1984,9,8,68.6,83.7,57.4
85,349290,1984,10,21,51.7,67.1,39.9
86,349290,1984,6,29,74.6,86.4,59.0
87,349290,1984,12,4,15.2,23.9,10.6
88,349290,1984,12,31,13.3,23.2,7.9
89,349290,1984,7,23,73.6,82.8,67.6
90,349290,1984,10,26,53.0,61.5,47.8
91,349290,1984,12,19,30.9,35.6,25.3
92,349290,1984,12,28,22.0,30.2,17.2
93,349290,1984,12,3,18.5,26.2,13.6
94,349290,1984,11,21,48.6,62.6,40.5
95,349290,1984,12,1,22.2,28.9,18.1
96,349290,1984,7,10,65.9,71.2,60.1
97,349290,1984,10,29,45.3,46.2,43.9
98,349290,1984,12,30,21.4,23.5,17.6
99,349290,1984,12,7,28.4,33.8,25.5
100,349290,1984,1,1,38.6,48.9,34.3
101,349290,1984,4,8,53.9,59.4,51.3
102,349290,1984,4,20,51.0,54.5,48.7
103,349290,1984,7,15,71.0,83.3,64.9
104,349290,1984,10,1,61.8,73.4,50.9
105,349290,1984,10,11,58.8,66.2,45.9
106,349290,1984,11,16,27.3,29.8,25.5
107,349290,1984,12,14,26.8,32.9,17.1
108,349290,1984,12,26,27.7,35.2,16.2
109,349290,1984,10,30,47.8,55.2,42.4
110,349290,1984,9,6,66.2,80.2,58.1
111,349290,1984,1,19,37.0,38.7,35.2
112,349290,1984,2,10,34.0,38.7,29.8
113,349290,1984,12,29,20.8,24.8,15.1
114,349290,1984,9,25,73.1,85.3,55.0
115,349290,1984,7,19,82.0,92.8,73.4
116,349290,1984,4,3,46.7,53.8,39.4
117,349290,1984,8,4,69.1,76.3,62.6
118,349290,1984,9,13,68.8,78.8,62.6
119,349290,1984,1,18,38.1,39.7,37.0
120,349290,1984,7,18,82.0,95.4,70.2
121,349290,1984,1,13,29.7,30.4,28.8
122,349290,1984,4,18,54.3,58.6,49.1
123,349290,1984,5,14,70.1,83.1,56.5
124,349290,1984,5,27,66.5,77.0,59.9
125,349290,1984,10,19,39.1,46.6,27.7
126,349290,1984,12,2,22.5,27.0,18.0
127,349290,1984,4,7,61.8,74.7,48.6
128,349290,1984,1,28,31.6,34.5,28.9
129,349290,1984,2,28,30.3,43.2,18.3
130,349290,1984,3,11,39.0,46.9,36.3
131,349290,1984,4,22,47.4,48.6,46.4
132,349290,1984,5,9,59.5,67.8,54.1
133,349290,1984,5,21,65.6,76.3,51.6
134,349290,1984,6,7,74.3,82.9,62.6
135,349290,1984,7,16,73.1,78.8,65.3
136,349290,1984,8,10,67.7,79.0,58.8
137,349290,1984,12,25,21.1,33.8,6.4
138,349290,1984,11,22,51.7,67.1,41.9
139,349290,1984,12,23,14.6,21.6,9.1
140,349290,1984,2,4,28.3,38.1,23.5
141,349290,1984,3,9,43.3,51.4,38.7
142,349290,1984,10,16,48.9,52.0,44.6
143,349290,1984,3,29,49.2,57.6,40.5
144,349290,1984,6,9,69.5,81.9,57.7
145,349290,1984,1,9,45.6,47.7,42.3
146,349290,1984,1,11,45.8,54.7,32.4
147,349290,1984,2,21,35.4,44.2,30.2
148,349290,1984,10,15,51.3,55.8,45.3
149,349290,1984,2,5,23.4,32.7,17.6
150,349290,1984,11,25,49.1,51.3,47.1
151,349290,1984,12,20,24.5,29.3,15.8
152,349290,1984,2,15,27.4,31.1,25.0
153,349290,1984,8,3,73.0,82.6,66.2
154,349290,1984,9,16,64.0,74.5,52.7
155,349290,1984,2,3,30.4,40.1,25.5
156,349290,1984,6,26,77.9,91.4,68.0
157,349290,1984,7,13,75.5,87.4,60.8
158,349290,1984,8,5,70.6,81.7,58.3
159,349290,1984,10,22,52.2,69.1,38.5
160,349290,1984,11,2,37.9,49.1,29.1
161,349290,1984,12,6,27.1,40.1,3.6
162,349290,1984,12,18,25.7,31.6,16.9
163,349290,1984,12,21,25.6,29.5,23.2
164,349290,1984,5,13,72.3,88.5,56.1
165,349290,1984,12,5,14.4,24.8,5.5
166,349290,1984,3,5,46.8,61.9,38.5
167,349290,1984,5,11,66.6,79.9,50.9
168,349290,1984,8,30,60.5,72.1,48.4
169,349290,1984,10,5,66.5,77.0,57.7
170,349290,1984,10,12,52.7,63.7,39.2
171,349290,1984,11,3,36.4,48.4,31.3
172,349290,1984,12,24,20.9,29.1,8.6
173,349290,1984,8,9,64.6,69.4,59.5
174,349290,1984,12,8,30.0,33.3,25.3
175,349290,1984,2,23,34.0,41.9,28.4
176,349290,1984,2,24,33.9,42.1,28.6
177,349290,1984,8,6,64.9,68.5,61.9
178,349290,1984,6,10,64.9,76.3,59.0
179,349290,1984,1,8,46.6,52.2,42.3
180,349290,1984,1,10,45.0,53.6,40.1
181,349290,1984,3,17,44.6,54.5,34.7
182,349290,1984,5,7,60.1,73.0,49.3
183,349290,1984,5,10,64.6,75.7,54.5
184,349290,1984,5,17,69.3,81.9,53.8
185,349290,1984,6,19,66.1,75.4,53.1
186,349290,1984,7,3,68.8,81.7,49.6
187,349290,1984,7,25,69.5,81.5,63.7
188,349290,1984,8,1,68.5,82.0,56.1
189,349290,1984,8,16,66.1,76.8,53.6
190,349290,1984,9,19,68.1,83.5,56.1
191,349290,1984,9,20,67.1,78.8,58.1
192,349290,1984,11,1,40.1,51.4,33.4
193,349290,1984,11,27,48.7,55.4,37.9
194,349290,1984,1,4,49.4,59.4,40.3
195,349290,1984,1,14,32.8,38.3,29.5
196,349290,1984,3,24,50.4,65.7,36.5
197,349290,1984,4,10,49.8,58.1,42.1
198,349290,1984,4,13,54.0,65.8,43.5
199,349290,1984,4,17,50.0,52.2,48.6
200,349290,1984,4,21,48.4,52.0,46.4
201,349290,1984,5,3,58.2,68.7,42.4
202,349290,1984,5,4,58.1,69.8,46.8
203,349290,1984,5,25,73.1,83.1,62.1
204,349290,1984,5,26,67.3,78.1,62.1
205,349290,1984,5,30,66.5,77.9,59.2
206,349290,1984,5,31,68.0,76.5,60.1
207,349290,1984,7,24,74.8,87.8,63.7
208,349290,1984,9,9,65.7,75.2,55.9
209,349290,1984,9,22,71.7,86.5,59.7
210,349290,1984,9,23,71.1,88.5,59.2
211,349290,1984,9,30,63.8,71.8,53.6
212,349290,1984,10,8,59.3,76.3,42.8
213,349290,1984,11,30,22.8,29.5,17.6
214,349290,1984,12,22,25.1,32.9,15.8
215,349290,1984,10,9,57.8,72.3,48.0
216,349290,1984,11,19,32.8,36.0,28.4
217,349290,1984,10,6,66.8,79.5,58.5
218,349290,1984,6,14,55.0,62.6,49.8
219,349290,1984,10,17,39.3,42.6,35.1
220,349290,1984,6,27,73.4,81.3,68.2
221,349290,1984,1,20,36.6,37.9,35.6
222,349290,1984,2,25,31.8,39.2,26.2
223,349290,1984,11,7,47.9,54.0,42.8
224,349290,1984,3,13,35.3,40.6,32.2
225,349290,1984,3,27,43.5,50.5,40.1
226,349290,1984,9,3,64.1,75.2,54.1
227,349290,1984,3,20,33.5,42.1,27.5
228,349290,1984,12,16,30.0,32.9,25.5
229,349290,1984,1,3,46.0,49.1,43.9
230,349290,1984,6,13,59.7,68.4,52.5
231,349290,1984,6,28,72.5,82.4,62.4
232,349290,1984,8,7,63.8,66.2,62.6
233,349290,1984,9,28,60.2,65.3,56.7
234,349290,1984,3,10,41.0,47.5,37.4
235,349290,1984,3,12,34.6,40.3,32.4
236,349290,1984,5,28,62.2,69.1,58.5
237,349290,1984,6,15,59.4,70.9,45.9
238,349290,1984,10,28,45.0,49.3,41.4
239,349290,1984,11,14,24.6,27.3,23.5
240,349290,1984,7,12,71.6,81.9,60.1
241,349290,1984,10,4,65.5,78.4,50.9
242,349290,1984,2,6,23.7,30.0,18.3
243,349290,1984,4,4,51.9,66.9,36.7
244,349290,1984,1,27,34.2,37.4,31.6
245,349290,1984,10,14,51.2,55.4,45.9
246,349290,1984,2,14,26.7,32.9,20.1
247,349290,1984,6,6,71.7,80.8,61.5
248,349290,1984,11,11,46.5,50.4,42.3
249,349290,1984,8,17,69.7,82.0,56.8
250,349290,1984,4,9,49.4,55.9,43.9
251,349290,1984,5,24,71.6,84.6,59.2
252,349290,1984,6,25,78.0,91.8,59.0
253,349290,1984,8,2,70.3,82.6,60.4
254,349290,1984,9,15,64.5,77.7,50.2
255,349290,1984,11,15,27.4,31.8,23.2
256,349290,1984,1,31,28.6,34.9,23.0
257,349290,1984,4,26,46.1,53.4,42.8
258,349290,1984,5,8,62.8,75.6,52.2
259,349290,1984,7,28,70.9,81.0,61.5
260,349290,1984,10,13,58.3,72.5,45.7
261,349290,1984,3,22,39.4,51.3,27.7
262,349290,1984,8,31,62.8,75.2,50.2
263,349290,1984,3,15,35.7,46.0,24.3
264,349290,1984,6,2,70.4,80.6,59.9
265,349290,1984,6,30,77.1,89.1,63.3
266,349290,1984,3,31,51.5,66.2,39.6
267,349290,1984,11,4,40.0,48.9,30.2
268,349290,1984,1,29,32.9,39.6,27.3
269,349290,1984,9,4,62.4,74.3,48.4
270,349290,1984,1,16,34.6,38.5,31.3
271,349290,1984,7,30,67.2,72.0,64.2
272,349290,1984,12,11,35.9,40.8,31.8
273,349290,1984,1,12,29.7,31.1,28.6
274,349290,1984,4,24,48.3,52.7,45.3
275,349290,1984,10,18,32.5,36.5,30.2
276,349290,1984,12,27,33.0,36.0,31.5
277,349290,1984,8,14,68.6,77.4,64.4
278,349290,1984,11,23,46.4,54.7,42.6
279,349290,1984,9,18,65.9,81.0,52.7
280,349290,1984,5,1,53.2,64.0,42.3
281,349290,1984,6,8,74.9,84.4,62.6
282,349290,1984,3,1,34.2,36.9,32.4
283,349290,1984,7,11,69.7,81.9,57.4
284,349290,1984,7,29,72.9,84.2,64.9
285,349290,1984,11,5,44.2,58.5,37.0
286,349290,1984,11,9,45.9,52.9,41.0
287,349290,1984,4,23,47.8,52.5,43.3
288,349290,1984,3,30,49.7,64.9,34.3
289,349290,1984,9,10,67.2,79.7,55.6
290,349290,1984,10,3,65.5,77.9,57.2
291,349290,1984,2,8,32.5,36.0,29.5
292,349290,1984,8,11,69.7,80.6,58.1
293,349290,1984,3,19,38.9,45.0,35.6
294,349290,1984,3,28,48.2,60.3,34.7
295,349290,1984,4,25,48.7,56.7,41.4
296,349290,1984,7,21,76.1,84.2,70.7
297,349290,1984,4,6,58.6,68.5,30.2
298,349290,1984,4,15,54.5,64.2,47.3
299,349290,1984,7,8,67.3,75.4,61.9
300,349290,1984,1,6,46.0,58.1,37.2
301,349290,1984,5,15,64.0,69.1,59.2
302,349290,1984,5,16,65.9,77.7,52.7
303,349290,1984,5,20,63.5,72.5,58.1
304,349290,1984,6,5,68.1,75.0,62.2
305,349290,1984,6,17,64.7,78.1,55.0
306,349290,1984,6,18,68.5,78.8,58.8
307,349290,1984,7,14,77.3,86.5,66.2
308,349290,1984,7,20,79.5,89.1,72.3
309,349290,1984,7,27,70.2,81.1,57.6
310,349290,1984,8,20,64.7,72.5,59.0
311,349290,1984,8,21,67.5,75.7,62.4
312,349290,1984,8,26,69.2,77.9,62.8
313,349290,1984,8,27,69.1,79.5,59.7
314,349290,1984,9,7,67.3,81.5,58.3
315,349290,1984,9,26,70.6,88.9,56.5
316,349290,1984,10,2,65.1,77.7,53.2
317,349290,1984,10,25,50.7,64.8,40.3
318,349290,1984,10,31,42.2,50.7,37.4
319,349290,1984,1,25,40.0,49.1,35.6
320,349290,1984,2,18,29.7,42.8,19.8
321,349290,1984,2,26,28.7,41.0,21.2
322,349290,1984,3,8,41.1,51.3,31.6
323,349290,1984,4,12,47.0,51.1,41.4
324,349290,1984,4,14,53.8,59.2,47.5
325,349290,1984,4,19,52.4,58.1,44.2
326,349290,1984,5,5,57.5,67.5,48.7
327,349290,1984,6,1,68.7,80.1,59.4
328,349290,1984,6,23,70.8,81.7,59.4
329,349290,1984,7,6,71.3,82.4,58.1
330,349290,1984,8,8,65.1,69.8,61.3
331,349290,1984,8,13,71.4,80.4,61.7
332,349290,1984,8,23,71.0,80.6,63.0
333,349290,1984,8,24,67.8,77.5,41.0
334,349290,1984,8,29,57.1,68.4,48.0
335,349290,1984,9,1,63.3,73.6,51.8
336,349290,1984,9,5,66.7,80.6,51.8
337,349290,1984,9,12,70.8,82.4,60.1
338,349290,1984,10,27,50.5,58.3,45.3
339,349290,1984,11,24,46.5,54.1,40.5
340,349290,1984,4,2,47.7,57.0,40.3
341,349290,1984,5,18,69.3,76.8,63.3
342,349290,1984,6,4,66.2,71.1,63.9
343,349290,1984,12,17,24.9,32.0,17.1
344,349290,1984,1,21,37.6,42.3,33.3
345,349290,1984,7,5,74.8,87.4,64.9
346,349290,1984,10,7,60.7,72.7,49.1
347,349290,1984,11,28,44.0,53.4,37.4
348,349290,1984,4,29,49.5,55.4,41.0
349,349290,1984,11,12,47.2,51.8,44.6
350,349290,1984,11,13,34.4,40.8,29.5
351,349290,1984,11,29,27.9,37.6,19.2
352,349290,1984,3,14,36.2,42.4,30.9
353,349290,1984,1,7,40.4,48.9,31.6
354,349290,1984,2,2,31.2,41.7,22.3
355,349290,1984,3,4,46.7,58.6,42.1
356,349290,1984,7,31,66.6,72.5,61.3
357,349290,1984,6,21,62.0,72.1,58.6
358,349290,1984,7,2,67.5,73.8,56.3
359,349290,1984,8,15,65.4,71.8,59.5
360,349290,1984,11,10,48.2,50.5,47.1
361,349290,1984,12,13,32.0,35.2,30.4
362,349290,1984,2,11,35.2,46.4,23.0
363,349290,1984,4,30,47.6,55.8,37.6
364,349290,1984,1,5,42.0,54.3,35.6
365,349290,1984,7,9,71.0,78.1,64.0
0,349290,1985,7,10,71.1,80.6,59.0
1,349290,1985,5,16,70.6,81.7,61.0
2,349290,1985,6,5,66.8,74.7,57.9
3,349290,1985,7,29,69.6,78.8,61.5
4,349290,1985,2,23,13.3,22.1,5.9
5,349290,1985,7,1,65.0,77.0,55.4
6,349290,1985,8,24,70.2,79.3,59.4
7,349290,1985,9,28,48.0,57.4,38.8
8,349290,1985,10,7,58.2,71.6,48.0
9,349290,1985,11,3,57.5,72.7,41.9
10,349290,1985,12,29,39.4,49.3,32.0
11,349290,1985,5,28,67.0,79.3,52.3
12,349290,1985,9,3,70.8,83.3,60.1
13,349290,1985,1,1,8.8,17.1,5.0
14,349290,1985,1,9,38.7,49.1,34.2
15,349290,1985,3,14,25.7,40.6,7.7
16,349290,1985,5,8,71.0,87.3,55.4
17,349290,1985,7,3,70.9,81.3,57.6
18,349290,1985,7,16,74.7,84.9,62.1
19,349290,1985,7,24,67.7,79.2,57.0
20,349290,1985,8,4,79.5,92.8,68.0
21,349290,1985,8,28,78.8,92.5,63.0
22,349290,1985,9,22,62.2,78.8,48.2
23,349290,1985,10,12,55.1,64.8,49.5
24,349290,1985,10,29,45.7,52.5,42.8
25,349290,1985,2,7,23.5,28.4,16.0
26,349290,1985,1,7,36.5,43.7,33.8
27,349290,1985,2,13,48.5,56.8,37.4
28,349290,1985,2,18,15.9,24.8,2.5
29,349290,1985,3,4,6.5,24.3,-14.8
30,349290,1985,3,12,16.6,26.1,5.0
31,349290,1985,3,28,42.5,54.5,33.8
32,349290,1985,3,31,46.1,50.2,42.8
33,349290,1985,4,10,57.6,66.9,49.1
34,349290,1985,4,16,48.7,59.9,41.7
35,349290,1985,5,13,74.8,90.9,57.7
36,349290,1985,5,22,60.5,69.1,49.3
37,349290,1985,5,23,67.5,79.5,54.5
38,349290,1985,7,14,69.2,79.7,57.2
39,349290,1985,7,15,72.7,84.9,58.5
40,349290,1985,8,1,76.8,89.8,61.2
41,349290,1985,8,7,76.8,87.8,64.2
42,349290,1985,8,9,82.4,96.3,70.7
43,349290,1985,8,26,73.9,86.4,60.6
44,349290,1985,8,31,76.9,86.7,69.4
45,349290,1985,9,2,68.3,80.8,60.1
46,349290,1985,9,15,57.3,65.7,50.4
47,349290,1985,10,28,49.3,58.3,42.4
48,349290,1985,11,25,31.4,39.6,22.1
49,349290,1985,12,15,32.3,35.6,28.9
50,349290,1985,12,20,30.1,37.4,19.8
51,349290,1985,8,18,80.8,96.8,66.9
52,349290,1985,12,6,44.9,46.8,42.4
53,349290,1985,12,8,40.6,54.0,35.1
54,349290,1985,11,4,50.5,58.1,46.0
55,349290,1985,2,25,5.0,11.8,-6.5
56,349290,1985,2,14,28.3,35.8,25.9
57,349290,1985,4,11,59.7,69.8,51.8
58,349290,1985,4,12,44.4,51.8,36.3
59,349290,1985,5,19,66.7,77.4,56.3
60,349290,1985,12,13,28.9,31.5,26.2
61,349290,1985,7,26,68.2,77.0,59.0
62,349290,1985,12,2,24.3,31.3,13.3
63,349290,1985,1,12,25.0,28.8,23.4
64,349290,1985,1,18,20.4,28.4,16.2
65,349290,1985,8,5,77.0,88.2,70.2
66,349290,1985,7,13,67.5,76.6,60.1
67,349290,1985,2,16,22.1,28.4,18.3
68,349290,1985,2,17,16.2,31.3,7.0
69,349290,1985,3,8,10.0,18.3,2.7
70,349290,1985,6,12,69.9,81.1,55.8
71,349290,1985,6,30,67.5,74.3,60.3
72,349290,1985,8,27,73.2,88.7,52.2
73,349290,1985,9,27,50.1,59.0,44.1
74,349290,1985,9,30,50.7,54.7,45.5
75,349290,1985,10,23,47.5,52.5,40.5
76,349290,1985,2,8,27.2,37.4,17.6
77,349290,1985,12,31,42.1,50.0,34.9
78,349290,1985,9,26,57.3,72.1,46.2
79,349290,1985,12,17,39.6,43.9,36.5
80,349290,1985,2,11,45.7,50.7,22.8
81,349290,1985,4,24,51.4,59.9,48.7
82,349290,1985,5,25,70.8,81.1,63.5
83,349290,1985,6,18,68.3,79.5,51.8
84,349290,1985,6,3,67.3,75.2,61.3
85,349290,1985,1,8,37.8,41.4,33.8
86,349290,1985,4,15,45.5,48.7,43.2
87,349290,1985,4,28,54.7,63.5,47.7
88,349290,1985,5,21,53.8,57.2,51.1
89,349290,1985,6,27,67.2,73.4,62.2
90,349290,1985,10,13,50.6,55.2,46.9
91,349290,1985,12,27,38.2,45.5,28.9
92,349290,1985,9,8,59.7,69.6,51.1
93,349290,1985,12,23,29.7,30.4,29.3
94,349290,1985,12,11,34.9,37.6,33.6
95,349290,1985,2,4,33.3,40.6,28.2
96,349290,1985,9,1,70.1,81.1,63.9
97,349290,1985,5,20,59.2,69.1,52.2
98,349290,1985,1,4,39.9,45.0,34.2
99,349290,1985,11,8,51.6,60.4,45.3
100,349290,1985,1,11,32.0,37.4,27.9
101,349290,1985,1,30,31.1,32.9,29.8
102,349290,1985,2,5,24.3,28.4,21.2
103,349290,1985,4,26,53.1,62.6,45.7
104,349290,1985,4,30,58.3,71.6,44.2
105,349290,1985,6,17,65.4,73.4,57.2
106,349290,1985,9,7,63.5,76.1,52.0
107,349290,1985,9,11,59.0,64.8,53.1
108,349290,1985,11,28,50.1,56.3,44.2
109,349290,1985,12,21,37.0,40.3,34.2
110,349290,1985,5,27,66.0,77.2,53.6
111,349290,1985,12,7,46.7,54.1,37.4
112,349290,1985,8,13,83.3,94.5,69.6
113,349290,1985,1,24,44.2,51.4,37.8
114,349290,1985,11,7,59.0,70.5,47.1
115,349290,1985,3,23,36.0,45.3,32.9
116,349290,1985,4,13,45.6,59.7,31.1
117,349290,1985,11,26,44.5,55.0,32.2
118,349290,1985,4,7,56.1,65.7,45.1
119,349290,1985,3,13,20.9,34.7,-0.4
120,349290,1985,9,17,64.6,74.5,48.0
121,349290,1985,11,13,57.1,68.9,47.1
122,349290,1985,3,2,4.2,23.4,-4.0
123,349290,1985,3,11,22.1,30.7,10.0
124,349290,1985,5,2,53.0,65.1,45.5
125,349290,1985,10,2,47.9,59.0,37.0
126,349290,1985,10,26,41.4,52.5,28.0
127,349290,1985,10,27,43.1,50.7,36.0
128,349290,1985,11,23,23.5,31.3,17.2
129,349290,1985,6,24,68.2,79.2,55.4
130,349290,1985,1,27,39.5,51.3,33.1
131,349290,1985,1,28,40.7,51.1,32.4
132,349290,1985,5,6,68.9,81.1,53.1
133,349290,1985,7,22,76.9,88.9,63.0
134,349290,1985,7,30,70.0,81.1,58.1
135,349290,1985,8,3,78.6,91.8,65.1
136,349290,1985,8,14,80.1,93.2,66.7
137,349290,1985,11,1,49.5,66.6,32.0
138,349290,1985,11,12,52.5,66.2,43.9
139,349290,1985,1,16,7.9,17.6,0.0
140,349290,1985,1,17,16.5,25.9,2.8
141,349290,1985,12,16,35.5,40.1,31.5
142,349290,1985,1,14,14.2,22.5,3.4
143,349290,1985,2,10,19.9,30.7,11.3
144,349290,1985,2,20,10.9,17.8,1.4
145,349290,1985,3,1,6.3,18.0,-9.4
146,349290,1985,3,7,12.2,19.4,6.4
147,349290,1985,4,1,51.2,61.7,41.0
148,349290,1985,4,6,51.6,66.2,39.6
149,349290,1985,4,18,56.3,68.7,44.4
150,349290,1985,4,25,55.2,67.1,44.6
151,349290,1985,4,27,55.1,67.1,41.4
152,349290,1985,4,29,62.3,76.5,45.7
153,349290,1985,5,3,54.7,66.2,42.3
154,349290,1985,5,5,62.4,76.5,46.6
155,349290,1985,6,6,64.6,71.6,57.2
156,349290,1985,6,7,69.1,77.7,57.2
157,349290,1985,6,16,69.8,82.6,54.1
158,349290,1985,6,25,66.7,75.6,62.2
159,349290,1985,6,28,70.0,81.1,60.3
160,349290,1985,7,6,68.6,76.5,62.2
161,349290,1985,7,9,67.9,78.8,52.5
162,349290,1985,7,11,69.7,81.1,59.0
163,349290,1985,7,19,70.9,80.4,62.1
164,349290,1985,7,21,75.6,85.8,65.3
165,349290,1985,8,17,79.9,92.7,65.8
166,349290,1985,8,21,73.0,84.9,63.5
167,349290,1985,8,22,69.9,79.7,61.5
168,349290,1985,8,25,72.7,88.9,56.5
169,349290,1985,8,29,81.7,93.2,69.1
170,349290,1985,8,30,79.4,95.0,66.9
171,349290,1985,9,4,72.4,84.2,59.4
172,349290,1985,9,16,58.3,70.2,45.3
173,349290,1985,10,5,55.9,72.5,43.7
174,349290,1985,10,8,57.2,65.7,32.9
175,349290,1985,11,24,22.7,28.6,18.1
176,349290,1985,12,25,27.6,28.8,25.9
177,349290,1985,12,12,36.2,37.4,34.3
178,349290,1985,1,3,34.2,46.9,16.7
179,349290,1985,7,2,67.6,75.9,56.1
180,349290,1985,10,3,56.4,67.3,44.6
181,349290,1985,3,19,39.5,54.0,33.6
182,349290,1985,8,12,80.6,94.5,68.0
183,349290,1985,1,2,11.3,21.0,1.8
184,349290,1985,7,8,66.8,76.3,56.1
185,349290,1985,8,11,80.6,93.2,70.3
186,349290,1985,10,15,54.0,61.3,45.5
187,349290,1985,10,9,59.5,69.8,53.1
188,349290,1985,11,10,43.1,52.2,36.1
189,349290,1985,4,17,56.2,69.6,44.2
190,349290,1985,5,11,74.3,90.0,63.0
191,349290,1985,6,15,67.5,77.0,58.8
192,349290,1985,7,17,77.8,86.0,65.8
193,349290,1985,8,10,80.1,90.1,69.1
194,349290,1985,8,16,76.8,86.7,63.0
195,349290,1985,9,6,66.0,77.0,59.2
196,349290,1985,9,12,57.0,63.7,47.8
197,349290,1985,6,10,74.2,86.7,62.2
198,349290,1985,10,24,40.8,50.0,32.0
199,349290,1985,10,25,40.0,53.2,32.4
200,349290,1985,10,31,39.6,56.3,24.8
201,349290,1985,11,11,49.3,61.0,41.0
202,349290,1985,5,10,76.1,89.1,59.5
203,349290,1985,1,6,39.8,51.6,35.4
204,349290,1985,1,23,33.4,43.5,20.7
205,349290,1985,2,26,4.2,15.4,-8.9
206,349290,1985,3,5,14.6,29.8,-4.4
207,349290,1985,6,8,72.0,82.8,59.7
208,349290,1985,8,19,82.4,97.5,69.1
209,349290,1985,11,14,55.3,70.7,41.9
210,349290,1985,11,22,26.2,30.4,21.2
211,349290,1985,12,30,45.0,53.8,33.8
212,349290,1985,10,6,59.2,76.5,47.1
213,349290,1985,6,2,66.7,77.7,59.9
214,349290,1985,2,2,33.3,41.7,21.2
215,349290,1985,2,21,7.4,16.5,-1.7
216,349290,1985,2,22,9.9,17.8,-0.6
217,349290,1985,2,27,9.7,17.8,-1.3
218,349290,1985,3,3,0.3,18.0,-18.6
219,349290,1985,3,6,18.2,28.4,8.6
220,349290,1985,3,9,11.3,22.1,1.4
221,349290,1985,3,10,16.0,28.6,1.4
222,349290,1985,3,15,33.9,40.6,28.4
223,349290,1985,3,18,43.1,57.6,33.8
224,349290,1985,3,24,34.6,38.5,32.0
225,349290,1985,3,27,40.4,45.5,36.7
226,349290,1985,3,29,49.9,67.6,37.6
227,349290,1985,3,30,43.1,48.6,38.1
228,349290,1985,5,1,50.0,59.4,41.9
229,349290,1985,5,4,57.6,69.8,44.6
230,349290,1985,5,7,69.4,83.5,52.9
231,349290,1985,5,9,71.4,84.2,55.0
232,349290,1985,5,12,71.6,84.9,61.3
233,349290,1985,5,14,73.7,88.2,58.3
234,349290,1985,5,15,72.2,86.4,61.7
235,349290,1985,5,18,66.4,77.9,59.0
236,349290,1985,5,24,72.8,86.2,56.7
237,349290,1985,6,9,72.4,83.1,59.9
238,349290,1985,6,11,68.8,77.5,60.1
239,349290,1985,6,14,65.2,76.3,51.8
240,349290,1985,6,29,73.8,86.7,61.7
241,349290,1985,7,20,73.5,87.3,57.6
242,349290,1985,7,31,71.4,84.2,57.0
243,349290,1985,8,2,78.0,89.6,67.3
244,349290,1985,8,8,81.7,95.5,68.4
245,349290,1985,8,15,77.0,88.5,66.0
246,349290,1985,9,9,60.0,69.1,50.4
247,349290,1985,9,23,65.5,84.2,50.0
248,349290,1985,9,25,53.6,66.2,43.9
249,349290,1985,10,19,42.1,52.7,30.9
250,349290,1985,10,21,45.2,52.2,39.2
251,349290,1985,10,22,48.4,56.8,38.5
252,349290,1985,11,2,58.5,68.5,50.9
253,349290,1985,12,14,28.7,32.4,25.0
254,349290,1985,12,26,28.2,31.8,26.1
255,349290,1985,9,21,59.6,73.0,45.7
256,349290,1985,12,3,16.4,26.2,8.4
257,349290,1985,1,22,23.9,27.7,19.8
258,349290,1985,12,22,32.9,35.8,31.8
259,349290,1985,2,19,12.9,25.3,1.9
260,349290,1985,9,24,57.9,65.1,51.1
261,349290,1985,7,23,69.6,76.3,62.6
262,349290,1985,12,19,26.5,29.8,24.6
263,349290,1985,1,15,8.7,15.3,2.5
264,349290,1985,2,1,27.9,30.2,24.4
265,349290,1985,2,15,21.8,25.5,19.9
266,349290,1985,2,28,12.3,20.3,1.6
267,349290,1985,7,7,67.1,74.3,59.9
268,349290,1985,7,25,67.4,74.8,61.5
269,349290,1985,8,23,69.5,78.3,61.9
270,349290,1985,12,24,28.3,29.8,26.2
271,349290,1985,11,20,25.8,27.7,24.1
272,349290,1985,10,4,55.2,64.8,50.0
273,349290,1985,10,18,42.7,51.1,36.5
274,349290,1985,5,17,67.4,75.6,59.9
275,349290,1985,9,20,56.1,65.5,48.9
276,349290,1985,10,10,55.7,63.1,48.2
277,349290,1985,11,21,25.9,30.4,22.1
278,349290,1985,11,9,41.9,50.0,36.5
279,349290,1985,11,16,39.8,58.1,36.5
280,349290,1985,2,6,20.7,25.7,18.0
281,349290,1985,2,9,16.0,27.5,11.3
282,349290,1985,2,24,15.6,21.2,9.9
283,349290,1985,4,4,48.2,56.3,43.9
284,349290,1985,4,5,48.7,57.2,41.4
285,349290,1985,10,30,36.6,43.7,27.7
286,349290,1985,11,17,36.1,40.5,31.6
287,349290,1985,1,13,23.6,41.0,12.7
288,349290,1985,9,5,73.4,83.5,63.5
289,349290,1985,10,16,54.8,61.9,50.7
290,349290,1985,6,22,67.4,77.5,53.6
291,349290,1985,7,5,66.0,72.5,62.6
292,349290,1985,9,29,53.7,57.6,43.7
293,349290,1985,10,20,43.9,47.1,42.1
294,349290,1985,11,29,48.8,56.7,43.3
295,349290,1985,6,20,60.4,69.8,51.8
296,349290,1985,3,20,39.3,42.8,37.4
297,349290,1985,9,18,62.7,75.2,52.2
298,349290,1985,11,5,47.3,51.4,43.5
299,349290,1985,1,20,39.5,42.6,34.9
300,349290,1985,9,19,57.6,65.1,33.8
301,349290,1985,3,16,38.9,48.9,32.0
302,349290,1985,3,25,36.7,40.5,32.9
303,349290,1985,3,26,40.3,45.3,36.5
304,349290,1985,4,19,57.6,70.7,46.9
305,349290,1985,4,23,51.1,59.4,44.1
306,349290,1985,5,30,69.5,78.1,64.2
307,349290,1985,5,31,69.3,76.5,61.5
308,349290,1985,9,13,61.3,73.2,51.3
309,349290,1985,11,6,52.7,60.3,46.4
310,349290,1985,12,4,29.8,37.8,8.4
311,349290,1985,12,9,41.9,46.2,34.7
312,349290,1985,7,28,68.3,76.6,58.1
313,349290,1985,10,11,52.1,63.1,44.2
314,349290,1985,7,27,63.5,73.4,57.9
315,349290,1985,6,4,65.7,74.3,60.8
316,349290,1985,12,1,34.7,39.6,29.8
317,349290,1985,4,9,53.3,61.9,49.3
318,349290,1985,11,27,45.1,52.3,37.8
319,349290,1985,12,5,43.4,47.3,35.6
320,349290,1985,1,19,26.6,38.5,12.6
321,349290,1985,10,17,58.5,68.0,52.0
322,349290,1985,1,5,38.0,43.9,33.8
323,349290,1985,1,31,30.8,32.7,29.3
324,349290,1985,4,3,48.2,54.1,45.9
325,349290,1985,4,20,54.7,62.1,49.1
326,349290,1985,4,22,49.6,52.5,46.2
327,349290,1985,5,29,74.0,86.4,64.4
328,349290,1985,6,23,65.2,72.3,60.6
329,349290,1985,6,26,64.0,68.9,61.7
330,349290,1985,7,4,70.4,85.1,57.2
331,349290,1985,7,12,71.1,79.9,59.5
332,349290,1985,8,6,72.3,79.3,65.7
333,349290,1985,9,10,63.8,74.1,56.5
334,349290,1985,10,14,52.8,59.4,49.1
335,349290,1985,12,18,38.0,42.4,30.6
336,349290,1985,7,18,65.3,69.1,61.9
337,349290,1985,2,3,36.7,43.9,34.2
338,349290,1985,3,22,36.5,42.8,33.4
339,349290,1985,4,2,48.0,50.4,46.0
340,349290,1985,4,8,56.3,66.2,52.0
341,349290,1985,6,1,68.7,78.8,61.3
342,349290,1985,6,21,63.4,70.0,57.9
343,349290,1985,11,15,53.1,70.7,44.6
344,349290,1985,5,26,67.3,76.3,60.4
345,349290,1985,11,18,32.4,36.0,29.1
346,349290,1985,1,10,37.2,41.7,33.6
347,349290,1985,8,20,76.3,86.5,69.1
348,349290,1985,11,30,37.8,50.9,32.2
349,349290,1985,1,25,47.3,53.2,37.0
350,349290,1985,1,26,33.4,35.1,30.2
351,349290,1985,2,12,48.3,58.6,38.7
352,349290,1985,4,14,46.7,52.5,43.3
353,349290,1985,1,29,39.6,43.7,33.8
354,349290,1985,6,13,64.0,71.8,55.8
355,349290,1985,10,1,45.2,53.1,40.5
356,349290,1985,1,21,30.1,35.1,26.6
357,349290,1985,3,17,45.0,61.2,34.9
358,349290,1985,3,21,37.5,41.0,35.2
359,349290,1985,4,21,51.7,58.1,49.5
360,349290,1985,6,19,65.2,73.4,55.2
361,349290,1985,9,14,57.7,65.3,52.7
362,349290,1985,11,19,29.1,30.2,28.4
363,349290,1985,12,10,39.9,44.8,35.2
364,349290,1985,12,28,39.3,43.9,35.2
0,349290,1986,4,9,59.8,75.9,52.3
1,349290,1986,12,16,34.0,43.9,20.5
2,349290,1986,9,23,64.1,75.9,51.1
3,349290,1986,10,16,50.6,65.5,37.2
4,349290,1986,9,22,61.3,73.2,47.7
5,349290,1986,2,12,31.8,35.6,29.1
6,349290,1986,5,27,64.8,74.7,57.4
7,349290,1986,4,26,57.1,67.5,44.1
8,349290,1986,5,11,54.8,62.2,45.0
9,349290,1986,5,13,57.9,67.5,46.0
10,349290,1986,5,14,58.0,71.1,50.0
11,349290,1986,5,21,66.4,80.2,54.5
12,349290,1986,6,13,71.2,85.3,61.5
13,349290,1986,7,17,68.5,83.1,58.1
14,349290,1986,8,29,81.2,95.7,64.4
15,349290,1986,11,17,32.9,43.5,27.7
16,349290,1986,6,27,66.0,78.1,56.7
17,349290,1986,10,14,42.8,59.4,31.3
18,349290,1986,8,10,80.7,92.8,68.9
19,349290,1986,10,12,50.2,65.5,35.8
20,349290,1986,1,12,27.6,34.5,17.1
21,349290,1986,2,6,20.7,27.7,14.4
22,349290,1986,4,2,51.8,65.5,42.6
23,349290,1986,4,6,60.3,74.3,45.0
24,349290,1986,4,7,59.2,74.7,48.6
25,349290,1986,5,16,62.1,72.5,50.5
26,349290,1986,6,7,71.5,82.6,59.0
27,349290,1986,6,18,66.7,77.0,54.7
28,349290,1986,9,13,73.7,85.3,61.7
29,349290,1986,12,13,29.8,34.2,27.1
30,349290,1986,3,29,54.7,71.1,40.3
31,349290,1986,2,10,28.7,32.9,22.5
32,349290,1986,6,1,67.9,75.2,60.1
33,349290,1986,7,27,71.2,82.0,63.5
34,349290,1986,1,19,25.5,28.0,21.2
35,349290,1986,3,15,34.8,41.7,27.0
36,349290,1986,4,10,60.1,72.7,45.5
37,349290,1986,4,27,60.1,72.3,49.1
38,349290,1986,5,8,51.7,62.6,36.0
39,349290,1986,5,15,60.2,72.1,46.8
40,349290,1986,5,19,66.1,77.7,56.1
41,349290,1986,5,22,65.1,75.2,59.9
42,349290,1986,5,30,67.9,77.5,59.4
43,349290,1986,6,3,72.1,82.4,62.4
44,349290,1986,6,19,64.3,75.7,50.0
45,349290,1986,6,28,66.2,77.5,54.9
46,349290,1986,7,2,73.7,85.5,58.3
47,349290,1986,7,5,78.1,86.7,53.1
48,349290,1986,7,11,71.2,83.1,62.2
49,349290,1986,7,14,73.2,85.8,59.4
50,349290,1986,7,19,75.9,85.6,60.4
51,349290,1986,7,31,71.6,82.8,59.7
52,349290,1986,8,1,72.3,82.4,61.0
53,349290,1986,8,4,79.3,92.1,63.3
54,349290,1986,8,11,78.6,93.7,66.4
55,349290,1986,8,13,84.8,96.8,74.1
56,349290,1986,8,20,79.7,92.1,65.1
57,349290,1986,9,3,63.6,70.2,60.4
58,349290,1986,9,8,71.8,87.1,56.3
59,349290,1986,9,14,72.3,84.2,63.7
60,349290,1986,9,16,70.5,81.1,59.7
61,349290,1986,9,21,58.5,71.6,45.7
62,349290,1986,10,18,52.7,69.3,38.1
63,349290,1986,10,25,55.2,73.9,37.9
64,349290,1986,10,27,41.9,53.4,36.9
65,349290,1986,10,30,45.8,57.0,38.5
66,349290,1986,11,15,30.9,42.1,23.0
67,349290,1986,11,16,34.3,47.1,25.7
68,349290,1986,11,18,31.5,41.2,23.9
69,349290,1986,11,22,38.0,40.6,34.9
70,349290,1986,11,30,23.3,26.8,20.3
71,349290,1986,9,17,72.5,84.2,57.7
72,349290,1986,1,25,45.3,59.4,37.9
73,349290,1986,3,5,37.2,41.9,34.0
74,349290,1986,5,20,66.4,78.4,49.8
75,349290,1986,3,6,34.5,42.3,31.3
76,349290,1986,6,5,70.0,77.0,65.7
77,349290,1986,5,10,49.5,54.3,45.7
78,349290,1986,1,31,28.4,33.4,21.2
79,349290,1986,7,13,73.1,85.1,64.9
80,349290,1986,12,24,37.3,44.4,31.5
81,349290,1986,2,28,4.5,17.8,-5.6
82,349290,1986,3,1,2.1,16.5,-13.2
83,349290,1986,6,23,71.5,84.7,59.5
84,349290,1986,9,26,52.0,61.0,44.1
85,349290,1986,11,14,35.9,41.4,28.0
86,349290,1986,12,10,23.0,33.1,17.8
87,349290,1986,12,25,30.4,32.0,28.8
88,349290,1986,1,8,43.3,53.4,37.9
89,349290,1986,12,20,41.1,50.4,32.9
90,349290,1986,10,21,54.7,59.4,43.7
91,349290,1986,11,19,37.3,50.4,23.7
92,349290,1986,9,1,71.3,79.9,64.2
93,349290,1986,9,24,61.1,71.4,51.6
94,349290,1986,1,15,39.5,44.1,34.0
95,349290,1986,5,26,63.0,74.3,59.0
96,349290,1986,11,2,51.9,55.8,49.3
97,349290,1986,2,25,41.8,50.4,36.1
98,349290,1986,4,14,67.8,79.5,55.4
99,349290,1986,4,20,61.6,77.4,48.2
100,349290,1986,10,4,55.8,63.3,47.3
101,349290,1986,10,5,49.5,57.4,43.5
102,349290,1986,11,13,44.6,53.4,33.8
103,349290,1986,12,17,45.2,50.4,39.7
104,349290,1986,12,23,36.8,42.8,32.9
105,349290,1986,12,28,30.1,31.8,28.0
106,349290,1986,7,29,73.2,85.5,59.7
107,349290,1986,4,22,50.2,54.7,46.9
108,349290,1986,11,20,41.2,46.6,32.9
109,349290,1986,1,17,40.5,46.2,36.0
110,349290,1986,5,23,61.3,73.8,54.5
111,349290,1986,1,3,45.2,52.5,40.8
112,349290,1986,11,8,42.1,44.4,39.6
113,349290,1986,1,6,45.4,51.3,39.9
114,349290,1986,2,24,45.0,55.9,37.6
115,349290,1986,4,16,46.0,53.6,38.7
116,349290,1986,7,22,79.0,94.8,61.2
117,349290,1986,2,2,15.9,24.1,9.7
118,349290,1986,1,30,37.1,45.7,30.9
119,349290,1986,10,2,50.3,58.3,44.6
120,349290,1986,11,10,39.2,41.4,36.3
121,349290,1986,7,12,72.4,84.6,55.9
122,349290,1986,3,4,30.6,35.8,22.3
123,349290,1986,8,21,78.9,92.5,66.6
124,349290,1986,8,30,80.7,95.0,65.3
125,349290,1986,9,4,71.2,81.0,61.5
126,349290,1986,10,15,45.0,66.4,32.0
127,349290,1986,3,31,56.2,71.8,40.6
128,349290,1986,7,15,74.3,81.3,68.5
129,349290,1986,1,24,42.7,49.6,36.7
130,349290,1986,11,25,31.6,35.2,28.2
131,349290,1986,2,17,26.6,43.3,14.9
132,349290,1986,5,1,65.5,79.0,52.5
133,349290,1986,6,25,67.1,75.6,59.4
134,349290,1986,7,1,71.3,81.3,60.1
135,349290,1986,7,3,78.5,90.3,64.2
136,349290,1986,7,6,75.7,87.1,59.9
137,349290,1986,8,5,81.2,95.4,64.9
138,349290,1986,9,18,71.6,86.9,59.4
139,349290,1986,6,11,71.6,81.7,65.1
140,349290,1986,6,22,70.2,82.8,59.0
141,349290,1986,8,14,77.6,86.7,73.0
142,349290,1986,12,1,26.9,30.4,22.5
143,349290,1986,1,5,46.9,57.9,39.2
144,349290,1986,1,26,46.2,59.5,33.4
145,349290,1986,1,29,36.7,48.6,29.8
146,349290,1986,2,5,16.0,28.8,4.6
147,349290,1986,2,23,42.3,52.7,33.8
148,349290,1986,3,16,37.0,47.5,29.7
149,349290,1986,3,17,37.3,53.6,25.3
150,349290,1986,3,22,39.3,52.9,27.0
151,349290,1986,3,28,55.5,69.8,40.6
152,349290,1986,4,4,56.0,70.9,42.1
153,349290,1986,4,8,63.2,76.1,50.0
154,349290,1986,4,17,47.7,60.4,32.5
155,349290,1986,4,18,55.0,70.7,37.8
156,349290,1986,4,19,58.5,75.2,40.1
157,349290,1986,5,2,62.1,77.4,53.1
158,349290,1986,5,7,44.2,54.9,33.1
159,349290,1986,5,12,57.1,67.6,40.8
160,349290,1986,5,18,63.5,76.5,49.3
161,349290,1986,5,28,65.4,76.3,51.8
162,349290,1986,7,4,79.6,93.6,64.6
163,349290,1986,7,18,72.8,84.9,57.2
164,349290,1986,7,20,77.2,89.1,66.7
165,349290,1986,7,25,77.6,91.0,64.2
166,349290,1986,7,28,72.0,85.5,57.2
167,349290,1986,8,27,72.2,84.2,58.6
168,349290,1986,9,12,71.1,82.8,59.7
169,349290,1986,9,27,51.5,61.5,39.2
170,349290,1986,10,3,50.4,59.0,39.4
171,349290,1986,10,17,51.9,68.4,38.3
172,349290,1986,10,23,48.5,61.7,38.5
173,349290,1986,11,5,37.7,46.8,29.5
174,349290,1986,11,24,35.7,40.3,30.7
175,349290,1986,12,4,37.5,45.0,23.9
176,349290,1986,12,11,24.2,38.1,15.4
177,349290,1986,3,26,51.4,69.3,41.2
178,349290,1986,1,22,34.6,41.4,28.0
179,349290,1986,9,5,73.4,83.8,63.1
180,349290,1986,12,12,27.8,30.7,20.1
181,349290,1986,6,16,76.8,84.7,59.5
182,349290,1986,10,29,45.3,55.6,35.2
183,349290,1986,1,23,40.3,46.2,35.2
184,349290,1986,3,2,13.7,36.0,-15.7
185,349290,1986,9,29,42.4,58.1,34.3
186,349290,1986,3,14,34.9,48.6,25.3
187,349290,1986,8,6,81.0,91.8,68.0
188,349290,1986,4,1,54.5,72.1,41.5
189,349290,1986,6,20,66.3,79.3,51.6
190,349290,1986,10,7,49.4,58.8,41.5
191,349290,1986,8,7,81.7,93.4,68.0
192,349290,1986,10,28,44.0,53.6,35.6
193,349290,1986,2,13,29.9,40.3,24.8
194,349290,1986,3,9,39.1,46.0,33.1
195,349290,1986,3,12,33.7,43.3,27.0
196,349290,1986,3,27,56.4,73.0,37.0
197,349290,1986,4,3,52.3,68.4,36.3
198,349290,1986,5,17,62.6,73.4,49.6
199,349290,1986,6,6,69.3,78.3,58.8
200,349290,1986,6,26,67.1,76.3,55.8
201,349290,1986,7,21,77.2,91.8,61.9
202,349290,1986,7,23,79.2,91.8,66.6
203,349290,1986,7,24,78.0,91.8,66.0
204,349290,1986,8,18,74.4,88.3,62.6
205,349290,1986,9,7,65.7,80.6,47.1
206,349290,1986,9,30,51.3,65.7,36.3
207,349290,1986,10,9,56.5,66.2,50.0
208,349290,1986,10,31,47.2,57.9,38.1
209,349290,1986,11,12,35.4,44.6,28.4
210,349290,1986,2,1,19.0,25.7,14.0
211,349290,1986,12,6,46.4,57.6,40.6
212,349290,1986,7,30,73.2,85.8,66.4
213,349290,1986,1,2,50.3,57.7,45.7
214,349290,1986,1,4,47.1,56.8,40.1
215,349290,1986,1,27,37.2,44.2,33.6
216,349290,1986,1,28,36.0,47.3,29.3
217,349290,1986,2,4,9.7,19.2,2.1
218,349290,1986,2,7,27.8,39.2,19.0
219,349290,1986,2,8,29.9,38.5,23.7
220,349290,1986,2,9,27.7,40.3,20.8
221,349290,1986,2,14,30.6,42.3,23.4
222,349290,1986,2,15,25.7,34.2,20.3
223,349290,1986,3,3,26.8,30.7,20.3
224,349290,1986,3,7,35.4,41.9,30.6
225,349290,1986,3,8,37.1,42.8,31.3
226,349290,1986,3,10,41.1,50.7,36.7
227,349290,1986,3,20,34.0,47.3,23.0
228,349290,1986,3,21,37.8,54.9,21.2
229,349290,1986,3,23,40.0,53.4,24.8
230,349290,1986,3,24,42.5,57.6,29.7
231,349290,1986,3,25,44.3,56.3,30.6
232,349290,1986,3,30,54.3,70.2,42.3
233,349290,1986,4,5,60.1,80.2,41.5
234,349290,1986,4,13,60.4,77.0,42.1
235,349290,1986,4,25,54.8,62.6,46.2
236,349290,1986,4,28,61.6,75.6,47.5
237,349290,1986,4,29,64.6,79.5,50.7
238,349290,1986,4,30,67.0,79.9,51.1
239,349290,1986,5,29,70.2,81.5,54.7
240,349290,1986,6,12,72.1,84.7,60.8
241,349290,1986,6,15,75.1,88.9,59.5
242,349290,1986,6,17,71.7,81.7,58.8
243,349290,1986,6,21,69.6,84.2,56.3
244,349290,1986,7,7,79.9,89.6,69.8
245,349290,1986,7,8,81.0,92.3,70.5
246,349290,1986,8,2,73.6,86.9,61.9
247,349290,1986,8,3,74.6,90.3,63.3
248,349290,1986,8,8,80.5,92.5,72.1
249,349290,1986,8,9,81.4,94.8,70.5
250,349290,1986,8,12,82.7,95.4,68.0
251,349290,1986,8,16,72.7,84.0,64.0
252,349290,1986,8,19,79.8,94.3,64.8
253,349290,1986,8,23,70.6,83.3,57.2
254,349290,1986,8,24,77.5,95.4,59.0
255,349290,1986,8,25,79.1,95.9,63.7
256,349290,1986,8,28,77.8,91.9,63.3
257,349290,1986,8,31,76.9,89.6,67.8
258,349290,1986,9,15,71.1,83.3,60.8
259,349290,1986,10,11,45.5,58.3,33.1
260,349290,1986,10,24,50.7,68.9,38.5
261,349290,1986,11,28,26.7,30.4,22.8
262,349290,1986,11,29,26.4,32.4,23.2
263,349290,1986,12,18,48.3,55.9,41.4
264,349290,1986,6,2,71.7,82.8,60.1
265,349290,1986,12,9,24.6,31.8,20.8
266,349290,1986,3,19,30.6,36.3,23.4
267,349290,1986,6,4,72.6,82.4,64.4
268,349290,1986,6,14,77.6,87.1,61.3
269,349290,1986,11,3,51.5,55.4,49.5
270,349290,1986,6,8,70.6,81.3,61.3
271,349290,1986,11,11,38.0,45.3,33.8
272,349290,1986,9,20,53.9,62.2,47.1
273,349290,1986,10,13,43.7,47.8,36.7
274,349290,1986,3,13,34.2,42.4,29.8
275,349290,1986,10,26,52.0,60.1,43.3
276,349290,1986,11,21,39.1,48.7,32.0
277,349290,1986,1,11,28.9,32.7,23.7
278,349290,1986,3,11,39.2,49.6,34.2
279,349290,1986,3,18,33.4,42.8,27.3
280,349290,1986,4,12,56.6,69.1,45.0
281,349290,1986,5,3,54.0,59.2,50.4
282,349290,1986,7,16,72.6,84.6,64.8
283,349290,1986,8,17,75.4,91.8,60.8
284,349290,1986,11,23,37.1,42.4,33.3
285,349290,1986,11,26,28.2,33.1,24.1
286,349290,1986,12,8,31.3,38.1,24.3
287,349290,1986,12,29,29.1,32.0,24.8
288,349290,1986,2,3,6.7,13.3,3.4
289,349290,1986,2,27,17.4,22.1,10.0
290,349290,1986,7,10,71.6,80.4,64.6
291,349290,1986,8,26,74.0,86.7,65.1
292,349290,1986,9,6,63.0,72.3,51.8
293,349290,1986,10,10,47.4,57.7,36.7
294,349290,1986,11,27,25.9,29.5,23.0
295,349290,1986,1,10,34.6,38.3,31.3
296,349290,1986,2,16,22.6,30.6,15.8
297,349290,1986,8,15,77.6,87.4,70.5
298,349290,1986,12,2,30.1,32.7,27.7
299,349290,1986,12,7,45.9,62.8,36.0
300,349290,1986,6,9,68.4,85.3,59.5
301,349290,1986,6,29,66.9,77.2,63.0
302,349290,1986,7,26,73.0,82.9,64.8
303,349290,1986,11,7,42.6,48.6,33.6
304,349290,1986,12,14,35.6,42.3,28.2
305,349290,1986,6,24,65.9,74.1,60.6
306,349290,1986,10,8,52.7,61.9,46.6
307,349290,1986,2,18,39.9,54.7,24.6
308,349290,1986,2,22,37.0,40.5,32.5
309,349290,1986,4,23,49.4,52.5,47.5
310,349290,1986,5,31,68.0,72.7,64.8
311,349290,1986,7,9,73.1,83.3,67.6
312,349290,1986,9,11,67.6,74.7,63.3
313,349290,1986,12,26,35.6,42.1,28.6
314,349290,1986,11,1,51.0,57.2,45.9
315,349290,1986,10,19,53.5,60.4,49.3
316,349290,1986,10,1,52.8,56.8,50.0
317,349290,1986,11,9,37.9,40.3,37.0
318,349290,1986,1,1,47.5,56.3,36.1
319,349290,1986,1,14,34.8,38.8,32.0
320,349290,1986,2,21,33.6,37.4,30.4
321,349290,1986,9,10,70.2,78.3,63.3
322,349290,1986,1,20,35.2,39.9,26.2
323,349290,1986,2,19,49.4,53.8,38.5
324,349290,1986,5,25,61.1,69.8,56.7
325,349290,1986,5,24,61.3,72.9,50.4
326,349290,1986,10,20,52.4,61.5,46.8
327,349290,1986,1,7,43.8,51.6,39.6
328,349290,1986,1,13,33.5,36.5,30.9
329,349290,1986,4,24,51.0,57.6,46.8
330,349290,1986,5,6,42.2,47.5,39.6
331,349290,1986,6,10,70.0,82.6,60.4
332,349290,1986,6,30,69.4,77.7,63.1
333,349290,1986,9,25,63.0,76.1,51.8
334,349290,1986,10,6,44.5,49.6,42.1
335,349290,1986,12,5,47.2,48.7,42.6
336,349290,1986,2,11,29.7,33.3,24.8
337,349290,1986,12,30,34.0,41.0,24.8
338,349290,1986,1,18,33.2,45.0,24.3
339,349290,1986,1,16,42.2,46.0,39.2
340,349290,1986,4,11,58.3,75.2,52.5
341,349290,1986,12,31,34.4,39.2,31.6
342,349290,1986,4,15,53.0,63.0,46.0
343,349290,1986,11,4,44.4,51.3,33.8
344,349290,1986,4,21,58.5,69.8,49.5
345,349290,1986,1,9,39.0,45.1,34.9
346,349290,1986,2,26,27.3,34.7,21.2
347,349290,1986,8,22,68.3,78.6,59.4
348,349290,1986,10,22,53.1,63.7,43.3
349,349290,1986,12,21,39.3,44.6,37.0
350,349290,1986,12,22,36.3,43.9,33.1
351,349290,1986,5,9,49.4,51.4,47.8
352,349290,1986,2,20,35.7,42.8,30.6
353,349290,1986,5,4,48.4,55.6,46.4
354,349290,1986,5,5,44.8,51.8,40.5
355,349290,1986,1,21,37.1,41.5,31.6
356,349290,1986,9,28,46.9,56.1,37.2
357,349290,1986,9,2,65.6,70.5,62.2
358,349290,1986,12,15,31.0,37.9,25.7
359,349290,1986,12,19,34.5,38.1,33.1
360,349290,1986,12,27,35.0,41.4,30.2
361,349290,1986,9,9,72.5,85.6,60.1
362,349290,1986,9,19,68.4,84.4,55.4
363,349290,1986,11,6,39.9,42.1,37.2
364,349290,1986,12,3,34.5,43.5,24.3
0,349290,1987,8,20,67.1,76.6,52.0
1,349290,1987,4,24,37.8,45.0,32.0
2,349290,1987,8,27,72.0,84.2,57.7
3,349290,1987,5,7,60.1,70.0,51.8
4,349290,1987,7,27,80.2,95.4,68.5
5,349290,1987,9,15,69.6,78.3,64.4
6,349290,1987,2,22,47.3,55.8,37.4
7,349290,1987,3,5,31.9,38.1,29.7
8,349290,1987,4,25,44.5,53.6,31.1
9,349290,1987,9,3,58.6,69.8,45.3
10,349290,1987,10,19,54.5,61.7,47.8
11,349290,1987,6,15,70.5,79.9,59.4
12,349290,1987,12,27,21.4,31.6,9.7
13,349290,1987,1,19,23.7,27.9,16.7
14,349290,1987,2,26,18.9,28.4,7.5
15,349290,1987,4,1,44.8,59.9,34.9
16,349290,1987,4,26,47.1,53.6,40.8
17,349290,1987,5,2,59.0,69.4,50.2
18,349290,1987,9,6,59.5,72.1,47.8
19,349290,1987,9,11,63.4,74.7,54.3
20,349290,1987,11,5,38.2,43.2,34.2
21,349290,1987,10,28,39.7,43.7,33.4
22,349290,1987,4,18,47.0,53.6,42.1
23,349290,1987,1,6,14.1,24.1,-8.3
24,349290,1987,1,10,20.3,27.0,13.6
25,349290,1987,1,24,23.0,26.6,21.9
26,349290,1987,2,1,13.1,22.5,-1.8
27,349290,1987,2,5,12.1,21.4,3.7
28,349290,1987,3,11,21.6,23.4,19.0
29,349290,1987,3,14,21.6,26.2,16.7
30,349290,1987,3,16,32.3,41.7,24.8
31,349290,1987,3,17,33.2,42.8,28.4
32,349290,1987,3,20,35.0,42.8,31.1
33,349290,1987,3,23,43.5,56.8,34.5
34,349290,1987,3,24,42.5,50.4,36.5
35,349290,1987,3,30,42.3,54.5,31.3
36,349290,1987,4,4,41.6,48.2,36.0
37,349290,1987,4,5,44.1,56.7,31.5
38,349290,1987,4,6,48.9,62.2,33.8
39,349290,1987,4,10,55.1,72.3,37.9
40,349290,1987,5,1,61.6,73.4,51.4
41,349290,1987,5,6,58.3,73.0,44.6
42,349290,1987,5,9,58.4,68.4,47.5
43,349290,1987,5,15,63.7,76.1,52.7
44,349290,1987,5,16,63.8,77.0,48.9
45,349290,1987,5,30,63.1,73.0,50.9
46,349290,1987,6,3,57.6,61.9,54.7
47,349290,1987,7,3,70.7,78.8,61.2
48,349290,1987,7,11,74.3,85.1,61.3
49,349290,1987,7,16,74.2,85.1,65.8
50,349290,1987,7,17,73.5,83.5,62.2
51,349290,1987,7,19,77.5,88.5,67.3
52,349290,1987,7,22,73.5,82.4,59.0
53,349290,1987,7,29,82.9,95.0,70.3
54,349290,1987,8,6,78.9,91.8,66.0
55,349290,1987,8,22,70.2,82.6,55.6
56,349290,1987,8,29,71.3,83.8,60.1
57,349290,1987,8,31,63.1,74.1,51.8
58,349290,1987,9,10,66.8,80.6,54.5
59,349290,1987,9,12,63.0,77.0,48.0
60,349290,1987,9,23,51.4,64.0,40.1
61,349290,1987,9,25,60.4,80.4,43.5
62,349290,1987,9,26,60.3,77.7,46.4
63,349290,1987,10,7,49.9,61.5,40.5
64,349290,1987,10,12,52.2,61.2,44.2
65,349290,1987,10,15,56.3,66.6,50.4
66,349290,1987,10,17,56.4,66.0,47.3
67,349290,1987,10,18,56.0,63.9,48.4
68,349290,1987,10,24,46.1,59.4,33.8
69,349290,1987,11,25,44.7,54.7,38.7
70,349290,1987,12,15,29.9,43.9,21.2
71,349290,1987,12,26,14.6,22.3,6.4
72,349290,1987,7,4,74.2,83.3,61.2
73,349290,1987,6,18,78.3,87.6,67.3
74,349290,1987,12,18,31.7,32.9,30.4
75,349290,1987,3,13,21.7,26.6,19.4
76,349290,1987,11,28,36.3,47.8,30.9
77,349290,1987,2,21,41.2,52.2,34.2
78,349290,1987,8,4,71.3,81.5,62.6
79,349290,1987,2,25,24.9,36.3,15.8
80,349290,1987,3,3,36.2,49.6,23.0
81,349290,1987,3,6,23.6,28.0,21.9
82,349290,1987,1,5,16.3,21.9,1.0
83,349290,1987,7,20,73.2,82.4,62.4
84,349290,1987,8,1,73.8,83.3,64.0
85,349290,1987,8,7,74.1,81.5,68.2
86,349290,1987,9,2,60.0,72.0,49.6
87,349290,1987,9,16,65.8,73.9,57.0
88,349290,1987,11,1,40.5,44.6,37.0
89,349290,1987,1,31,6.0,13.8,-1.7
90,349290,1987,12,11,27.3,30.7,24.1
91,349290,1987,5,24,56.5,59.4,54.1
92,349290,1987,5,14,62.6,72.5,54.3
93,349290,1987,12,21,41.1,45.3,34.9
94,349290,1987,4,12,42.9,45.7,39.6
95,349290,1987,4,21,51.3,59.0,40.1
96,349290,1987,8,3,72.5,81.0,65.3
97,349290,1987,11,19,43.5,45.9,41.4
98,349290,1987,2,17,36.3,41.7,32.4
99,349290,1987,1,2,38.9,47.5,30.4
100,349290,1987,1,7,31.3,36.1,18.3
101,349290,1987,6,19,75.3,84.0,68.5
102,349290,1987,4,14,46.8,52.2,42.3
103,349290,1987,4,17,44.2,50.9,42.4
104,349290,1987,11,4,38.4,41.4,36.0
105,349290,1987,2,8,26.3,33.8,10.6
106,349290,1987,2,19,36.9,41.4,34.7
107,349290,1987,5,3,50.7,53.2,49.1
108,349290,1987,6,4,61.6,70.7,53.6
109,349290,1987,6,10,63.7,71.1,58.3
110,349290,1987,10,3,46.5,56.5,39.2
111,349290,1987,10,29,38.1,39.9,36.3
112,349290,1987,12,3,40.2,43.3,37.6
113,349290,1987,12,12,32.1,40.1,23.9
114,349290,1987,12,31,38.6,42.4,29.8
115,349290,1987,3,2,36.0,58.8,31.1
116,349290,1987,6,21,68.6,81.0,56.5
117,349290,1987,12,9,34.1,43.2,30.6
118,349290,1987,1,29,33.7,42.4,27.1
119,349290,1987,1,27,34.8,41.4,25.3
120,349290,1987,1,4,26.4,33.1,22.1
121,349290,1987,3,4,28.7,32.5,23.5
122,349290,1987,4,19,41.0,46.6,34.5
123,349290,1987,6,14,67.6,76.8,63.1
124,349290,1987,7,7,58.3,61.3,56.8
125,349290,1987,9,30,55.4,58.5,51.8
126,349290,1987,12,29,34.4,38.5,28.0
127,349290,1987,11,18,43.9,49.5,41.5
128,349290,1987,12,17,37.1,48.2,33.4
129,349290,1987,5,26,59.6,68.9,54.5
130,349290,1987,1,21,30.0,33.6,26.2
131,349290,1987,5,20,71.0,84.7,57.6
132,349290,1987,9,9,64.5,78.4,48.6
133,349290,1987,8,21,66.6,78.3,52.9
134,349290,1987,2,14,34.5,40.6,31.3
135,349290,1987,1,11,21.3,28.8,6.1
136,349290,1987,1,23,22.2,26.2,19.2
137,349290,1987,2,11,25.2,30.6,6.8
138,349290,1987,2,13,37.3,43.2,33.8
139,349290,1987,2,27,24.4,32.7,17.1
140,349290,1987,4,3,44.3,54.3,37.9
141,349290,1987,6,16,73.0,82.6,65.3
142,349290,1987,8,10,70.6,81.3,62.8
143,349290,1987,10,22,51.7,61.9,44.6
144,349290,1987,12,1,31.0,45.3,21.7
145,349290,1987,3,29,38.3,50.4,28.4
146,349290,1987,7,28,82.1,95.0,68.5
147,349290,1987,5,12,58.9,74.3,44.6
148,349290,1987,5,13,63.2,77.5,46.8
149,349290,1987,6,13,71.8,81.5,62.6
150,349290,1987,8,8,74.0,85.3,60.4
151,349290,1987,8,9,75.5,89.1,64.0
152,349290,1987,9,7,58.2,71.6,43.7
153,349290,1987,10,20,56.5,66.2,49.5
154,349290,1987,7,31,71.5,82.0,63.5
155,349290,1987,9,5,61.4,73.4,49.8
156,349290,1987,1,12,31.1,34.9,24.8
157,349290,1987,1,26,26.8,38.5,4.1
158,349290,1987,2,3,24.9,27.9,18.3
159,349290,1987,3,18,34.9,45.3,25.9
160,349290,1987,3,28,36.4,48.2,30.2
161,349290,1987,4,7,55.4,70.9,42.8
162,349290,1987,4,8,48.8,61.0,39.7
163,349290,1987,5,4,55.3,68.4,47.1
164,349290,1987,5,19,70.5,83.7,55.4
165,349290,1987,5,28,60.1,71.6,47.7
166,349290,1987,5,29,63.8,74.5,51.8
167,349290,1987,5,31,66.4,77.7,54.3
168,349290,1987,6,11,66.1,75.7,55.8
169,349290,1987,6,12,68.3,74.7,57.9
170,349290,1987,7,2,69.8,78.1,58.3
171,349290,1987,7,10,71.2,83.1,59.0
172,349290,1987,7,13,76.3,86.0,68.4
173,349290,1987,7,14,75.9,87.3,63.9
174,349290,1987,7,15,77.6,88.2,68.0
175,349290,1987,7,24,77.1,86.7,67.3
176,349290,1987,8,11,74.3,82.8,60.1
177,349290,1987,8,13,69.7,81.7,54.9
178,349290,1987,8,18,61.3,69.6,55.8
179,349290,1987,9,4,60.0,73.4,45.5
180,349290,1987,9,14,68.2,77.0,61.5
181,349290,1987,9,18,53.7,64.0,45.5
182,349290,1987,9,24,53.5,70.2,37.9
183,349290,1987,9,28,70.9,86.0,53.8
184,349290,1987,10,10,55.7,67.5,47.5
185,349290,1987,10,11,53.8,66.2,45.5
186,349290,1987,10,13,55.0,64.9,47.7
187,349290,1987,10,21,54.1,64.9,48.0
188,349290,1987,10,23,49.2,62.1,37.0
189,349290,1987,10,25,40.7,50.5,34.2
190,349290,1987,10,26,40.1,47.1,33.1
191,349290,1987,10,31,40.2,50.9,33.4
192,349290,1987,12,5,30.9,32.7,29.5
193,349290,1987,12,14,30.2,39.0,19.0
194,349290,1987,12,19,34.1,37.8,29.8
195,349290,1987,12,25,9.4,16.7,6.1
196,349290,1987,12,28,36.3,42.3,25.5
197,349290,1987,8,15,63.9,78.8,56.5
198,349290,1987,8,28,71.5,84.2,60.8
199,349290,1987,11,16,54.9,63.9,46.8
200,349290,1987,2,15,35.8,38.3,32.9
201,349290,1987,5,18,70.1,82.8,56.7
202,349290,1987,1,8,32.3,36.0,29.3
203,349290,1987,8,23,66.6,75.6,61.3
204,349290,1987,9,13,64.0,76.5,54.0
205,349290,1987,11,22,40.8,47.5,36.9
206,349290,1987,3,31,44.1,56.3,37.0
207,349290,1987,7,23,75.5,86.9,64.6
208,349290,1987,2,23,47.8,62.8,33.1
209,349290,1987,3,7,26.4,30.9,20.7
210,349290,1987,4,30,58.0,70.7,44.4
211,349290,1987,6,17,74.1,84.9,62.1
212,349290,1987,7,21,71.8,83.7,59.0
213,349290,1987,8,5,72.5,84.4,57.7
214,349290,1987,8,26,70.3,82.2,57.6
215,349290,1987,9,19,56.1,67.3,42.8
216,349290,1987,9,27,64.7,82.8,45.7
217,349290,1987,11,29,34.2,44.2,28.0
218,349290,1987,3,1,31.9,39.6,21.6
219,349290,1987,6,30,68.2,76.1,60.4
220,349290,1987,2,28,28.6,33.8,24.4
221,349290,1987,11,24,47.3,60.3,39.2
222,349290,1987,2,6,20.8,29.5,10.0
223,349290,1987,3,12,22.6,27.3,20.8
224,349290,1987,3,15,26.7,31.5,20.8
225,349290,1987,3,21,38.5,51.6,30.2
226,349290,1987,3,22,40.9,56.3,28.0
227,349290,1987,4,9,52.9,68.0,40.1
228,349290,1987,5,25,58.7,65.3,52.9
229,349290,1987,5,27,58.3,65.5,52.7
230,349290,1987,6,6,69.1,82.2,51.8
231,349290,1987,6,22,73.2,82.8,65.1
232,349290,1987,6,24,71.6,80.2,61.7
233,349290,1987,6,27,72.5,80.2,62.8
234,349290,1987,7,9,67.4,79.2,53.6
235,349290,1987,7,12,77.9,93.0,67.6
236,349290,1987,7,18,76.7,87.3,63.0
237,349290,1987,7,25,77.3,88.7,63.5
238,349290,1987,7,26,80.1,91.0,66.9
239,349290,1987,8,16,67.8,81.0,52.9
240,349290,1987,10,5,44.6,55.9,37.4
241,349290,1987,10,6,46.8,59.0,33.8
242,349290,1987,10,8,52.7,64.2,43.9
243,349290,1987,10,9,56.0,67.1,48.9
244,349290,1987,10,14,56.2,67.3,47.1
245,349290,1987,10,16,57.2,68.7,49.6
246,349290,1987,11,15,53.8,68.9,42.4
247,349290,1987,12,7,37.2,41.4,32.0
248,349290,1987,5,17,68.8,82.0,53.6
249,349290,1987,1,22,25.3,29.5,23.0
250,349290,1987,9,8,62.4,75.2,47.3
251,349290,1987,11,30,32.9,44.6,25.5
252,349290,1987,1,25,17.8,24.6,9.0
253,349290,1987,5,23,59.1,64.8,55.8
254,349290,1987,8,14,66.3,75.2,60.4
255,349290,1987,9,22,51.3,60.8,45.5
256,349290,1987,12,13,26.4,31.1,20.7
257,349290,1987,3,10,27.2,31.3,20.8
258,349290,1987,1,28,28.2,40.6,20.3
259,349290,1987,2,4,18.1,27.1,9.1
260,349290,1987,2,10,25.0,32.0,10.0
261,349290,1987,2,16,35.6,42.3,33.3
262,349290,1987,2,20,36.5,37.6,35.2
263,349290,1987,3,19,31.6,33.3,29.5
264,349290,1987,3,27,34.1,38.3,31.3
265,349290,1987,5,10,50.8,55.8,45.9
266,349290,1987,6,2,61.6,71.2,56.7
267,349290,1987,8,30,65.6,73.6,57.4
268,349290,1987,9,17,58.5,67.3,52.0
269,349290,1987,2,7,16.0,20.3,12.4
270,349290,1987,8,12,69.1,77.7,61.0
271,349290,1987,12,24,11.1,16.2,7.9
272,349290,1987,10,4,45.7,57.2,38.1
273,349290,1987,1,18,23.7,31.3,17.4
274,349290,1987,2,2,23.7,31.8,19.0
275,349290,1987,2,24,49.1,67.6,38.8
276,349290,1987,11,6,37.6,41.9,32.7
277,349290,1987,1,9,21.0,28.2,13.3
278,349290,1987,1,15,41.5,52.2,32.2
279,349290,1987,1,16,31.5,33.3,30.6
280,349290,1987,1,17,29.8,33.1,26.2
281,349290,1987,1,30,23.1,27.7,15.8
282,349290,1987,2,9,29.7,37.8,23.5
283,349290,1987,4,11,52.5,67.3,42.3
284,349290,1987,7,1,69.6,78.3,62.2
285,349290,1987,10,27,41.4,48.2,35.8
286,349290,1987,11,17,47.1,51.1,43.2
287,349290,1987,11,26,42.1,50.4,38.8
288,349290,1987,12,10,28.6,30.9,27.7
289,349290,1987,11,27,39.6,48.6,35.2
290,349290,1987,2,18,37.9,45.1,33.4
291,349290,1987,1,14,34.2,35.4,31.8
292,349290,1987,8,17,63.3,70.7,56.8
293,349290,1987,11,23,48.7,55.8,42.4
294,349290,1987,4,28,44.5,47.3,41.0
295,349290,1987,4,16,44.9,46.8,42.8
296,349290,1987,8,25,65.5,76.6,56.1
297,349290,1987,12,16,44.6,48.2,31.8
298,349290,1987,1,13,36.7,42.8,31.6
299,349290,1987,3,8,33.2,39.0,27.9
300,349290,1987,3,25,44.2,57.9,32.0
301,349290,1987,4,2,48.4,63.7,33.8
302,349290,1987,4,22,58.1,68.7,46.9
303,349290,1987,5,5,55.4,68.0,47.3
304,349290,1987,5,21,69.7,78.3,62.8
305,349290,1987,6,9,59.3,63.7,55.6
306,349290,1987,7,5,75.4,84.6,63.7
307,349290,1987,7,8,59.2,64.2,55.8
308,349290,1987,9,20,58.7,66.4,51.1
309,349290,1987,12,6,31.0,32.4,28.8
310,349290,1987,12,20,36.9,40.3,32.0
311,349290,1987,4,29,45.7,49.6,43.3
312,349290,1987,11,14,51.7,57.2,48.9
313,349290,1987,2,12,34.9,42.8,25.7
314,349290,1987,11,11,35.7,37.9,33.8
315,349290,1987,1,3,45.6,51.8,38.5
316,349290,1987,1,20,30.6,33.6,23.2
317,349290,1987,4,20,42.0,50.4,35.6
318,349290,1987,6,28,75.8,81.1,59.4
319,349290,1987,5,22,67.8,80.4,55.4
320,349290,1987,6,8,63.9,72.9,58.8
321,349290,1987,11,2,42.2,46.0,39.6
322,349290,1987,5,11,50.4,59.5,43.5
323,349290,1987,6,26,68.7,74.5,60.8
324,349290,1987,6,29,74.0,83.3,67.3
325,349290,1987,11,7,43.3,49.1,32.2
326,349290,1987,1,1,32.4,33.6,31.5
327,349290,1987,11,12,45.0,52.5,35.1
328,349290,1987,6,5,62.7,72.3,55.4
329,349290,1987,6,7,63.3,70.5,58.3
330,349290,1987,6,23,72.3,81.3,66.2
331,349290,1987,8,2,74.8,85.6,65.5
332,349290,1987,12,2,39.9,49.5,29.5
333,349290,1987,11,13,52.2,56.3,47.1
334,349290,1987,8,19,61.9,69.1,54.5
335,349290,1987,10,1,51.6,52.9,50.2
336,349290,1987,10,30,36.6,40.1,34.9
337,349290,1987,4,27,51.6,64.8,41.0
338,349290,1987,11,8,45.6,49.3,43.7
339,349290,1987,3,9,31.9,34.7,29.7
340,349290,1987,4,15,45.1,47.8,43.5
341,349290,1987,7,6,68.4,73.6,63.5
342,349290,1987,7,30,72.7,78.4,66.2
343,349290,1987,9,21,60.0,72.9,49.1
344,349290,1987,9,29,58.2,65.7,55.2
345,349290,1987,11,9,47.3,53.2,40.6
346,349290,1987,11,21,39.5,43.2,37.2
347,349290,1987,12,4,34.5,41.0,30.9
348,349290,1987,12,8,42.7,50.4,37.6
349,349290,1987,12,22,36.9,38.5,35.1
350,349290,1987,9,1,60.4,72.7,54.5
351,349290,1987,4,13,45.8,51.8,42.4
352,349290,1987,6,20,68.6,74.8,63.7
353,349290,1987,12,30,28.6,35.2,23.0
354,349290,1987,6,25,66.3,73.9,62.8
355,349290,1987,8,24,64.5,74.8,57.2
356,349290,1987,11,3,40.1,42.4,37.4
357,349290,1987,3,26,38.0,40.6,34.2
358,349290,1987,4,23,44.5,50.0,34.5
359,349290,1987,5,8,57.2,64.4,51.1
360,349290,1987,6,1,62.9,72.0,58.3
361,349290,1987,10,2,48.5,52.9,43.0
362,349290,1987,11,10,36.1,38.8,34.5
363,349290,1987,11,20,44.2,46.2,43.3
364,349290,1987,12,23,29.4,34.2,20.8
0,349290,1988,9,2,68.2,79.3,57.4
1,349290,1988,2,4,25.1,31.6,19.4
2,349290,1988,7,21,72.5,84.7,67.5
3,349290,1988,8,3,75.5,88.3,63.7
4,349290,1988,8,5,80.6,91.4,63.1
5,349290,1988,1,25,8.6,16.9,3.2
6,349290,1988,3,1,40.4,51.3,32.0
7,349290,1988,3,18,50.4,65.5,41.0
8,349290,1988,5,31,66.1,75.0,60.1
9,349290,1988,6,27,70.0,81.0,59.0
10,349290,1988,10,17,47.9,62.6,36.1
11,349290,1988,11,29,31.3,45.5,23.4
12,349290,1988,6,13,74.1,82.4,65.1
13,349290,1988,12,9,37.4,38.5,36.5
14,349290,1988,2,10,28.3,35.2,23.7
15,349290,1988,3,25,52.0,66.7,44.4
16,349290,1988,4,13,54.3,67.6,34.0
17,349290,1988,5,13,51.2,61.9,41.0
18,349290,1988,7,9,75.7,85.5,68.0
19,349290,1988,9,1,68.5,80.8,57.9
20,349290,1988,9,3,69.6,83.1,57.9
21,349290,1988,9,5,67.0,78.8,57.2
22,349290,1988,9,30,63.0,78.1,51.1
23,349290,1988,10,14,57.3,69.8,50.7
24,349290,1988,5,28,67.8,73.9,62.4
25,349290,1988,7,11,73.2,83.7,63.5
26,349290,1988,1,7,44.0,51.8,31.3
27,349290,1988,1,23,18.1,20.1,15.8
28,349290,1988,1,29,-0.4,12.2,-14.1
29,349290,1988,2,15,24.3,32.5,19.9
30,349290,1988,3,5,36.0,41.7,32.2
31,349290,1988,3,17,48.1,63.5,35.6
32,349290,1988,3,24,47.3,61.2,34.9
33,349290,1988,4,2,50.9,62.6,39.6
34,349290,1988,4,4,48.5,57.2,39.4
35,349290,1988,4,30,43.5,52.0,36.1
36,349290,1988,5,2,50.2,62.2,34.7
37,349290,1988,5,15,57.7,70.3,41.4
38,349290,1988,6,5,64.9,70.5,61.5
39,349290,1988,6,8,74.3,84.9,62.1
40,349290,1988,7,2,75.1,87.1,62.1
41,349290,1988,7,4,79.3,91.9,65.3
42,349290,1988,7,5,80.0,93.6,65.5
43,349290,1988,7,23,73.0,83.1,63.7
44,349290,1988,7,27,74.9,87.1,60.8
45,349290,1988,7,29,75.2,88.3,60.1
46,349290,1988,8,13,72.3,84.9,61.2
47,349290,1988,8,15,76.6,90.1,64.6
48,349290,1988,8,20,68.0,81.0,57.6
49,349290,1988,8,26,75.7,89.8,59.5
50,349290,1988,9,4,68.6,80.6,60.4
51,349290,1988,9,15,64.4,78.8,48.6
52,349290,1988,10,1,61.5,75.2,48.2
53,349290,1988,10,3,62.5,74.8,50.5
54,349290,1988,11,2,35.9,37.8,33.8
55,349290,1988,12,22,32.9,34.5,32.0
56,349290,1988,12,23,38.7,43.0,32.7
57,349290,1988,12,28,32.5,37.8,20.7
58,349290,1988,5,14,54.7,68.2,41.0
59,349290,1988,7,1,75.3,85.5,62.6
60,349290,1988,10,18,56.5,70.5,46.0
61,349290,1988,7,31,81.6,95.0,67.8
62,349290,1988,3,9,37.7,42.1,33.6
63,349290,1988,8,19,68.6,75.9,61.9
64,349290,1988,9,27,58.4,66.6,50.0
65,349290,1988,1,5,39.0,55.4,31.6
66,349290,1988,1,8,47.7,57.2,40.3
67,349290,1988,1,10,40.0,47.1,37.8
68,349290,1988,1,13,33.4,36.3,31.6
69,349290,1988,1,27,18.4,23.0,13.5
70,349290,1988,1,28,0.3,28.2,-13.7
71,349290,1988,2,24,25.8,33.1,14.0
72,349290,1988,3,12,41.2,45.1,38.5
73,349290,1988,4,11,51.3,64.8,40.8
74,349290,1988,9,19,64.7,70.2,59.7
75,349290,1988,10,8,62.8,74.3,55.8
76,349290,1988,12,16,37.7,46.2,32.5
77,349290,1988,1,22,24.2,29.8,20.3
78,349290,1988,6,30,74.7,83.5,64.9
79,349290,1988,10,19,55.9,61.3,52.2
80,349290,1988,10,28,38.8,45.5,32.7
81,349290,1988,4,6,49.0,63.3,37.2
82,349290,1988,10,25,48.5,63.1,37.8
83,349290,1988,12,6,39.7,46.2,34.5
84,349290,1988,8,31,67.3,79.0,59.0
85,349290,1988,11,21,45.2,56.3,33.6
86,349290,1988,11,30,44.1,53.2,32.7
87,349290,1988,4,14,57.3,64.8,50.0
88,349290,1988,11,27,41.0,43.5,36.5
89,349290,1988,9,26,61.7,69.1,57.9
90,349290,1988,2,28,36.8,41.4,33.3
91,349290,1988,3,10,39.9,50.0,33.1
92,349290,1988,3,14,39.5,47.1,32.4
93,349290,1988,3,22,41.5,46.8,38.5
94,349290,1988,3,26,46.3,54.3,42.1
95,349290,1988,4,16,55.6,61.9,50.0
96,349290,1988,6,24,64.9,68.0,63.0
97,349290,1988,10,7,61.4,69.8,56.8
98,349290,1988,12,15,36.7,40.1,29.5
99,349290,1988,12,17,34.2,36.3,31.5
100,349290,1988,12,30,30.2,34.9,23.4
101,349290,1988,12,31,37.6,41.9,32.4
102,349290,1988,12,1,32.6,35.8,30.6
103,349290,1988,12,10,36.0,38.3,32.2
104,349290,1988,12,21,40.8,47.5,35.1
105,349290,1988,9,10,58.7,64.4,54.3
106,349290,1988,12,19,30.4,34.5,28.4
107,349290,1988,3,20,40.5,44.1,38.7
108,349290,1988,3,30,46.3,50.5,41.5
109,349290,1988,6,15,66.7,72.1,61.9
110,349290,1988,7,15,69.9,75.2,64.2
111,349290,1988,8,28,66.2,75.2,61.5
112,349290,1988,10,21,42.1,45.1,39.2
113,349290,1988,11,9,35.5,41.0,32.7
114,349290,1988,11,18,34.9,36.0,33.3
115,349290,1988,11,28,37.6,43.3,30.9
116,349290,1988,12,5,36.7,38.8,34.0
117,349290,1988,2,3,17.0,24.6,4.3
118,349290,1988,2,12,29.2,41.9,21.2
119,349290,1988,7,8,75.8,87.4,67.6
120,349290,1988,11,16,37.3,40.3,33.3
121,349290,1988,4,12,49.4,58.1,34.2
122,349290,1988,3,29,51.3,64.8,40.3
123,349290,1988,5,22,65.2,74.8,56.5
124,349290,1988,6,4,68.5,77.4,62.6
125,349290,1988,6,22,66.4,74.1,61.3
126,349290,1988,1,4,38.2,51.6,31.6
127,349290,1988,2,16,23.1,33.8,15.1
128,349290,1988,3,8,38.4,52.2,29.7
129,349290,1988,4,1,46.8,60.1,34.9
130,349290,1988,4,8,52.2,66.2,39.2
131,349290,1988,5,6,61.4,74.1,44.2
132,349290,1988,5,20,66.2,79.2,53.6
133,349290,1988,6,25,65.0,70.5,62.6
134,349290,1988,8,10,76.5,88.2,63.5
135,349290,1988,9,12,57.8,69.4,51.4
136,349290,1988,1,19,34.0,37.9,31.5
137,349290,1988,5,19,66.7,77.9,54.9
138,349290,1988,7,10,72.6,85.1,63.5
139,349290,1988,7,14,74.8,83.3,68.9
140,349290,1988,2,13,30.1,31.8,28.0
141,349290,1988,7,25,72.6,82.8,62.4
142,349290,1988,7,30,78.2,90.9,64.6
143,349290,1988,8,9,72.2,86.4,55.9
144,349290,1988,9,18,69.2,84.9,58.1
145,349290,1988,10,24,44.4,60.3,33.3
146,349290,1988,3,27,46.1,50.7,40.1
147,349290,1988,5,11,51.9,62.1,45.0
148,349290,1988,6,3,71.0,82.8,56.5
149,349290,1988,12,20,35.7,40.8,27.9
150,349290,1988,6,2,67.0,77.9,57.4
151,349290,1988,1,3,44.1,52.5,29.3
152,349290,1988,1,9,40.2,51.3,34.2
153,349290,1988,1,17,27.7,32.5,19.9
154,349290,1988,1,26,16.5,20.1,6.8
155,349290,1988,1,30,-3.7,5.4,-12.5
156,349290,1988,2,8,29.1,42.8,19.8
157,349290,1988,2,11,25.1,32.4,19.2
158,349290,1988,2,18,31.2,45.3,18.7
159,349290,1988,2,19,34.3,44.4,28.9
160,349290,1988,2,21,37.4,44.6,33.3
161,349290,1988,2,23,30.7,34.5,28.9
162,349290,1988,2,26,29.3,37.8,21.7
163,349290,1988,2,27,31.7,37.0,27.1
164,349290,1988,3,16,38.1,50.9,31.3
165,349290,1988,4,5,50.1,60.4,41.4
166,349290,1988,4,10,56.7,68.2,46.4
167,349290,1988,4,15,56.1,63.3,33.8
168,349290,1988,4,26,55.8,72.5,41.2
169,349290,1988,4,27,55.3,64.4,50.9
170,349290,1988,5,3,54.7,70.3,36.5
171,349290,1988,5,4,58.3,74.1,41.2
172,349290,1988,5,7,57.1,61.7,53.6
173,349290,1988,5,9,52.9,57.2,46.2
174,349290,1988,5,21,68.5,79.3,55.4
175,349290,1988,6,6,67.1,74.7,60.1
176,349290,1988,6,11,75.9,86.2,63.7
177,349290,1988,6,16,64.6,73.4,59.0
178,349290,1988,6,17,66.5,73.0,38.1
179,349290,1988,6,26,67.0,72.9,63.5
180,349290,1988,7,3,77.2,88.2,66.2
181,349290,1988,7,12,73.0,81.5,66.9
182,349290,1988,7,13,73.8,81.0,66.9
183,349290,1988,7,17,74.3,85.1,66.4
184,349290,1988,7,19,76.9,86.9,68.0
185,349290,1988,7,20,74.3,87.1,66.6
186,349290,1988,8,1,77.2,89.6,65.1
187,349290,1988,8,4,77.9,91.0,62.6
188,349290,1988,8,16,72.1,83.7,61.7
189,349290,1988,8,17,72.5,86.9,58.3
190,349290,1988,8,18,70.1,76.3,64.4
191,349290,1988,8,22,69.6,82.0,56.3
192,349290,1988,10,2,59.6,71.2,48.6
193,349290,1988,10,4,63.1,75.2,54.7
194,349290,1988,10,5,63.5,74.7,55.4
195,349290,1988,10,6,60.4,71.6,54.3
196,349290,1988,10,15,51.3,61.9,43.9
197,349290,1988,10,27,32.8,34.3,30.6
198,349290,1988,11,3,38.5,49.6,31.3
199,349290,1988,11,14,31.1,38.5,24.8
200,349290,1988,11,19,36.0,59.0,33.3
201,349290,1988,11,25,31.6,34.7,23.9
202,349290,1988,12,3,30.1,32.4,26.6
203,349290,1988,12,4,34.1,37.8,29.8
204,349290,1988,12,7,43.3,54.1,35.6
205,349290,1988,12,13,43.0,48.9,32.0
206,349290,1988,4,17,55.1,60.6,51.1
207,349290,1988,5,5,61.4,74.3,41.9
208,349290,1988,4,7,49.8,60.8,45.3
209,349290,1988,11,15,42.8,49.5,30.9
210,349290,1988,10,13,60.1,69.1,54.1
211,349290,1988,4,23,52.5,55.8,48.9
212,349290,1988,8,6,78.3,93.4,65.3
213,349290,1988,9,7,69.0,78.3,61.3
214,349290,1988,9,14,63.8,81.0,51.8
215,349290,1988,1,31,7.7,14.7,-6.3
216,349290,1988,7,26,73.3,86.0,64.8
217,349290,1988,2,5,33.8,41.0,27.5
218,349290,1988,3,2,38.6,48.6,31.3
219,349290,1988,5,30,66.8,77.2,55.0
220,349290,1988,8,2,77.0,88.5,62.2
221,349290,1988,9,11,57.4,65.7,47.3
222,349290,1988,9,21,60.5,72.3,50.2
223,349290,1988,1,6,37.7,44.6,32.4
224,349290,1988,7,7,77.8,86.2,71.1
225,349290,1988,1,15,30.1,32.0,26.1
226,349290,1988,2,2,6.8,16.2,2.3
227,349290,1988,6,23,64.3,77.0,57.2
228,349290,1988,3,11,43.1,57.7,32.9
229,349290,1988,5,12,49.6,55.9,44.1
230,349290,1988,5,25,62.0,68.9,58.5
231,349290,1988,6,9,76.9,84.4,66.6
232,349290,1988,8,24,74.2,87.1,57.6
233,349290,1988,3,21,40.7,45.5,38.1
234,349290,1988,10,16,50.7,62.6,42.6
235,349290,1988,10,22,40.6,44.1,35.6
236,349290,1988,9,25,62.8,76.3,50.7
237,349290,1988,2,9,31.7,41.2,17.6
238,349290,1988,2,17,21.6,31.5,12.6
239,349290,1988,6,21,67.1,76.8,55.4
240,349290,1988,8,21,67.6,80.2,55.2
241,349290,1988,9,16,65.3,78.3,51.4
242,349290,1988,9,28,55.4,69.8,43.5
243,349290,1988,9,29,61.3,76.5,46.8
244,349290,1988,10,12,57.4,67.1,50.2
245,349290,1988,11,6,41.5,48.6,33.8
246,349290,1988,1,12,32.5,35.4,29.1
247,349290,1988,4,21,57.3,64.2,53.1
248,349290,1988,5,23,63.4,74.3,53.6
249,349290,1988,7,6,79.1,92.3,68.7
250,349290,1988,11,7,49.3,63.3,41.0
251,349290,1988,11,22,54.0,61.2,46.2
252,349290,1988,12,18,34.9,36.3,33.4
253,349290,1988,3,28,49.8,58.5,42.8
254,349290,1988,5,24,63.5,72.3,56.8
255,349290,1988,11,17,38.8,45.9,35.6
256,349290,1988,11,26,37.6,40.1,33.1
257,349290,1988,12,8,38.5,41.7,37.4
258,349290,1988,1,18,31.8,36.1,25.0
259,349290,1988,2,6,29.3,35.6,22.6
260,349290,1988,2,20,33.5,36.7,26.2
261,349290,1988,2,25,24.3,36.9,11.7
262,349290,1988,3,7,38.5,52.2,28.4
263,349290,1988,3,23,44.0,55.8,36.5
264,349290,1988,3,31,46.5,57.6,38.7
265,349290,1988,4,3,51.5,59.5,45.5
266,349290,1988,4,9,56.2,68.0,41.0
267,349290,1988,4,19,55.0,68.7,38.1
268,349290,1988,4,20,59.7,74.7,43.0
269,349290,1988,4,22,52.5,59.0,48.7
270,349290,1988,4,29,46.4,57.6,37.4
271,349290,1988,5,1,45.1,56.1,32.7
272,349290,1988,5,16,62.4,76.3,44.6
273,349290,1988,5,17,66.4,79.3,54.9
274,349290,1988,5,18,66.8,76.5,58.1
275,349290,1988,5,26,65.2,73.9,56.7
276,349290,1988,5,27,67.3,76.1,59.9
277,349290,1988,6,7,70.5,82.4,58.1
278,349290,1988,6,10,75.4,84.6,64.8
279,349290,1988,6,20,67.2,77.4,57.7
280,349290,1988,6,28,72.3,83.1,64.4
281,349290,1988,6,29,71.6,82.9,63.3
282,349290,1988,7,16,74.8,83.7,68.0
283,349290,1988,7,28,74.9,88.2,62.2
284,349290,1988,8,8,71.9,83.5,60.1
285,349290,1988,8,12,72.5,84.7,64.0
286,349290,1988,8,14,74.9,88.2,60.3
287,349290,1988,8,23,69.7,83.3,54.7
288,349290,1988,8,25,72.9,86.5,57.7
289,349290,1988,8,29,66.3,74.3,59.4
290,349290,1988,9,13,61.9,72.7,47.7
291,349290,1988,9,22,62.8,72.5,52.7
292,349290,1988,9,23,60.5,70.2,54.7
293,349290,1988,10,9,62.7,77.0,53.1
294,349290,1988,10,10,58.9,66.2,54.1
295,349290,1988,10,11,59.5,69.4,53.2
296,349290,1988,10,23,42.8,57.4,34.5
297,349290,1988,10,29,39.4,43.9,34.2
298,349290,1988,11,5,35.8,40.1,30.0
299,349290,1988,11,13,27.6,31.3,26.6
300,349290,1988,11,20,43.9,48.7,32.9
301,349290,1988,12,12,37.1,41.9,28.9
302,349290,1988,7,18,74.5,82.6,64.4
303,349290,1988,9,6,67.2,75.7,61.3
304,349290,1988,9,17,70.3,84.2,56.7
305,349290,1988,10,31,37.3,43.3,32.7
306,349290,1988,11,11,27.7,35.6,21.9
307,349290,1988,11,12,31.3,34.3,27.9
308,349290,1988,4,28,51.3,64.0,43.9
309,349290,1988,5,10,53.1,62.1,46.0
310,349290,1988,1,21,31.4,34.0,29.5
311,349290,1988,3,13,41.7,50.9,32.7
312,349290,1988,4,18,50.4,57.6,42.8
313,349290,1988,9,8,65.9,77.7,61.9
314,349290,1988,11,23,53.2,61.5,41.0
315,349290,1988,1,1,30.7,35.8,24.8
316,349290,1988,2,7,30.3,40.6,24.3
317,349290,1988,8,7,75.5,83.7,68.9
318,349290,1988,2,1,11.3,13.8,4.6
319,349290,1988,6,12,72.3,84.6,66.9
320,349290,1988,9,20,59.8,64.9,54.0
321,349290,1988,11,24,30.8,36.3,24.4
322,349290,1988,8,30,64.9,75.9,60.4
323,349290,1988,9,9,64.2,71.6,58.8
324,349290,1988,1,11,34.6,38.3,30.9
325,349290,1988,1,20,33.5,35.6,32.0
326,349290,1988,2,22,31.3,33.4,29.8
327,349290,1988,4,24,56.3,63.3,51.4
328,349290,1988,6,18,68.6,75.9,62.2
329,349290,1988,8,11,69.7,75.6,64.4
330,349290,1988,11,4,41.2,49.6,33.8
331,349290,1988,11,10,29.6,33.4,22.6
332,349290,1988,12,14,30.9,36.1,29.3
333,349290,1988,12,27,21.9,25.3,20.1
334,349290,1988,12,29,30.6,37.4,24.3
335,349290,1988,4,25,57.3,69.6,46.4
336,349290,1988,6,19,65.1,81.3,59.7
337,349290,1988,12,25,43.1,51.8,32.7
338,349290,1988,7,22,75.7,84.4,67.8
339,349290,1988,10,26,34.2,39.6,31.1
340,349290,1988,6,14,69.8,79.7,64.4
341,349290,1988,1,2,29.9,38.8,24.4
342,349290,1988,2,29,38.3,47.8,33.3
343,349290,1988,3,3,38.4,45.0,34.3
344,349290,1988,12,24,40.7,47.3,37.8
345,349290,1988,2,14,29.4,31.6,23.5
346,349290,1988,9,24,57.5,64.0,52.3
347,349290,1988,11,8,39.7,43.0,35.6
348,349290,1988,12,11,32.5,35.6,29.8
349,349290,1988,1,14,30.5,32.7,26.8
350,349290,1988,5,29,64.7,71.4,60.1
351,349290,1988,12,26,33.4,37.4,27.3
352,349290,1988,1,16,29.9,31.6,27.1
353,349290,1988,1,24,14.2,20.5,6.6
354,349290,1988,3,4,33.9,36.0,32.4
355,349290,1988,3,6,36.1,42.4,30.2
356,349290,1988,3,19,48.8,54.0,45.7
357,349290,1988,5,8,55.2,62.2,50.9
358,349290,1988,6,1,63.4,72.3,59.5
359,349290,1988,7,24,72.0,81.3,65.1
360,349290,1988,8,27,71.8,77.4,66.0
361,349290,1988,10,20,49.3,52.7,47.1
362,349290,1988,10,30,44.1,46.4,40.5
363,349290,1988,11,1,37.0,40.5,34.7
364,349290,1988,12,2,27.6,29.5,26.6
365,349290,1988,3,15,42.2,50.2,32.2
0,349290,1989,12,10,30.6,32.7,27.7
1,349290,1989,8,21,79.0,88.5,71.2
2,349290,1989,10,20,45.6,50.9,38.1
3,349290,1989,12,19,50.6,57.0,43.3
4,349290,1989,8,22,77.2,87.1,64.9
5,349290,1989,10,16,53.8,67.3,44.4
6,349290,1989,11,5,43.3,51.3,34.5
7,349290,1989,8,15,72.7,83.5,66.0
8,349290,1989,9,10,70.0,76.3,63.9
9,349290,1989,2,14,36.4,45.3,29.7
10,349290,1989,3,18,49.5,69.1,35.2
11,349290,1989,3,31,45.4,49.5,41.0
12,349290,1989,4,11,57.0,72.3,44.4
13,349290,1989,4,28,61.9,71.6,48.2
14,349290,1989,5,4,58.4,66.2,53.6
15,349290,1989,5,26,54.2,56.5,51.8
16,349290,1989,6,19,68.4,76.1,60.4
17,349290,1989,9,4,70.8,82.4,59.4
18,349290,1989,9,5,71.4,84.4,58.3
19,349290,1989,9,18,59.7,72.1,51.8
20,349290,1989,9,30,63.5,70.5,56.1
21,349290,1989,10,24,51.0,65.1,41.0
22,349290,1989,11,21,33.3,42.8,25.9
23,349290,1989,2,9,40.1,43.5,37.9
24,349290,1989,3,15,41.6,46.6,34.2
25,349290,1989,4,2,60.6,66.9,51.3
26,349290,1989,5,8,59.6,70.5,46.4
27,349290,1989,7,20,72.5,81.3,64.8
28,349290,1989,7,29,74.7,80.2,68.9
29,349290,1989,11,22,43.0,52.2,32.0
30,349290,1989,12,20,47.4,56.8,40.6
31,349290,1989,6,16,63.1,72.0,58.3
32,349290,1989,11,24,35.6,52.3,27.1
33,349290,1989,11,26,34.5,36.3,32.7
34,349290,1989,4,13,54.7,65.8,47.5
35,349290,1989,3,14,44.6,58.3,37.2
36,349290,1989,3,19,50.4,67.1,35.6
37,349290,1989,6,6,72.7,83.3,59.5
38,349290,1989,8,1,73.9,84.7,62.6
39,349290,1989,8,10,76.3,86.4,65.5
40,349290,1989,9,25,63.6,79.2,49.5
41,349290,1989,10,17,53.7,66.2,45.9
42,349290,1989,10,25,53.8,70.2,41.4
43,349290,1989,11,9,50.2,60.1,41.4
44,349290,1989,7,23,63.3,66.7,58.6
45,349290,1989,6,24,64.9,72.3,59.4
46,349290,1989,7,7,70.2,77.9,63.7
47,349290,1989,9,9,68.2,73.8,64.6
48,349290,1989,1,7,33.8,38.1,29.8
49,349290,1989,1,14,31.4,38.3,25.5
50,349290,1989,1,16,36.5,40.3,31.1
51,349290,1989,1,18,42.1,44.4,37.0
52,349290,1989,1,27,31.3,34.3,27.3
53,349290,1989,2,2,30.7,36.7,21.6
54,349290,1989,2,3,38.8,41.4,34.3
55,349290,1989,2,5,35.5,41.4,30.9
56,349290,1989,2,8,39.2,48.7,31.8
57,349290,1989,2,11,22.8,30.7,17.1
58,349290,1989,2,13,34.2,44.8,25.9
59,349290,1989,2,17,40.2,44.2,37.2
60,349290,1989,2,18,37.0,44.1,32.4
61,349290,1989,2,26,51.7,72.7,33.4
62,349290,1989,3,5,48.9,66.6,36.3
63,349290,1989,3,9,46.8,50.7,39.6
64,349290,1989,3,22,49.5,63.7,37.9
65,349290,1989,3,27,39.9,46.0,37.0
66,349290,1989,3,29,38.6,46.0,33.1
67,349290,1989,4,19,58.8,73.0,41.0
68,349290,1989,4,24,64.1,79.5,49.6
69,349290,1989,5,11,54.6,61.9,49.1
70,349290,1989,5,13,60.8,74.7,42.4
71,349290,1989,5,14,65.4,80.2,46.8
72,349290,1989,5,15,68.8,83.1,53.8
73,349290,1989,6,8,70.1,82.2,63.5
74,349290,1989,6,15,68.7,78.3,56.5
75,349290,1989,6,18,70.8,82.0,58.6
76,349290,1989,6,26,72.3,82.4,59.7
77,349290,1989,7,3,76.9,86.5,62.6
78,349290,1989,7,5,71.9,80.2,63.0
79,349290,1989,7,8,67.2,72.1,63.0
80,349290,1989,7,15,79.2,90.3,66.6
81,349290,1989,7,16,78.0,88.2,70.7
82,349290,1989,8,6,66.5,79.7,57.4
83,349290,1989,8,7,73.2,86.0,56.7
84,349290,1989,8,9,75.2,84.4,66.9
85,349290,1989,8,20,77.0,92.5,60.8
86,349290,1989,8,24,73.1,85.3,64.0
87,349290,1989,8,25,73.5,85.6,64.8
88,349290,1989,8,29,79.2,91.2,66.6
89,349290,1989,8,30,78.0,91.8,66.0
90,349290,1989,9,20,61.6,74.8,53.4
91,349290,1989,9,24,63.8,81.5,48.6
92,349290,1989,9,26,66.4,78.3,50.5
93,349290,1989,10,14,48.3,60.1,37.8
94,349290,1989,10,23,44.6,58.6,32.4
95,349290,1989,10,31,47.3,64.2,35.4
96,349290,1989,11,16,45.0,55.4,36.7
97,349290,1989,5,28,53.9,66.6,43.3
98,349290,1989,11,1,52.2,66.7,39.2
99,349290,1989,12,18,54.2,61.2,47.5
100,349290,1989,11,4,44.5,53.4,36.0
101,349290,1989,1,4,31.8,36.0,26.2
102,349290,1989,1,9,31.4,34.5,28.4
103,349290,1989,1,12,35.8,41.2,33.1
104,349290,1989,1,19,36.8,39.0,33.8
105,349290,1989,1,24,34.2,40.3,31.8
106,349290,1989,2,23,35.8,42.8,30.2
107,349290,1989,3,1,46.5,57.6,38.8
108,349290,1989,4,8,59.7,73.4,49.1
109,349290,1989,4,26,57.6,61.9,50.7
110,349290,1989,5,16,66.7,80.6,53.8
111,349290,1989,5,24,50.0,53.6,48.2
112,349290,1989,8,5,69.3,81.7,60.1
113,349290,1989,9,7,70.9,79.0,63.3
114,349290,1989,10,7,48.7,58.1,40.3
115,349290,1989,11,29,35.8,42.1,31.5
116,349290,1989,12,21,42.9,47.5,38.3
117,349290,1989,12,5,37.5,42.4,30.2
118,349290,1989,12,8,29.7,36.0,22.6
119,349290,1989,12,25,39.5,42.1,37.4
120,349290,1989,3,17,45.9,58.5,37.0
121,349290,1989,5,18,65.7,75.2,52.9
122,349290,1989,11,19,31.5,33.4,28.0
123,349290,1989,1,8,35.3,39.0,32.0
124,349290,1989,2,10,32.0,39.0,23.7
125,349290,1989,3,10,45.4,48.7,42.1
126,349290,1989,12,1,24.5,27.1,19.9
127,349290,1989,5,9,51.9,55.8,48.9
128,349290,1989,6,17,65.7,79.5,57.7
129,349290,1989,1,22,31.0,43.9,26.6
130,349290,1989,6,28,77.6,87.1,64.8
131,349290,1989,7,28,71.1,76.6,65.8
132,349290,1989,11,20,32.2,33.6,27.7
133,349290,1989,5,20,63.8,75.7,53.4
134,349290,1989,1,26,25.7,32.2,16.3
135,349290,1989,8,12,74.8,86.0,64.9
136,349290,1989,11,6,43.3,53.2,38.1
137,349290,1989,2,15,34.3,44.4,27.0
138,349290,1989,4,29,64.8,77.4,56.1
139,349290,1989,7,11,73.5,84.7,63.1
140,349290,1989,7,26,72.2,82.2,66.6
141,349290,1989,9,17,61.6,70.5,54.7
142,349290,1989,10,10,61.6,78.1,50.9
143,349290,1989,10,11,65.3,81.0,50.9
144,349290,1989,10,18,52.8,59.5,48.7
145,349290,1989,5,23,52.7,54.3,51.4
146,349290,1989,7,1,76.0,85.6,66.2
147,349290,1989,9,29,59.4,72.7,52.3
148,349290,1989,10,21,40.8,51.1,34.0
149,349290,1989,2,27,53.2,64.8,41.9
150,349290,1989,3,12,44.3,57.2,32.0
151,349290,1989,4,30,66.0,80.6,53.6
152,349290,1989,5,21,67.1,77.7,54.7
153,349290,1989,8,31,78.6,93.9,63.7
154,349290,1989,10,8,49.0,62.1,36.9
155,349290,1989,11,8,45.6,59.7,34.3
156,349290,1989,1,29,33.1,36.0,30.2
157,349290,1989,6,12,69.8,78.4,60.1
158,349290,1989,7,6,68.8,73.0,64.6
159,349290,1989,1,3,9.7,22.3,-3.1
160,349290,1989,1,5,32.7,37.8,29.3
161,349290,1989,1,6,30.3,31.8,28.6
162,349290,1989,1,15,34.5,39.9,32.4
163,349290,1989,1,17,38.2,41.5,35.8
164,349290,1989,2,21,39.5,41.4,36.7
165,349290,1989,2,25,44.1,63.1,26.6
166,349290,1989,3,2,45.8,63.0,33.8
167,349290,1989,3,23,51.8,69.8,36.5
168,349290,1989,4,4,54.2,67.6,36.9
169,349290,1989,4,10,53.3,66.7,36.5
170,349290,1989,4,18,56.2,64.9,50.0
171,349290,1989,4,25,63.5,77.2,49.6
172,349290,1989,5,5,59.1,66.7,49.3
173,349290,1989,5,10,52.7,60.4,47.5
174,349290,1989,5,17,59.7,70.5,48.9
175,349290,1989,5,25,52.0,55.4,47.7
176,349290,1989,6,5,69.9,80.6,57.2
177,349290,1989,6,20,65.6,72.3,59.0
178,349290,1989,6,22,69.1,77.7,63.5
179,349290,1989,6,27,74.7,84.7,63.1
180,349290,1989,6,29,77.2,87.8,64.0
181,349290,1989,7,9,68.4,77.7,59.0
182,349290,1989,7,12,72.5,81.3,66.7
183,349290,1989,7,14,75.7,86.0,65.1
184,349290,1989,8,16,74.9,85.5,63.7
185,349290,1989,9,15,49.8,65.1,39.7
186,349290,1989,9,22,62.8,74.5,51.4
187,349290,1989,9,27,62.6,73.2,57.7
188,349290,1989,9,28,59.4,70.9,51.4
189,349290,1989,10,3,54.4,63.1,41.0
190,349290,1989,10,6,48.8,58.1,38.7
191,349290,1989,10,15,51.6,66.6,40.8
192,349290,1989,10,22,39.0,50.4,31.6
193,349290,1989,10,29,44.8,58.3,34.7
194,349290,1989,11,7,42.7,54.3,35.4
195,349290,1989,11,23,54.3,60.4,44.1
196,349290,1989,11,28,33.7,36.3,28.9
197,349290,1989,10,4,53.7,57.9,49.1
198,349290,1989,4,16,58.6,67.5,52.5
199,349290,1989,5,7,57.9,64.4,51.8
200,349290,1989,7,2,74.9,85.5,67.3
201,349290,1989,8,14,75.5,90.7,67.1
202,349290,1989,5,19,64.2,76.1,54.9
203,349290,1989,4,27,61.9,70.3,49.6
204,349290,1989,6,3,65.7,74.8,56.7
205,349290,1989,3,13,44.7,59.5,30.2
206,349290,1989,7,31,73.0,83.1,63.1
207,349290,1989,8,13,78.4,90.3,64.4
208,349290,1989,11,12,43.9,46.0,40.6
209,349290,1989,1,11,31.6,40.6,16.7
210,349290,1989,1,23,32.0,41.5,23.7
211,349290,1989,3,6,48.3,62.6,37.8
212,349290,1989,3,30,39.7,43.2,32.7
213,349290,1989,5,22,62.3,73.0,54.7
214,349290,1989,5,29,60.8,72.0,49.6
215,349290,1989,6,7,75.9,84.4,65.3
216,349290,1989,7,4,74.1,88.2,66.2
217,349290,1989,7,13,71.3,81.3,68.0
218,349290,1989,7,19,71.4,81.7,57.0
219,349290,1989,7,22,70.4,79.2,56.3
220,349290,1989,2,24,37.0,52.2,26.8
221,349290,1989,3,8,47.4,59.7,41.4
222,349290,1989,8,3,76.8,88.3,65.5
223,349290,1989,8,18,73.5,84.7,57.6
224,349290,1989,8,27,77.0,88.2,66.6
225,349290,1989,9,21,60.0,70.9,47.3
226,349290,1989,1,30,34.4,38.5,30.9
227,349290,1989,3,3,47.8,58.6,37.6
228,349290,1989,3,7,47.7,64.6,38.5
229,349290,1989,7,10,71.8,82.9,58.5
230,349290,1989,7,24,67.9,77.4,59.4
231,349290,1989,8,2,76.0,87.8,61.5
232,349290,1989,8,17,72.8,83.7,63.0
233,349290,1989,8,19,76.5,91.0,61.5
234,349290,1989,10,26,53.5,66.9,44.8
235,349290,1989,11,10,50.6,57.6,46.9
236,349290,1989,4,7,54.4,64.4,48.9
237,349290,1989,9,2,67.6,77.5,61.5
238,349290,1989,5,30,56.6,59.2,53.6
239,349290,1989,5,31,59.7,68.2,55.2
240,349290,1989,6,9,66.7,72.3,63.0
241,349290,1989,1,10,28.4,33.8,27.1
242,349290,1989,2,12,26.3,37.2,16.2
243,349290,1989,2,16,37.4,46.6,27.3
244,349290,1989,2,20,34.0,40.1,22.5
245,349290,1989,3,4,47.9,58.5,42.8
246,349290,1989,3,20,45.7,46.9,42.3
247,349290,1989,3,24,50.1,60.4,37.2
248,349290,1989,3,25,49.5,54.3,45.5
249,349290,1989,4,1,49.0,53.1,41.4
250,349290,1989,4,5,58.9,77.4,45.1
251,349290,1989,4,6,53.2,67.1,42.8
252,349290,1989,4,14,58.0,71.1,46.6
253,349290,1989,4,15,60.5,70.2,51.8
254,349290,1989,4,20,63.7,81.7,49.1
255,349290,1989,4,22,59.0,69.1,47.8
256,349290,1989,4,23,64.2,78.8,51.6
257,349290,1989,5,1,65.6,82.8,50.0
258,349290,1989,5,2,66.9,77.4,58.1
259,349290,1989,5,3,63.9,72.9,58.5
260,349290,1989,5,12,59.4,69.8,49.1
261,349290,1989,6,1,58.5,67.1,55.0
262,349290,1989,6,2,63.4,74.8,51.6
263,349290,1989,6,4,66.4,79.2,55.9
264,349290,1989,6,11,68.3,76.6,59.0
265,349290,1989,6,14,67.9,78.3,59.5
266,349290,1989,6,21,69.3,79.7,59.4
267,349290,1989,6,25,70.1,80.6,58.6
268,349290,1989,8,8,76.0,87.4,65.1
269,349290,1989,8,11,76.0,87.3,64.0
270,349290,1989,8,23,74.4,88.5,60.8
271,349290,1989,8,26,76.1,92.1,61.2
272,349290,1989,9,6,74.7,84.2,63.3
273,349290,1989,9,8,69.6,76.5,61.5
274,349290,1989,9,11,65.8,74.1,62.6
275,349290,1989,9,12,64.0,72.0,59.9
276,349290,1989,9,16,57.1,73.2,41.9
277,349290,1989,9,23,61.8,77.0,50.0
278,349290,1989,10,9,59.7,73.6,46.0
279,349290,1989,10,27,52.5,68.0,39.9
280,349290,1989,10,30,46.0,63.3,34.9
281,349290,1989,11,3,54.2,65.1,45.7
282,349290,1989,11,14,41.9,45.9,36.7
283,349290,1989,1,21,32.4,39.4,27.7
284,349290,1989,6,30,76.5,87.4,66.9
285,349290,1989,7,30,73.8,81.0,68.9
286,349290,1989,6,10,66.8,73.0,61.7
287,349290,1989,8,28,78.0,90.1,63.0
288,349290,1989,9,19,63.3,73.4,52.2
289,349290,1989,7,25,70.9,82.0,56.5
290,349290,1989,12,12,11.2,17.2,7.5
291,349290,1989,12,28,36.2,40.5,28.8
292,349290,1989,12,2,27.8,32.7,17.8
293,349290,1989,12,4,38.7,44.1,27.7
294,349290,1989,12,7,31.7,39.4,22.5
295,349290,1989,12,26,39.5,41.2,35.2
296,349290,1989,12,29,38.5,46.6,32.0
297,349290,1989,12,30,38.4,41.4,35.1
298,349290,1989,12,3,29.7,32.5,28.4
299,349290,1989,12,9,30.5,37.4,20.8
300,349290,1989,12,13,25.2,36.5,2.5
301,349290,1989,12,14,36.3,44.1,27.1
302,349290,1989,12,16,46.2,52.7,36.1
303,349290,1989,12,22,44.2,52.2,36.0
304,349290,1989,12,23,47.1,57.7,38.1
305,349290,1989,12,17,49.8,56.1,45.7
306,349290,1989,6,23,64.7,69.8,60.8
307,349290,1989,11,18,33.9,37.4,29.8
308,349290,1989,11,27,31.8,32.4,31.5
309,349290,1989,4,9,53.2,66.2,41.7
310,349290,1989,2,28,57.3,68.4,45.5
311,349290,1989,3,21,48.6,61.3,41.2
312,349290,1989,2,7,35.3,41.7,31.3
313,349290,1989,9,3,71.3,81.3,63.1
314,349290,1989,9,14,51.4,60.4,43.3
315,349290,1989,3,26,49.1,61.9,41.0
316,349290,1989,2,1,33.1,36.7,31.3
317,349290,1989,1,28,33.3,37.8,30.9
318,349290,1989,2,4,39.7,43.2,37.0
319,349290,1989,4,3,56.0,65.1,45.1
320,349290,1989,5,27,53.1,57.7,50.5
321,349290,1989,6,13,69.1,79.7,62.2
322,349290,1989,7,21,69.9,77.4,62.4
323,349290,1989,7,27,67.5,75.2,63.5
324,349290,1989,8,4,71.8,81.5,63.1
325,349290,1989,9,1,69.3,74.7,63.3
326,349290,1989,10,1,57.8,63.3,52.7
327,349290,1989,10,19,47.2,51.1,44.2
328,349290,1989,10,28,51.1,61.5,39.6
329,349290,1989,11,25,29.9,36.7,17.4
330,349290,1989,1,2,6.5,16.2,-1.7
331,349290,1989,10,5,48.5,55.8,41.0
332,349290,1989,10,12,55.9,60.8,49.6
333,349290,1989,11,17,41.4,45.3,38.5
334,349290,1989,4,17,54.9,59.4,53.4
335,349290,1989,5,6,57.2,61.7,55.0
336,349290,1989,7,17,70.8,81.0,65.3
337,349290,1989,10,2,50.7,57.6,41.4
338,349290,1989,11,13,47.5,57.4,41.7
339,349290,1989,11,15,42.3,44.8,41.0
340,349290,1989,9,13,54.6,60.8,49.6
341,349290,1989,2,19,33.0,38.1,27.3
342,349290,1989,4,12,54.7,60.1,52.0
343,349290,1989,11,2,51.4,58.6,46.2
344,349290,1989,1,1,31.6,38.5,23.4
345,349290,1989,1,13,31.8,34.5,28.0
346,349290,1989,1,20,29.4,34.2,25.9
347,349290,1989,1,25,30.0,33.4,20.1
348,349290,1989,1,31,36.3,41.5,33.1
349,349290,1989,2,6,35.9,45.3,28.8
350,349290,1989,2,22,37.7,44.2,33.1
351,349290,1989,3,16,45.7,54.3,41.7
352,349290,1989,3,28,38.9,44.6,35.2
353,349290,1989,4,21,55.8,65.8,48.2
354,349290,1989,7,18,69.5,78.4,61.2
355,349290,1989,10,13,51.3,59.9,45.7
356,349290,1989,11,11,47.8,49.5,45.5
357,349290,1989,3,11,44.7,55.4,37.8
358,349290,1989,11,30,29.4,32.0,27.5
359,349290,1989,12,15,41.4,49.3,36.3
360,349290,1989,12,27,37.1,45.1,32.5
361,349290,1989,12,6,29.1,33.8,24.1
362,349290,1989,12,11,19.9,27.7,13.3
363,349290,1989,12,24,47.9,56.1,41.7
364,349290,1989,12,31,33.8,38.5,30.2
0,349290,1990,10,16,47.9,63.3,33.8
1,349290,1990,10,6,55.4,72.1,41.7
2,349290,1990,10,8,62.0,79.5,51.8
3,349290,1990,10,20,57.5,65.1,50.5
4,349290,1990,10,21,59.1,71.4,49.6
5,349290,1990,2,21,28.1,35.1,20.3
6,349290,1990,5,12,58.7,68.9,53.2
7,349290,1990,3,27,56.5,71.6,40.5
8,349290,1990,6,18,71.1,81.9,55.8
9,349290,1990,3,16,28.3,38.8,17.8
10,349290,1990,3,24,49.4,60.1,41.9
11,349290,1990,4,4,51.2,68.2,32.0
12,349290,1990,6,7,69.8,79.9,63.3
13,349290,1990,7,11,77.4,88.2,66.9
14,349290,1990,8,29,66.1,78.8,51.8
15,349290,1990,8,13,72.5,86.4,61.9
16,349290,1990,3,6,38.5,47.5,32.7
17,349290,1990,11,28,47.9,60.8,35.4
18,349290,1990,12,13,41.2,48.0,35.1
19,349290,1990,2,14,43.1,51.8,37.9
20,349290,1990,7,28,70.3,81.5,57.7
21,349290,1990,9,30,52.4,62.2,43.7
22,349290,1990,1,1,31.2,32.7,29.5
23,349290,1990,2,28,54.9,63.3,46.4
24,349290,1990,3,21,48.0,66.9,29.1
25,349290,1990,3,25,48.9,56.7,41.9
26,349290,1990,6,23,72.6,86.2,58.1
27,349290,1990,9,27,62.4,72.3,51.8
28,349290,1990,6,17,67.2,78.4,54.9
29,349290,1990,6,30,74.4,86.7,59.4
30,349290,1990,7,6,81.6,92.8,66.4
31,349290,1990,7,18,73.6,84.9,59.4
32,349290,1990,7,20,80.5,90.7,72.3
33,349290,1990,8,8,71.7,83.1,58.6
34,349290,1990,8,10,72.2,85.5,58.5
35,349290,1990,8,19,73.8,87.8,60.3
36,349290,1990,8,27,68.8,84.2,52.2
37,349290,1990,8,31,67.9,81.0,51.4
38,349290,1990,9,6,65.9,79.5,49.8
39,349290,1990,9,11,62.4,80.2,45.7
40,349290,1990,1,7,25.9,30.2,8.6
41,349290,1990,1,9,25.7,34.3,6.6
42,349290,1990,1,10,33.0,35.1,23.7
43,349290,1990,1,13,38.0,42.6,35.6
44,349290,1990,1,27,37.5,53.6,24.4
45,349290,1990,2,5,36.8,43.3,32.7
46,349290,1990,2,6,37.7,49.6,29.8
47,349290,1990,2,7,30.3,38.1,22.8
48,349290,1990,2,11,34.0,40.1,27.5
49,349290,1990,4,15,52.2,61.5,37.2
50,349290,1990,4,18,56.5,68.7,41.0
51,349290,1990,4,19,54.7,68.7,38.3
52,349290,1990,4,29,54.7,65.5,45.5
53,349290,1990,4,30,56.1,64.8,46.9
54,349290,1990,5,5,55.2,65.1,44.6
55,349290,1990,5,13,62.5,77.4,50.4
56,349290,1990,5,28,72.1,86.9,59.5
57,349290,1990,6,5,64.9,77.5,51.6
58,349290,1990,6,13,69.1,77.9,61.9
59,349290,1990,7,2,77.0,89.2,64.6
60,349290,1990,7,4,80.6,93.6,64.9
61,349290,1990,7,24,73.8,86.9,62.6
62,349290,1990,7,31,70.0,82.4,52.5
63,349290,1990,8,22,72.4,86.9,57.9
64,349290,1990,11,17,42.1,58.1,34.7
65,349290,1990,11,24,48.0,61.5,38.1
66,349290,1990,12,12,37.5,45.3,32.4
67,349290,1990,12,27,26.4,34.9,18.3
68,349290,1990,5,26,66.8,80.8,51.4
69,349290,1990,6,2,71.5,80.6,61.2
70,349290,1990,8,2,70.6,85.3,56.8
71,349290,1990,11,25,46.5,56.3,41.0
72,349290,1990,12,30,32.2,41.4,25.7
73,349290,1990,1,26,35.4,48.4,26.1
74,349290,1990,9,10,63.3,73.0,52.5
75,349290,1990,4,1,42.7,48.6,35.4
76,349290,1990,1,25,34.1,45.1,24.8
77,349290,1990,12,28,29.0,39.7,22.1
78,349290,1990,7,13,74.8,85.6,64.9
79,349290,1990,8,28,66.0,76.6,56.8
80,349290,1990,8,25,64.6,73.8,56.5
81,349290,1990,9,5,63.7,71.8,54.9
82,349290,1990,2,1,37.0,39.2,34.9
83,349290,1990,2,2,33.3,35.4,31.6
84,349290,1990,3,14,40.9,49.8,34.5
85,349290,1990,4,10,52.2,62.6,45.0
86,349290,1990,8,21,72.1,81.0,62.1
87,349290,1990,3,15,28.7,36.0,22.6
88,349290,1990,2,16,41.7,52.5,36.1
89,349290,1990,11,30,52.0,54.7,48.9
90,349290,1990,5,1,57.3,65.3,53.1
91,349290,1990,6,15,64.3,72.1,59.9
92,349290,1990,6,28,62.1,66.7,56.5
93,349290,1990,4,16,52.2,63.7,44.8
94,349290,1990,12,15,43.1,49.6,35.6
95,349290,1990,1,22,35.8,39.9,26.4
96,349290,1990,3,5,36.4,44.4,27.7
97,349290,1990,3,19,45.7,60.3,38.7
98,349290,1990,5,11,57.2,64.0,53.6
99,349290,1990,7,30,66.8,78.1,58.8
100,349290,1990,1,17,38.0,38.8,31.5
101,349290,1990,1,18,40.0,44.6,34.9
102,349290,1990,2,18,35.1,43.0,28.0
103,349290,1990,3,10,52.4,64.8,40.6
104,349290,1990,4,25,59.1,66.9,48.4
105,349290,1990,6,14,68.6,77.7,61.2
106,349290,1990,6,21,68.1,75.6,58.1
107,349290,1990,8,3,71.0,81.3,64.6
108,349290,1990,9,18,59.5,68.4,53.2
109,349290,1990,11,4,58.4,69.8,51.3
110,349290,1990,12,7,36.2,38.1,32.0
111,349290,1990,12,17,42.3,44.6,40.6
112,349290,1990,1,12,37.9,40.6,30.2
113,349290,1990,9,17,62.7,73.4,51.8
114,349290,1990,11,1,50.0,58.5,42.4
115,349290,1990,10,3,53.2,63.0,43.5
116,349290,1990,10,11,54.4,58.6,49.6
117,349290,1990,10,31,52.7,59.0,46.2
118,349290,1990,1,31,39.1,42.1,37.2
119,349290,1990,11,20,49.6,52.0,45.3
120,349290,1990,7,7,77.1,86.0,69.6
121,349290,1990,1,15,31.2,37.6,21.7
122,349290,1990,1,28,40.6,48.2,34.5
123,349290,1990,11,9,36.8,40.8,33.8
124,349290,1990,12,2,45.6,51.4,41.0
125,349290,1990,12,6,37.9,41.7,32.2
126,349290,1990,12,18,28.9,38.1,20.1
127,349290,1990,4,24,54.5,61.2,49.8
128,349290,1990,12,5,45.5,51.4,37.4
129,349290,1990,10,14,40.7,50.5,34.7
130,349290,1990,10,17,51.5,67.6,34.2
131,349290,1990,10,19,53.3,69.1,39.2
132,349290,1990,10,26,39.6,42.6,37.8
133,349290,1990,10,25,39.0,40.3,37.0
134,349290,1990,10,29,43.7,53.6,32.0
135,349290,1990,10,30,51.0,54.5,46.2
136,349290,1990,10,2,59.4,72.3,45.0
137,349290,1990,2,13,44.8,52.3,35.1
138,349290,1990,4,6,52.4,64.6,42.1
139,349290,1990,5,14,59.9,67.8,51.1
140,349290,1990,4,7,53.6,70.2,42.1
141,349290,1990,9,16,60.2,76.5,44.2
142,349290,1990,8,7,68.7,75.7,61.7
143,349290,1990,3,22,48.4,66.6,37.4
144,349290,1990,6,12,70.1,82.6,61.7
145,349290,1990,11,7,42.1,50.4,38.1
146,349290,1990,6,1,65.5,71.4,55.9
147,349290,1990,6,19,67.9,81.5,58.1
148,349290,1990,7,23,74.3,87.1,60.6
149,349290,1990,11,21,46.8,57.7,38.5
150,349290,1990,12,29,30.9,40.1,21.2
151,349290,1990,2,27,53.4,64.0,44.4
152,349290,1990,5,8,58.3,72.1,42.8
153,349290,1990,5,23,59.3,73.4,43.0
154,349290,1990,8,9,71.9,84.7,58.1
155,349290,1990,3,28,56.3,69.1,39.7
156,349290,1990,4,8,55.2,74.5,39.9
157,349290,1990,6,11,72.9,86.7,59.7
158,349290,1990,7,14,74.8,86.4,58.3
159,349290,1990,7,15,75.7,88.5,65.1
160,349290,1990,7,19,76.5,88.0,64.4
161,349290,1990,7,22,76.1,88.3,63.3
162,349290,1990,7,25,75.1,89.8,57.9
163,349290,1990,7,26,77.3,88.9,61.7
164,349290,1990,8,11,74.5,85.3,58.5
165,349290,1990,8,15,71.9,85.3,57.4
166,349290,1990,8,16,74.3,85.8,62.4
167,349290,1990,8,18,74.3,86.0,61.2
168,349290,1990,9,7,68.8,84.2,52.9
169,349290,1990,9,8,70.2,84.2,56.3
170,349290,1990,9,12,65.9,80.6,50.7
171,349290,1990,9,24,66.8,83.8,52.0
172,349290,1990,9,25,69.2,88.5,53.8
173,349290,1990,1,2,34.7,40.5,29.5
174,349290,1990,1,11,33.1,36.0,30.6
175,349290,1990,1,20,42.8,48.0,39.0
176,349290,1990,3,2,42.8,47.8,33.4
177,349290,1990,3,3,43.3,50.7,39.0
178,349290,1990,3,18,42.0,46.0,36.9
179,349290,1990,6,9,75.8,87.1,62.6
180,349290,1990,6,27,61.0,67.8,58.1
181,349290,1990,7,8,76.6,85.8,62.8
182,349290,1990,9,20,56.9,61.2,50.9
183,349290,1990,1,16,27.9,35.6,19.4
184,349290,1990,1,29,37.0,51.6,26.4
185,349290,1990,2,4,33.8,38.1,29.8
186,349290,1990,2,9,30.0,33.1,24.8
187,349290,1990,2,10,32.4,36.7,29.3
188,349290,1990,2,15,42.0,45.1,38.3
189,349290,1990,2,17,37.2,45.9,32.7
190,349290,1990,2,20,32.6,39.6,23.4
191,349290,1990,2,24,40.5,43.7,37.8
192,349290,1990,3,13,45.5,51.3,39.9
193,349290,1990,3,30,42.4,54.3,31.6
194,349290,1990,4,9,53.6,73.4,39.7
195,349290,1990,4,21,59.0,68.7,50.7
196,349290,1990,4,22,49.9,54.0,45.9
197,349290,1990,5,17,65.3,78.4,51.4
198,349290,1990,5,29,63.2,70.7,59.0
199,349290,1990,5,30,64.8,74.1,57.0
200,349290,1990,6,6,67.2,78.4,57.4
201,349290,1990,6,8,73.4,86.2,59.7
202,349290,1990,7,1,76.1,86.5,62.6
203,349290,1990,7,10,71.5,80.6,66.7
204,349290,1990,8,30,66.7,81.7,49.5
205,349290,1990,11,2,60.7,67.5,48.9
206,349290,1990,11,11,35.9,38.8,32.9
207,349290,1990,11,13,45.7,52.9,40.5
208,349290,1990,11,16,39.9,52.7,30.9
209,349290,1990,11,22,54.5,63.9,40.1
210,349290,1990,11,23,49.4,62.2,40.8
211,349290,1990,11,26,40.9,50.0,34.7
212,349290,1990,12,20,22.4,29.7,18.1
213,349290,1990,12,22,31.8,35.6,27.7
214,349290,1990,8,26,65.1,78.1,50.4
215,349290,1990,2,22,29.9,39.9,17.6
216,349290,1990,5,31,62.9,69.4,54.7
217,349290,1990,9,4,71.0,82.8,58.8
218,349290,1990,9,2,69.5,82.4,56.1
219,349290,1990,9,3,72.1,86.0,55.8
220,349290,1990,9,15,57.0,66.9,47.1
221,349290,1990,1,24,30.9,33.8,27.3
222,349290,1990,12,1,57.0,61.2,50.2
223,349290,1990,12,16,45.6,49.6,36.3
224,349290,1990,10,4,43.2,52.0,36.1
225,349290,1990,10,1,54.7,67.6,42.1
226,349290,1990,10,5,50.1,64.6,34.3
227,349290,1990,10,7,60.6,71.6,48.6
228,349290,1990,10,9,64.5,81.7,50.7
229,349290,1990,10,18,55.3,69.8,33.8
230,349290,1990,10,24,40.6,44.8,36.1
231,349290,1990,10,15,43.0,59.7,32.2
232,349290,1990,10,27,41.8,46.0,36.7
233,349290,1990,11,8,39.3,47.5,32.7
234,349290,1990,2,12,36.6,44.1,26.8
235,349290,1990,7,16,73.9,84.9,61.7
236,349290,1990,7,5,82.0,93.7,68.0
237,349290,1990,7,29,69.2,80.4,61.2
238,349290,1990,12,31,39.3,46.4,28.4
239,349290,1990,9,29,51.8,54.9,49.6
240,349290,1990,12,10,45.8,9999.9,33.3
241,349290,1990,1,6,6.9,16.0,-2.7
242,349290,1990,2,8,28.2,38.8,22.6
243,349290,1990,3,12,40.2,50.7,28.4
244,349290,1990,3,17,36.3,51.8,19.4
245,349290,1990,3,20,46.2,62.2,29.3
246,349290,1990,3,23,49.3,67.3,34.3
247,349290,1990,4,17,54.8,68.4,41.0
248,349290,1990,5,9,58.9,73.2,46.8
249,349290,1990,8,14,72.0,84.4,62.2
250,349290,1990,5,10,61.5,72.3,48.6
251,349290,1990,5,27,68.6,81.0,56.1
252,349290,1990,7,12,77.6,89.4,61.3
253,349290,1990,8,5,71.6,83.5,61.7
254,349290,1990,8,20,72.1,86.7,60.4
255,349290,1990,8,23,70.3,84.0,61.7
256,349290,1990,8,24,70.3,79.2,63.9
257,349290,1990,9,1,68.9,82.9,57.2
258,349290,1990,9,22,63.7,80.2,49.8
259,349290,1990,11,27,40.4,42.8,35.6
260,349290,1990,5,6,54.1,65.5,45.3
261,349290,1990,6,16,64.8,74.7,55.0
262,349290,1990,6,29,70.5,81.5,60.8
263,349290,1990,8,6,66.7,77.9,58.5
264,349290,1990,8,12,71.7,86.5,64.0
265,349290,1990,9,21,60.3,72.3,50.5
266,349290,1990,1,14,40.7,45.5,36.7
267,349290,1990,1,30,38.1,43.5,32.2
268,349290,1990,2,3,31.1,32.5,28.4
269,349290,1990,2,23,42.0,50.7,34.0
270,349290,1990,2,25,46.6,55.8,40.1
271,349290,1990,3,7,44.2,52.9,36.7
272,349290,1990,3,8,42.0,48.9,35.8
273,349290,1990,3,9,47.1,54.9,39.9
274,349290,1990,3,26,53.1,71.4,32.4
275,349290,1990,4,2,46.2,63.0,30.4
276,349290,1990,4,5,49.8,62.6,33.8
277,349290,1990,4,13,49.4,55.2,45.0
278,349290,1990,4,20,58.0,72.9,42.8
279,349290,1990,4,23,57.0,70.2,46.6
280,349290,1990,4,26,58.4,64.4,54.7
281,349290,1990,5,15,59.8,72.5,44.6
282,349290,1990,5,16,61.9,76.1,45.9
283,349290,1990,5,18,65.1,72.9,56.1
284,349290,1990,5,21,52.4,65.3,38.7
285,349290,1990,5,22,57.3,69.8,40.5
286,349290,1990,5,24,63.4,76.6,48.9
287,349290,1990,6,4,64.2,73.8,54.3
288,349290,1990,7,3,78.2,91.9,62.8
289,349290,1990,7,9,78.6,91.0,69.1
290,349290,1990,8,17,74.5,87.8,61.3
291,349290,1990,9,9,70.0,84.9,55.2
292,349290,1990,9,19,61.5,72.5,51.1
293,349290,1990,9,23,67.8,83.3,54.3
294,349290,1990,11,10,34.6,35.4,33.6
295,349290,1990,11,12,39.4,47.3,29.8
296,349290,1990,11,18,54.8,58.6,36.3
297,349290,1990,11,19,54.5,60.3,48.2
298,349290,1990,12,9,34.5,37.6,31.1
299,349290,1990,12,11,37.5,44.2,32.4
300,349290,1990,12,14,42.6,56.1,39.2
301,349290,1990,12,21,25.9,32.0,18.1
302,349290,1990,12,25,23.9,30.4,19.6
303,349290,1990,2,26,47.9,57.2,42.1
304,349290,1990,5,25,66.6,78.1,52.7
305,349290,1990,5,19,63.7,70.9,56.8
306,349290,1990,4,3,51.8,69.4,32.4
307,349290,1990,12,19,21.0,27.5,16.9
308,349290,1990,10,12,59.0,68.2,47.3
309,349290,1990,10,13,53.4,60.1,42.6
310,349290,1990,10,28,41.9,47.7,35.4
311,349290,1990,6,26,64.0,72.0,59.7
312,349290,1990,5,2,52.0,57.6,49.3
313,349290,1990,11,3,53.3,56.1,50.9
314,349290,1990,12,23,33.5,36.3,30.4
315,349290,1990,5,20,55.2,63.0,43.7
316,349290,1990,11,5,62.1,76.3,54.1
317,349290,1990,3,29,48.1,59.7,39.9
318,349290,1990,6,10,72.6,84.6,61.2
319,349290,1990,7,27,72.6,81.5,62.6
320,349290,1990,3,11,40.6,49.1,31.8
321,349290,1990,4,12,52.7,59.4,47.3
322,349290,1990,6,25,69.4,81.5,62.8
323,349290,1990,8,1,72.9,82.9,65.5
324,349290,1990,1,23,36.7,43.5,31.3
325,349290,1990,3,4,36.3,44.8,29.7
326,349290,1990,5,3,48.9,54.0,46.0
327,349290,1990,5,4,51.7,62.1,45.3
328,349290,1990,6,3,61.6,69.1,56.8
329,349290,1990,11,6,53.8,63.7,46.6
330,349290,1990,12,3,35.6,42.1,31.1
331,349290,1990,12,4,38.5,42.6,29.5
332,349290,1990,4,11,51.5,63.0,38.1
333,349290,1990,3,31,43.2,57.7,27.7
334,349290,1990,7,17,71.0,80.2,62.8
335,349290,1990,10,22,51.3,70.7,43.3
336,349290,1990,10,10,60.0,67.5,55.6
337,349290,1990,10,23,41.2,44.6,37.4
338,349290,1990,9,28,57.9,61.5,54.1
339,349290,1990,1,3,31.2,34.2,29.8
340,349290,1990,9,14,57.5,66.4,50.9
341,349290,1990,1,4,21.9,29.7,11.5
342,349290,1990,12,26,21.4,25.0,18.0
343,349290,1990,9,13,58.5,61.9,53.4
344,349290,1990,6,24,73.3,84.9,62.6
345,349290,1990,1,21,34.1,38.1,28.4
346,349290,1990,5,7,56.2,65.8,48.9
347,349290,1990,8,4,68.9,77.9,63.9
348,349290,1990,3,1,44.1,58.1,34.5
349,349290,1990,1,5,7.1,15.1,3.4
350,349290,1990,1,8,19.5,29.8,7.0
351,349290,1990,1,19,42.8,49.3,39.6
352,349290,1990,2,19,32.7,37.0,31.1
353,349290,1990,4,27,55.2,59.2,49.1
354,349290,1990,4,28,52.6,61.2,46.9
355,349290,1990,6,20,68.5,80.6,58.3
356,349290,1990,6,22,73.1,85.1,65.7
357,349290,1990,7,21,79.8,93.2,70.5
358,349290,1990,9,26,65.6,75.4,56.3
359,349290,1990,11,14,44.9,48.9,40.8
360,349290,1990,11,15,42.0,55.2,32.2
361,349290,1990,12,8,35.4,38.1,32.4
362,349290,1990,12,24,30.0,37.2,24.8
363,349290,1990,4,14,49.6,57.9,43.5
364,349290,1990,11,29,54.3,59.9,50.0
0,349290,1991,12,13,18.0,27.7,7.2
1,349290,1991,11,14,39.7,42.8,33.4
2,349290,1991,12,17,37.5,46.4,30.2
3,349290,1991,11,18,38.5,48.9,31.8
4,349290,1991,12,22,32.4,46.2,25.7
5,349290,1991,8,31,70.8,80.1,59.7
6,349290,1991,5,21,60.1,68.2,52.5
7,349290,1991,11,7,44.9,62.2,32.9
8,349290,1991,11,29,42.7,47.3,39.2
9,349290,1991,12,18,32.3,34.9,30.0
10,349290,1991,12,24,35.2,50.4,27.0
11,349290,1991,11,4,36.0,41.0,28.2
12,349290,1991,9,26,62.1,76.5,50.7
13,349290,1991,2,18,36.5,43.7,29.8
14,349290,1991,4,1,41.3,46.8,34.9
15,349290,1991,5,11,48.9,59.9,43.2
16,349290,1991,7,1,80.0,93.0,68.7
17,349290,1991,1,28,11.2,17.6,7.0
18,349290,1991,2,12,19.0,32.5,4.5
19,349290,1991,3,27,47.0,57.2,38.5
20,349290,1991,5,26,67.0,80.6,54.7
21,349290,1991,7,8,71.9,85.8,60.6
22,349290,1991,9,5,65.3,78.4,49.6
23,349290,1991,7,25,73.1,84.0,59.0
24,349290,1991,2,20,27.7,33.4,24.4
25,349290,1991,3,16,42.1,50.7,34.5
26,349290,1991,3,17,45.4,55.6,36.3
27,349290,1991,7,13,71.0,81.7,62.8
28,349290,1991,7,22,81.3,92.7,70.5
29,349290,1991,8,22,71.7,82.0,63.1
30,349290,1991,10,12,59.5,71.2,50.7
31,349290,1991,10,2,65.7,83.8,53.2
32,349290,1991,7,5,81.9,93.9,67.6
33,349290,1991,1,9,40.2,44.8,36.5
34,349290,1991,1,11,41.2,54.9,32.0
35,349290,1991,1,18,23.7,34.5,15.3
36,349290,1991,2,2,8.9,18.7,-4.5
37,349290,1991,2,9,1.2,13.5,-9.0
38,349290,1991,2,10,1.1,14.4,-12.3
39,349290,1991,2,23,34.1,44.1,26.6
40,349290,1991,3,3,35.3,41.7,28.8
41,349290,1991,3,8,32.1,37.0,27.9
42,349290,1991,3,9,32.7,41.2,27.5
43,349290,1991,3,23,51.1,62.6,43.0
44,349290,1991,4,28,59.0,71.8,44.2
45,349290,1991,5,5,62.7,74.1,50.5
46,349290,1991,5,7,60.8,69.1,53.6
47,349290,1991,5,13,56.3,69.3,41.5
48,349290,1991,5,15,61.8,72.3,49.3
49,349290,1991,5,25,63.9,75.7,56.8
50,349290,1991,5,29,63.6,84.2,45.0
51,349290,1991,6,3,63.2,72.7,51.1
52,349290,1991,6,4,62.8,73.6,48.9
53,349290,1991,6,6,65.8,76.1,51.8
54,349290,1991,6,8,67.1,78.3,52.2
55,349290,1991,6,12,73.6,85.3,58.6
56,349290,1991,6,14,69.9,78.6,61.7
57,349290,1991,6,21,79.4,88.3,70.7
58,349290,1991,6,28,74.2,82.6,66.7
59,349290,1991,7,30,86.4,99.7,73.4
60,349290,1991,8,2,78.3,89.6,66.6
61,349290,1991,8,9,78.9,92.3,62.6
62,349290,1991,8,10,78.6,94.1,63.1
63,349290,1991,8,12,73.6,86.0,61.5
64,349290,1991,8,16,73.5,85.3,59.0
65,349290,1991,9,17,64.5,81.9,51.8
66,349290,1991,9,18,68.0,80.6,56.3
67,349290,1991,9,24,55.9,69.1,43.3
68,349290,1991,10,5,63.2,77.5,49.3
69,349290,1991,10,7,67.6,78.1,58.5
70,349290,1991,11,5,43.6,48.4,38.5
71,349290,1991,2,5,5.6,19.4,-3.6
72,349290,1991,9,12,65.3,77.9,52.9
73,349290,1991,2,3,12.9,20.1,4.1
74,349290,1991,2,24,35.2,47.7,27.5
75,349290,1991,4,7,52.3,63.3,38.7
76,349290,1991,4,11,50.5,56.8,45.7
77,349290,1991,6,29,75.4,85.1,65.1
78,349290,1991,10,6,67.6,81.5,51.8
79,349290,1991,1,31,21.1,30.2,16.2
80,349290,1991,8,27,67.0,79.5,54.0
81,349290,1991,12,29,23.1,24.6,21.9
82,349290,1991,12,16,32.2,37.4,28.8
83,349290,1991,11,1,32.9,37.4,29.8
84,349290,1991,1,10,35.2,40.8,30.6
85,349290,1991,1,16,20.9,27.3,15.4
86,349290,1991,1,29,14.4,21.7,4.3
87,349290,1991,2,4,10.3,16.7,5.7
88,349290,1991,10,9,61.6,76.3,47.3
89,349290,1991,1,23,26.2,29.1,21.9
90,349290,1991,12,5,42.1,46.8,32.2
91,349290,1991,12,7,36.0,37.8,33.3
92,349290,1991,1,12,47.2,52.5,40.1
93,349290,1991,4,10,49.7,53.4,45.9
94,349290,1991,10,18,59.9,64.4,54.5
95,349290,1991,10,27,43.6,50.4,35.6
96,349290,1991,9,6,67.9,78.6,61.2
97,349290,1991,1,2,38.1,43.7,32.9
98,349290,1991,1,26,27.9,38.3,6.8
99,349290,1991,2,27,34.2,36.9,32.2
100,349290,1991,3,15,39.5,46.0,30.0
101,349290,1991,4,4,46.4,50.5,43.5
102,349290,1991,5,2,54.2,59.0,51.6
103,349290,1991,5,6,63.9,75.2,54.3
104,349290,1991,6,22,74.8,88.2,66.6
105,349290,1991,6,24,76.1,85.5,69.1
106,349290,1991,8,1,76.3,86.0,68.5
107,349290,1991,8,19,72.1,86.2,66.0
108,349290,1991,8,23,72.3,83.1,58.8
109,349290,1991,3,5,31.5,33.6,28.6
110,349290,1991,6,10,66.4,70.5,62.8
111,349290,1991,11,24,49.8,52.0,48.0
112,349290,1991,12,9,36.1,39.9,32.7
113,349290,1991,12,15,36.7,40.1,32.2
114,349290,1991,10,24,49.7,54.7,43.2
115,349290,1991,4,21,59.9,66.0,51.6
116,349290,1991,7,14,68.9,80.2,60.1
117,349290,1991,7,7,68.0,70.5,64.6
118,349290,1991,2,28,35.8,43.5,32.4
119,349290,1991,3,14,36.0,39.2,32.0
120,349290,1991,5,3,56.9,65.3,52.5
121,349290,1991,9,22,61.7,67.8,58.5
122,349290,1991,11,28,36.4,41.9,27.7
123,349290,1991,12,25,37.5,46.9,31.5
124,349290,1991,11,20,44.9,53.6,39.7
125,349290,1991,9,4,65.1,75.7,55.0
126,349290,1991,12,8,37.3,39.9,34.0
127,349290,1991,11,19,41.8,46.2,37.4
128,349290,1991,12,4,29.9,37.0,23.4
129,349290,1991,11,16,43.3,54.7,35.8
130,349290,1991,10,31,37.5,45.3,30.9
131,349290,1991,11,11,50.5,60.8,41.0
132,349290,1991,12,14,34.5,39.2,27.0
133,349290,1991,12,19,30.0,35.1,27.5
134,349290,1991,12,21,31.6,37.4,26.2
135,349290,1991,3,4,32.6,34.2,30.7
136,349290,1991,8,6,73.6,88.7,64.4
137,349290,1991,8,26,65.5,81.0,52.7
138,349290,1991,8,29,65.3,73.6,60.4
139,349290,1991,1,21,27.6,35.4,19.9
140,349290,1991,3,20,45.4,50.7,40.3
141,349290,1991,3,28,47.0,51.6,43.3
142,349290,1991,4,9,52.0,57.6,46.9
143,349290,1991,4,24,52.5,62.2,43.5
144,349290,1991,4,30,69.2,79.2,56.7
145,349290,1991,10,29,42.7,47.3,32.5
146,349290,1991,2,22,29.9,41.0,19.4
147,349290,1991,8,8,76.3,88.5,63.0
148,349290,1991,10,14,57.0,71.8,46.2
149,349290,1991,2,13,16.5,29.8,3.9
150,349290,1991,3,25,50.9,67.8,36.7
151,349290,1991,6,16,73.9,86.4,61.7
152,349290,1991,8,7,75.5,86.4,63.1
153,349290,1991,8,13,75.4,88.3,60.4
154,349290,1991,9,28,64.2,78.3,51.8
155,349290,1991,9,29,63.6,79.3,53.6
156,349290,1991,10,15,60.4,75.9,47.7
157,349290,1991,3,18,43.1,45.1,40.3
158,349290,1991,5,31,60.6,69.3,53.8
159,349290,1991,6,27,71.8,79.5,64.8
160,349290,1991,1,4,38.7,43.5,32.7
161,349290,1991,1,7,40.2,43.9,36.3
162,349290,1991,1,17,18.6,30.9,11.1
163,349290,1991,1,20,23.2,32.9,14.9
164,349290,1991,1,24,30.8,34.9,26.6
165,349290,1991,2,6,3.8,15.3,-7.6
166,349290,1991,2,15,38.5,46.4,34.2
167,349290,1991,2,26,33.5,36.0,31.1
168,349290,1991,3,7,30.5,36.0,24.1
169,349290,1991,3,12,36.1,50.7,25.5
170,349290,1991,3,19,43.3,48.9,39.7
171,349290,1991,3,22,44.5,48.2,42.1
172,349290,1991,3,24,49.2,63.9,36.3
173,349290,1991,4,2,44.7,48.7,40.6
174,349290,1991,4,3,46.6,49.6,44.1
175,349290,1991,4,5,46.0,52.2,42.4
176,349290,1991,4,6,48.7,58.6,42.3
177,349290,1991,4,12,51.8,60.8,43.9
178,349290,1991,4,20,59.2,71.6,47.3
179,349290,1991,4,25,51.5,54.3,46.4
180,349290,1991,4,29,62.1,73.4,51.1
181,349290,1991,5,10,57.2,62.1,54.3
182,349290,1991,5,12,52.1,63.9,37.8
183,349290,1991,5,23,54.7,65.5,49.5
184,349290,1991,6,17,77.0,88.5,63.5
185,349290,1991,6,19,78.8,88.0,66.2
186,349290,1991,6,20,78.9,88.7,67.3
187,349290,1991,6,23,76.3,87.4,66.7
188,349290,1991,7,3,83.0,91.8,72.7
189,349290,1991,7,4,80.3,91.8,72.3
190,349290,1991,7,15,68.4,79.7,51.6
191,349290,1991,7,16,73.2,84.6,57.0
192,349290,1991,7,18,76.4,88.7,61.3
193,349290,1991,7,21,80.4,91.8,67.5
194,349290,1991,8,3,82.7,95.4,72.0
195,349290,1991,8,21,72.8,84.4,62.4
196,349290,1991,9,10,54.9,68.0,39.6
197,349290,1991,9,16,63.7,77.0,53.1
198,349290,1991,10,3,66.2,82.9,53.8
199,349290,1991,10,10,57.4,68.5,48.7
200,349290,1991,10,13,58.2,73.4,45.1
201,349290,1991,10,21,62.6,81.7,48.4
202,349290,1991,10,25,45.2,49.5,39.7
203,349290,1991,10,17,62.2,75.9,46.2
204,349290,1991,6,11,71.8,82.4,62.6
205,349290,1991,4,18,53.8,62.4,48.0
206,349290,1991,6,25,73.3,81.7,68.9
207,349290,1991,7,31,81.5,92.1,72.3
208,349290,1991,9,11,58.5,76.3,44.1
209,349290,1991,12,2,33.5,38.1,31.6
210,349290,1991,11,13,38.6,43.0,32.4
211,349290,1991,12,23,33.8,40.1,28.4
212,349290,1991,7,11,71.8,86.9,61.9
213,349290,1991,12,3,32.1,37.0,28.0
214,349290,1991,11,27,33.3,44.6,27.0
215,349290,1991,12,12,16.0,21.2,5.0
216,349290,1991,12,20,31.3,42.1,23.5
217,349290,1991,11,9,48.9,59.5,44.1
218,349290,1991,11,10,50.8,64.6,45.7
219,349290,1991,11,8,50.5,64.8,42.4
220,349290,1991,11,15,40.9,54.1,33.1
221,349290,1991,11,22,40.0,48.6,33.8
222,349290,1991,11,23,45.6,62.4,36.1
223,349290,1991,11,30,44.5,46.0,40.5
224,349290,1991,5,19,61.8,79.2,52.5
225,349290,1991,9,2,63.9,68.2,57.4
226,349290,1991,8,4,79.9,93.9,72.0
227,349290,1991,5,14,60.0,73.0,48.2
228,349290,1991,5,17,57.1,62.1,53.8
229,349290,1991,9,8,54.1,63.9,44.6
230,349290,1991,11,2,28.9,31.3,27.1
231,349290,1991,7,12,71.7,84.7,63.7
232,349290,1991,1,19,23.2,34.7,13.8
233,349290,1991,2,7,20.1,25.5,4.3
234,349290,1991,3,11,33.3,47.3,25.5
235,349290,1991,3,30,43.4,46.8,36.9
236,349290,1991,6,9,70.0,82.9,56.7
237,349290,1991,6,13,69.5,82.2,61.5
238,349290,1991,9,21,64.3,70.3,59.0
239,349290,1991,11,26,35.9,43.0,31.5
240,349290,1991,4,14,52.4,66.6,36.7
241,349290,1991,5,18,63.8,74.3,53.2
242,349290,1991,7,2,83.3,95.0,73.0
243,349290,1991,7,28,81.9,93.2,68.9
244,349290,1991,10,22,63.5,80.2,50.0
245,349290,1991,2,11,2.9,17.6,-11.6
246,349290,1991,2,21,28.3,38.1,20.7
247,349290,1991,3,13,38.5,48.4,27.1
248,349290,1991,4,15,56.3,71.2,38.7
249,349290,1991,7,23,81.0,93.0,67.8
250,349290,1991,9,13,66.6,77.5,57.2
251,349290,1991,10,1,68.7,82.2,55.0
252,349290,1991,6,26,72.1,80.2,66.2
253,349290,1991,8,20,74.3,86.5,65.5
254,349290,1991,1,3,36.9,45.0,32.5
255,349290,1991,1,5,37.6,45.9,29.3
256,349290,1991,1,15,25.2,31.3,19.4
257,349290,1991,1,30,22.0,24.8,19.0
258,349290,1991,2,14,29.7,42.8,13.6
259,349290,1991,2,25,34.9,41.2,28.8
260,349290,1991,3,1,34.3,41.4,30.9
261,349290,1991,3,26,50.2,65.3,39.9
262,349290,1991,4,8,56.6,69.8,39.9
263,349290,1991,4,16,55.6,61.0,50.5
264,349290,1991,4,19,59.3,79.5,38.7
265,349290,1991,4,22,60.0,73.2,47.7
266,349290,1991,4,27,55.0,64.8,47.7
267,349290,1991,5,4,59.7,70.7,46.0
268,349290,1991,5,20,62.0,71.1,50.9
269,349290,1991,6,5,64.6,76.1,50.5
270,349290,1991,6,7,66.9,80.6,55.6
271,349290,1991,6,15,70.7,81.1,61.7
272,349290,1991,6,18,78.6,89.1,66.7
273,349290,1991,7,10,72.0,85.1,61.3
274,349290,1991,7,17,77.0,90.0,65.5
275,349290,1991,7,27,80.1,93.9,64.9
276,349290,1991,7,29,86.1,101.1,70.2
277,349290,1991,8,15,71.2,84.7,58.8
278,349290,1991,8,25,66.0,79.7,56.1
279,349290,1991,9,19,66.0,75.6,55.2
280,349290,1991,9,25,60.1,74.1,45.5
281,349290,1991,9,30,64.6,76.8,54.3
282,349290,1991,10,8,64.9,77.2,56.5
283,349290,1991,10,16,60.0,74.3,48.7
284,349290,1991,11,3,33.6,42.4,26.4
285,349290,1991,10,11,57.3,68.9,47.5
286,349290,1991,9,9,52.7,66.4,42.4
287,349290,1991,2,1,2.5,11.8,-6.9
288,349290,1991,3,6,31.3,35.8,28.8
289,349290,1991,4,26,52.6,59.0,47.1
290,349290,1991,5,24,61.9,72.0,51.3
291,349290,1991,6,30,78.2,89.4,67.1
292,349290,1991,7,9,71.3,83.8,60.4
293,349290,1991,8,14,73.4,87.3,63.9
294,349290,1991,9,15,61.2,73.9,47.3
295,349290,1991,10,26,48.3,53.6,45.7
296,349290,1991,12,28,25.6,28.6,24.3
297,349290,1991,12,26,34.6,37.2,34.0
298,349290,1991,12,1,38.0,40.5,35.6
299,349290,1991,12,30,22.9,28.9,20.8
300,349290,1991,11,25,41.0,48.2,35.4
301,349290,1991,3,21,47.1,52.2,40.3
302,349290,1991,8,5,69.7,75.2,66.2
303,349290,1991,11,6,46.7,56.8,41.5
304,349290,1991,11,17,38.3,50.0,32.2
305,349290,1991,12,10,25.3,27.3,22.8
306,349290,1991,12,11,16.4,21.0,8.6
307,349290,1991,12,27,29.0,30.7,27.5
308,349290,1991,12,31,28.3,32.2,27.0
309,349290,1991,9,14,61.6,74.5,53.6
310,349290,1991,3,10,33.7,44.6,26.2
311,349290,1991,5,30,57.5,63.0,55.0
312,349290,1991,5,27,59.3,62.4,54.5
313,349290,1991,7,6,78.5,91.4,71.2
314,349290,1991,8,17,74.2,81.7,63.5
315,349290,1991,10,20,61.2,75.9,51.3
316,349290,1991,11,21,46.0,58.3,40.5
317,349290,1991,1,25,26.0,32.7,8.6
318,349290,1991,4,17,52.9,61.2,47.5
319,349290,1991,7,20,80.5,90.3,72.3
320,349290,1991,7,24,73.5,82.4,64.4
321,349290,1991,10,4,64.6,77.5,55.9
322,349290,1991,8,30,68.4,78.1,60.6
323,349290,1991,9,7,59.8,66.4,47.1
324,349290,1991,1,6,42.4,48.6,37.2
325,349290,1991,1,8,42.9,47.7,38.5
326,349290,1991,1,27,28.8,34.2,18.3
327,349290,1991,2,16,43.7,52.2,34.9
328,349290,1991,2,19,35.1,41.0,27.1
329,349290,1991,3,31,41.8,46.2,36.3
330,349290,1991,4,13,51.6,58.3,44.8
331,349290,1991,5,22,55.8,59.7,51.3
332,349290,1991,7,26,76.9,90.3,60.8
333,349290,1991,8,11,75.8,90.5,64.9
334,349290,1991,10,23,58.0,64.0,53.1
335,349290,1991,10,28,41.0,50.2,34.3
336,349290,1991,8,18,73.9,81.1,62.4
337,349290,1991,11,12,41.7,49.5,33.8
338,349290,1991,12,6,36.2,39.0,35.1
339,349290,1991,1,22,27.6,33.4,21.7
340,349290,1991,5,8,65.1,79.0,52.3
341,349290,1991,10,19,63.1,73.0,55.6
342,349290,1991,7,19,78.6,92.3,64.8
343,349290,1991,5,1,56.4,59.7,54.1
344,349290,1991,5,16,56.5,75.4,54.1
345,349290,1991,9,1,66.7,75.7,61.5
346,349290,1991,8,28,69.9,86.5,41.7
347,349290,1991,2,8,13.5,24.3,0.0
348,349290,1991,4,23,50.8,53.8,47.1
349,349290,1991,9,27,63.4,77.0,50.4
350,349290,1991,3,29,45.0,50.4,42.3
351,349290,1991,5,9,61.4,68.7,55.6
352,349290,1991,1,1,36.5,38.1,34.5
353,349290,1991,1,13,45.6,56.8,38.7
354,349290,1991,1,14,37.0,42.8,25.9
355,349290,1991,2,17,38.2,45.9,34.3
356,349290,1991,3,2,34.6,39.6,30.6
357,349290,1991,5,28,57.3,64.2,47.8
358,349290,1991,6,1,60.5,68.4,54.3
359,349290,1991,6,2,58.2,66.4,53.2
360,349290,1991,8,24,66.4,77.4,59.2
361,349290,1991,9,3,60.0,63.7,56.8
362,349290,1991,9,20,62.0,68.4,59.4
363,349290,1991,9,23,58.7,68.4,47.7
364,349290,1991,10,30,39.7,43.3,31.6
0,349290,1992,2,10,25.6,28.6,12.2
1,349290,1992,1,24,24.4,30.4,18.5
2,349290,1992,2,6,31.5,34.7,28.0
3,349290,1992,3,12,38.9,53.8,26.1
4,349290,1992,2,20,29.1,36.3,21.6
5,349290,1992,3,27,51.6,69.6,37.0
6,349290,1992,3,28,52.0,75.0,38.5
7,349290,1992,5,27,64.9,75.2,49.5
8,349290,1992,8,5,78.5,87.3,66.6
9,349290,1992,5,5,61.4,73.8,44.6
10,349290,1992,2,3,27.6,33.1,24.6
11,349290,1992,1,5,45.3,48.9,40.8
12,349290,1992,1,15,26.2,36.3,15.4
13,349290,1992,2,16,42.2,51.6,37.4
14,349290,1992,3,19,46.7,62.1,35.4
15,349290,1992,7,11,64.6,78.4,52.0
16,349290,1992,8,10,73.3,86.5,62.2
17,349290,1992,8,14,78.7,89.6,66.2
18,349290,1992,8,28,74.2,86.4,60.1
19,349290,1992,11,4,46.0,63.9,37.6
20,349290,1992,11,26,27.7,31.5,22.8
21,349290,1992,12,23,21.9,31.8,14.4
22,349290,1992,4,8,57.9,63.7,51.4
23,349290,1992,10,30,60.1,75.6,46.2
24,349290,1992,12,5,24.6,36.5,5.4
25,349290,1992,3,18,45.7,61.3,34.7
26,349290,1992,3,9,32.7,38.5,27.3
27,349290,1992,4,2,46.3,58.6,34.5
28,349290,1992,5,12,65.8,79.9,48.9
29,349290,1992,7,13,74.3,84.7,59.2
30,349290,1992,8,1,68.1,81.1,55.4
31,349290,1992,12,3,21.8,34.0,13.1
32,349290,1992,2,26,27.9,32.7,23.7
33,349290,1992,4,28,47.2,54.3,38.5
34,349290,1992,8,17,78.7,87.3,70.0
35,349290,1992,1,25,29.6,33.1,18.9
36,349290,1992,2,22,26.2,31.3,20.8
37,349290,1992,4,7,58.9,78.3,37.6
38,349290,1992,5,7,60.6,74.1,42.8
39,349290,1992,6,1,65.9,74.3,58.3
40,349290,1992,7,4,72.0,82.4,61.9
41,349290,1992,7,5,71.6,84.0,56.7
42,349290,1992,7,20,70.9,79.5,58.6
43,349290,1992,7,29,71.5,80.8,62.4
44,349290,1992,8,3,70.2,83.5,57.6
45,349290,1992,8,4,75.8,88.3,60.3
46,349290,1992,8,8,76.2,89.8,59.7
47,349290,1992,8,13,79.0,93.2,64.9
48,349290,1992,8,20,72.2,85.5,54.9
49,349290,1992,8,27,72.4,86.2,56.8
50,349290,1992,9,4,68.6,83.1,51.8
51,349290,1992,9,7,69.2,80.6,62.2
52,349290,1992,9,12,59.8,70.3,48.2
53,349290,1992,9,13,57.8,71.8,43.2
54,349290,1992,10,5,52.5,62.4,43.7
55,349290,1992,10,6,49.5,62.4,35.6
56,349290,1992,10,29,52.1,68.4,37.0
57,349290,1992,11,11,35.1,45.3,26.4
58,349290,1992,11,13,42.9,58.3,31.3
59,349290,1992,11,17,43.3,54.9,32.5
60,349290,1992,11,19,46.4,55.9,35.6
61,349290,1992,12,2,17.0,25.7,5.4
62,349290,1992,12,25,26.3,30.2,22.6
63,349290,1992,12,31,23.0,34.9,14.4
64,349290,1992,10,7,54.9,70.0,37.8
65,349290,1992,7,14,77.2,87.1,64.4
66,349290,1992,5,4,59.5,73.0,39.7
67,349290,1992,10,3,54.0,65.1,40.1
68,349290,1992,2,19,32.3,39.6,26.2
69,349290,1992,6,5,62.5,69.1,55.9
70,349290,1992,2,1,26.9,29.8,24.1
71,349290,1992,5,16,54.5,61.5,47.7
72,349290,1992,1,1,25.3,28.4,22.1
73,349290,1992,1,6,36.4,40.8,29.3
74,349290,1992,2,15,30.4,42.8,10.9
75,349290,1992,12,17,32.5,33.3,31.6
76,349290,1992,3,15,46.5,58.6,34.0
77,349290,1992,5,6,59.9,72.7,44.6
78,349290,1992,12,18,31.0,32.7,29.1
79,349290,1992,6,12,71.8,83.5,59.4
80,349290,1992,10,2,58.0,66.4,50.0
81,349290,1992,12,14,41.5,45.7,37.2
82,349290,1992,12,20,27.6,30.6,24.3
83,349290,1992,8,11,64.5,88.0,36.0
84,349290,1992,11,25,33.1,39.7,24.1
85,349290,1992,3,10,37.6,51.3,31.1
86,349290,1992,2,17,42.0,49.1,37.4
87,349290,1992,10,16,43.5,48.7,33.3
88,349290,1992,3,7,33.0,37.0,28.6
89,349290,1992,5,9,57.9,61.5,53.2
90,349290,1992,1,4,40.8,45.7,33.8
91,349290,1992,1,29,31.3,37.0,24.6
92,349290,1992,9,8,62.7,68.7,59.4
93,349290,1992,4,4,54.4,75.0,46.9
94,349290,1992,5,15,58.5,68.9,46.8
95,349290,1992,6,15,69.7,74.5,66.6
96,349290,1992,6,22,70.0,76.6,64.0
97,349290,1992,3,30,49.6,57.2,43.5
98,349290,1992,4,13,39.2,42.1,34.3
99,349290,1992,5,29,65.3,73.2,57.7
100,349290,1992,5,30,67.5,74.5,62.4
101,349290,1992,7,23,70.7,78.3,59.5
102,349290,1992,7,25,71.1,80.6,62.1
103,349290,1992,9,19,59.5,66.7,56.5
104,349290,1992,10,11,57.1,60.8,51.8
105,349290,1992,10,27,53.7,59.7,33.4
106,349290,1992,11,22,35.5,39.9,30.6
107,349290,1992,11,24,33.0,37.2,27.1
108,349290,1992,12,11,32.9,34.0,32.0
109,349290,1992,12,13,39.8,47.8,31.3
110,349290,1992,12,15,37.7,39.9,34.3
111,349290,1992,7,2,62.6,72.5,58.3
112,349290,1992,3,4,40.6,45.0,35.8
113,349290,1992,2,7,30.5,33.3,26.8
114,349290,1992,5,26,56.5,62.2,53.8
115,349290,1992,1,19,26.7,32.2,21.9
116,349290,1992,2,13,33.7,34.9,31.8
117,349290,1992,3,3,39.6,45.9,35.1
118,349290,1992,3,5,36.8,40.3,34.0
119,349290,1992,4,20,58.6,71.6,50.0
120,349290,1992,12,10,35.1,36.7,33.8
121,349290,1992,11,6,43.7,47.7,39.7
122,349290,1992,2,5,29.5,39.9,16.3
123,349290,1992,10,8,65.7,73.4,54.3
124,349290,1992,3,31,44.0,46.6,39.7
125,349290,1992,9,20,60.9,70.2,54.1
126,349290,1992,12,12,33.4,35.4,31.8
127,349290,1992,6,29,60.4,66.2,58.6
128,349290,1992,3,21,45.0,51.4,36.1
129,349290,1992,9,27,54.8,64.8,38.5
130,349290,1992,1,10,38.0,52.2,33.1
131,349290,1992,2,12,34.8,39.9,31.3
132,349290,1992,2,21,26.5,30.9,23.4
133,349290,1992,12,9,35.6,36.5,33.3
134,349290,1992,1,9,41.5,50.0,38.1
135,349290,1992,2,4,28.0,37.8,23.7
136,349290,1992,3,20,45.2,59.4,35.6
137,349290,1992,12,1,19.9,27.1,11.5
138,349290,1992,1,21,17.3,20.1,12.4
139,349290,1992,2,29,33.3,38.5,29.7
140,349290,1992,1,8,35.2,43.5,24.1
141,349290,1992,1,20,31.0,36.9,25.7
142,349290,1992,4,30,49.7,60.3,38.5
143,349290,1992,4,25,45.2,51.1,41.9
144,349290,1992,2,25,26.6,30.4,22.3
145,349290,1992,10,13,47.3,51.4,39.6
146,349290,1992,3,8,31.8,39.2,25.7
147,349290,1992,2,2,26.6,30.9,22.8
148,349290,1992,1,3,31.6,36.3,17.4
149,349290,1992,4,1,47.3,57.4,31.8
150,349290,1992,8,21,75.2,86.5,59.9
151,349290,1992,9,30,59.7,74.7,40.6
152,349290,1992,1,22,22.8,28.4,12.2
153,349290,1992,8,18,76.4,83.3,67.5
154,349290,1992,7,12,71.0,81.7,54.7
155,349290,1992,3,13,40.0,46.9,31.5
156,349290,1992,5,10,57.5,67.1,51.3
157,349290,1992,6,18,69.0,78.8,61.2
158,349290,1992,1,17,37.7,40.3,33.1
159,349290,1992,3,11,37.1,51.3,26.6
160,349290,1992,3,24,46.8,52.5,41.0
161,349290,1992,4,14,45.0,50.7,40.3
162,349290,1992,7,30,75.7,85.1,62.2
163,349290,1992,11,5,49.5,68.0,34.9
164,349290,1992,4,17,52.9,64.2,35.8
165,349290,1992,9,28,52.1,66.4,37.0
166,349290,1992,2,23,24.8,29.8,19.2
167,349290,1992,1,23,29.6,36.0,26.1
168,349290,1992,2,18,44.8,52.5,38.5
169,349290,1992,1,26,19.1,27.7,12.7
170,349290,1992,1,31,26.0,34.5,19.6
171,349290,1992,3,2,36.8,41.5,33.3
172,349290,1992,3,14,42.2,50.2,36.1
173,349290,1992,5,18,57.0,65.5,46.2
174,349290,1992,2,27,31.4,37.9,23.9
175,349290,1992,3,16,48.8,59.9,41.0
176,349290,1992,1,12,35.0,41.7,25.5
177,349290,1992,1,13,36.2,41.4,23.4
178,349290,1992,1,16,34.5,38.5,31.6
179,349290,1992,3,6,36.4,42.1,33.3
180,349290,1992,3,17,49.0,66.2,33.6
181,349290,1992,3,23,43.9,48.7,40.6
182,349290,1992,3,25,45.4,59.9,32.0
183,349290,1992,6,17,71.7,82.4,63.9
184,349290,1992,6,30,66.0,76.5,59.0
185,349290,1992,7,1,68.9,78.8,57.4
186,349290,1992,11,27,44.8,49.1,26.6
187,349290,1992,8,31,70.9,83.5,57.9
188,349290,1992,1,18,31.8,35.2,28.6
189,349290,1992,3,22,42.6,52.0,34.0
190,349290,1992,2,9,22.6,27.5,16.2
191,349290,1992,1,11,34.7,45.0,27.3
192,349290,1992,2,14,29.0,31.6,27.5
193,349290,1992,8,12,76.3,89.6,61.9
194,349290,1992,1,30,32.4,36.9,28.4
195,349290,1992,7,6,72.1,82.9,61.3
196,349290,1992,10,20,49.5,57.6,42.4
197,349290,1992,1,2,22.8,28.4,20.1
198,349290,1992,1,14,24.8,34.5,20.5
199,349290,1992,1,28,29.4,33.6,27.7
200,349290,1992,2,8,27.6,31.3,26.1
201,349290,1992,8,23,71.2,83.5,54.9
202,349290,1992,5,14,63.6,75.9,51.8
203,349290,1992,4,26,44.8,50.0,37.4
204,349290,1992,6,25,77.5,87.4,65.5
205,349290,1992,2,24,26.6,32.4,22.6
206,349290,1992,6,7,65.0,75.0,54.5
207,349290,1992,6,13,75.0,86.0,58.3
208,349290,1992,6,19,73.1,82.2,59.0
209,349290,1992,8,16,78.6,91.4,65.3
210,349290,1992,8,24,72.1,82.2,62.1
211,349290,1992,2,28,33.6,40.5,27.7
212,349290,1992,5,24,55.4,57.6,54.1
213,349290,1992,6,10,73.0,84.0,62.2
214,349290,1992,7,31,67.2,75.0,64.0
215,349290,1992,10,9,51.0,58.5,42.4
216,349290,1992,5,17,53.1,56.5,47.7
217,349290,1992,3,26,49.6,66.2,30.6
218,349290,1992,4,11,46.5,50.9,43.5
219,349290,1992,4,27,46.2,52.2,37.8
220,349290,1992,5,21,56.8,68.4,40.6
221,349290,1992,5,22,60.3,67.6,53.8
222,349290,1992,5,23,56.8,65.3,51.4
223,349290,1992,6,24,75.8,87.1,61.5
224,349290,1992,6,26,76.2,89.4,64.6
225,349290,1992,7,3,68.9,77.0,61.5
226,349290,1992,7,7,74.3,87.1,58.6
227,349290,1992,7,17,68.2,76.6,57.9
228,349290,1992,7,21,70.4,81.3,64.0
229,349290,1992,7,28,73.3,84.9,60.4
230,349290,1992,8,6,75.0,86.7,59.4
231,349290,1992,8,22,70.1,84.2,53.8
232,349290,1992,8,29,71.8,83.8,59.0
233,349290,1992,8,30,73.4,84.7,59.4
234,349290,1992,9,1,74.3,89.2,59.4
235,349290,1992,9,5,74.5,89.1,60.4
236,349290,1992,9,6,73.5,87.8,62.1
237,349290,1992,9,9,64.0,74.8,49.3
238,349290,1992,9,11,63.4,74.1,51.6
239,349290,1992,9,14,60.8,73.9,47.3
240,349290,1992,9,15,62.7,77.2,47.1
241,349290,1992,9,25,50.8,56.1,42.3
242,349290,1992,10,1,60.2,79.5,43.3
243,349290,1992,10,10,49.6,60.4,37.4
244,349290,1992,10,12,62.1,70.5,53.8
245,349290,1992,10,15,39.2,51.8,24.8
246,349290,1992,10,18,59.4,74.8,44.1
247,349290,1992,10,19,61.8,78.8,50.4
248,349290,1992,10,22,54.9,71.2,39.2
249,349290,1992,10,31,63.0,71.6,55.8
250,349290,1992,11,2,39.7,41.2,38.3
251,349290,1992,11,8,49.0,53.6,34.0
252,349290,1992,11,10,34.2,47.7,29.8
253,349290,1992,11,18,46.8,65.3,32.9
254,349290,1992,11,20,54.4,61.7,46.4
255,349290,1992,12,4,27.0,38.1,18.5
256,349290,1992,12,21,27.0,31.3,21.7
257,349290,1992,12,29,20.7,27.9,14.7
258,349290,1992,12,30,29.9,31.3,18.1
259,349290,1992,4,18,55.4,67.1,38.8
260,349290,1992,7,8,75.3,84.2,60.8
261,349290,1992,4,29,46.2,58.6,32.7
262,349290,1992,6,6,63.7,72.0,48.6
263,349290,1992,6,9,69.1,78.4,59.4
264,349290,1992,6,14,75.7,86.7,62.4
265,349290,1992,6,23,71.9,80.8,63.3
266,349290,1992,7,10,62.7,73.9,48.2
267,349290,1992,7,15,74.7,87.1,65.5
268,349290,1992,8,7,74.7,87.1,60.8
269,349290,1992,10,21,46.0,59.9,31.8
270,349290,1992,3,1,35.7,41.0,31.3
271,349290,1992,4,5,52.0,62.1,38.7
272,349290,1992,5,19,60.2,70.5,53.6
273,349290,1992,6,4,63.6,73.9,53.6
274,349290,1992,6,20,72.9,81.9,62.8
275,349290,1992,4,23,46.7,54.9,37.0
276,349290,1992,5,25,54.0,63.1,48.2
277,349290,1992,5,28,69.4,80.6,62.6
278,349290,1992,6,21,70.8,82.4,59.5
279,349290,1992,11,28,40.2,43.5,37.0
280,349290,1992,2,11,32.2,36.3,25.2
281,349290,1992,3,29,55.8,64.4,49.6
282,349290,1992,4,10,49.8,60.8,35.1
283,349290,1992,4,16,48.2,60.4,34.5
284,349290,1992,4,19,55.0,70.0,37.2
285,349290,1992,4,24,52.8,62.2,42.3
286,349290,1992,5,1,52.6,63.0,42.1
287,349290,1992,5,2,55.3,66.2,44.2
288,349290,1992,5,3,55.7,68.5,40.3
289,349290,1992,5,13,66.5,80.2,49.1
290,349290,1992,6,11,68.5,78.8,61.7
291,349290,1992,7,18,68.1,77.4,60.8
292,349290,1992,7,19,71.2,81.3,63.0
293,349290,1992,7,22,70.5,82.2,63.9
294,349290,1992,7,24,70.5,75.7,65.3
295,349290,1992,7,26,70.7,77.0,63.7
296,349290,1992,7,27,72.8,80.8,63.0
297,349290,1992,8,2,70.6,80.6,55.4
298,349290,1992,8,9,76.3,89.1,60.4
299,349290,1992,8,19,73.9,83.7,64.4
300,349290,1992,8,25,68.4,82.6,60.1
301,349290,1992,9,2,76.2,88.5,62.8
302,349290,1992,9,21,59.7,69.8,48.0
303,349290,1992,9,23,56.7,65.1,48.6
304,349290,1992,9,24,54.8,66.7,45.3
305,349290,1992,9,26,53.1,59.7,48.9
306,349290,1992,9,29,55.2,70.2,41.0
307,349290,1992,10,4,53.9,66.7,41.5
308,349290,1992,10,25,49.2,60.4,36.7
309,349290,1992,10,26,51.1,59.0,47.5
310,349290,1992,11,3,43.9,54.5,35.1
311,349290,1992,11,12,38.2,48.6,29.3
312,349290,1992,11,14,50.0,52.5,43.5
313,349290,1992,11,16,41.6,49.1,34.9
314,349290,1992,11,23,38.0,42.3,33.8
315,349290,1992,12,6,29.9,39.6,20.5
316,349290,1992,12,8,32.9,38.5,25.2
317,349290,1992,12,24,24.4,30.7,18.1
318,349290,1992,12,27,19.8,23.5,16.3
319,349290,1992,12,28,25.2,28.6,21.9
320,349290,1992,8,26,70.2,81.5,61.2
321,349290,1992,1,7,30.3,35.6,26.4
322,349290,1992,4,21,49.2,53.6,45.9
323,349290,1992,4,3,55.5,71.6,40.6
324,349290,1992,6,2,62.6,69.4,54.7
325,349290,1992,6,28,64.9,74.3,62.6
326,349290,1992,7,16,72.3,81.0,64.2
327,349290,1992,9,22,58.6,68.7,50.9
328,349290,1992,10,17,54.0,65.5,42.8
329,349290,1992,10,23,57.2,64.6,49.5
330,349290,1992,10,24,48.7,59.0,43.5
331,349290,1992,11,15,47.5,55.0,40.1
332,349290,1992,11,21,50.8,63.0,39.9
333,349290,1992,11,29,37.5,41.7,34.3
334,349290,1992,11,30,37.7,42.8,29.8
335,349290,1992,12,22,34.1,40.5,26.8
336,349290,1992,4,12,38.0,42.3,35.6
337,349290,1992,6,27,69.6,81.3,65.1
338,349290,1992,10,14,36.2,42.8,28.9
339,349290,1992,12,26,22.1,24.4,20.3
340,349290,1992,4,9,55.0,61.2,46.4
341,349290,1992,4,22,43.9,51.8,38.3
342,349290,1992,5,31,61.9,67.5,58.8
343,349290,1992,9,3,67.7,75.0,61.9
344,349290,1992,9,17,60.6,65.7,56.8
345,349290,1992,10,28,49.4,59.7,45.0
346,349290,1992,11,7,39.6,46.8,34.0
347,349290,1992,12,16,35.4,37.4,34.0
348,349290,1992,12,19,31.0,33.3,27.7
349,349290,1992,8,15,78.5,89.6,64.2
350,349290,1992,9,10,62.7,75.2,54.5
351,349290,1992,9,16,65.1,78.1,52.5
352,349290,1992,5,11,65.3,75.7,51.1
353,349290,1992,6,3,62.5,69.8,53.6
354,349290,1992,6,8,63.9,76.3,54.0
355,349290,1992,4,6,51.4,74.1,35.6
356,349290,1992,6,16,72.8,81.9,62.4
357,349290,1992,1,27,24.2,28.9,13.6
358,349290,1992,5,20,55.4,62.6,50.7
359,349290,1992,11,9,42.1,50.9,36.1
360,349290,1992,7,9,65.4,72.3,58.5
361,349290,1992,9,18,64.1,75.6,54.0
362,349290,1992,5,8,56.5,60.8,48.4
363,349290,1992,11,1,64.7,75.9,52.0
364,349290,1992,12,7,34.9,41.4,27.0
0,349290,1993,2,16,13.2,20.3,6.4
1,349290,1993,2,9,22.3,31.6,12.9
2,349290,1993,1,9,23.0,27.7,18.0
3,349290,1993,2,10,30.3,40.8,20.3
4,349290,1993,2,14,30.9,38.5,26.6
5,349290,1993,2,17,21.4,33.4,10.4
6,349290,1993,2,23,35.7,41.9,31.6
7,349290,1993,3,2,34.6,38.1,30.4
8,349290,1993,3,4,33.3,45.1,18.9
9,349290,1993,3,13,35.8,43.2,26.4
10,349290,1993,3,15,37.2,48.2,25.0
11,349290,1993,3,16,37.9,49.3,27.7
12,349290,1993,3,18,43.5,54.1,32.9
13,349290,1993,3,22,41.5,55.2,28.8
14,349290,1993,3,27,63.7,77.5,51.1
15,349290,1993,3,28,64.9,80.1,46.9
16,349290,1993,3,30,52.2,61.9,41.7
17,349290,1993,3,31,55.2,71.6,40.5
18,349290,1993,1,28,33.7,35.4,32.2
19,349290,1993,1,5,11.7,23.0,-1.1
20,349290,1993,4,11,47.4,57.6,40.6
21,349290,1993,4,22,40.6,48.9,31.8
22,349290,1993,4,5,55.8,73.0,33.3
23,349290,1993,4,26,53.4,64.6,41.0
24,349290,1993,6,21,66.9,77.7,56.7
25,349290,1993,7,25,66.7,80.6,54.9
26,349290,1993,9,11,67.6,80.6,52.2
27,349290,1993,10,3,43.7,54.9,34.5
28,349290,1993,11,15,20.9,27.9,13.5
29,349290,1993,12,21,47.2,50.2,39.6
30,349290,1993,9,25,60.9,77.4,44.6
31,349290,1993,10,21,54.0,72.7,38.7
32,349290,1993,10,23,55.2,69.8,40.8
33,349290,1993,12,19,37.1,41.5,33.3
34,349290,1993,5,7,67.7,75.4,56.7
35,349290,1993,6,12,66.1,79.0,49.3
36,349290,1993,10,12,58.6,80.1,46.4
37,349290,1993,10,17,58.3,73.8,45.0
38,349290,1993,5,31,64.7,74.8,55.2
39,349290,1993,8,14,72.0,82.9,64.4
40,349290,1993,5,6,63.6,72.7,55.2
41,349290,1993,5,21,62.8,72.3,54.0
42,349290,1993,5,28,66.0,74.7,59.4
43,349290,1993,6,4,63.3,73.9,54.0
44,349290,1993,6,11,63.7,75.2,50.0
45,349290,1993,6,14,72.2,84.0,58.8
46,349290,1993,6,15,69.9,81.1,60.3
47,349290,1993,6,18,65.8,74.3,57.7
48,349290,1993,7,13,73.2,86.4,59.5
49,349290,1993,7,16,69.8,78.8,58.3
50,349290,1993,7,18,72.2,82.9,58.6
51,349290,1993,7,22,83.3,93.6,73.4
52,349290,1993,8,1,70.7,84.2,59.0
53,349290,1993,8,28,66.2,79.5,51.3
54,349290,1993,9,8,59.5,71.2,45.9
55,349290,1993,9,12,69.5,83.8,52.9
56,349290,1993,10,2,46.5,65.3,40.5
57,349290,1993,10,7,54.9,70.0,40.5
58,349290,1993,10,8,54.2,66.7,45.1
59,349290,1993,10,9,60.6,68.9,47.1
60,349290,1993,10,11,56.8,75.6,46.2
61,349290,1993,10,20,46.3,58.3,34.7
62,349290,1993,12,5,11.8,20.5,1.6
63,349290,1993,12,7,27.4,33.3,22.6
64,349290,1993,12,26,45.0,54.3,37.2
65,349290,1993,5,1,59.3,73.4,42.4
66,349290,1993,5,20,61.3,70.7,52.3
67,349290,1993,1,3,12.1,18.3,6.1
68,349290,1993,1,24,38.6,43.2,36.7
69,349290,1993,2,6,38.6,46.2,29.8
70,349290,1993,2,13,19.9,29.7,6.8
71,349290,1993,2,18,23.1,30.0,10.8
72,349290,1993,4,30,56.7,69.1,44.1
73,349290,1993,10,10,57.3,64.0,51.4
74,349290,1993,11,17,22.5,25.9,19.8
75,349290,1993,12,22,49.4,61.0,32.4
76,349290,1993,11,2,29.0,47.7,18.1
77,349290,1993,12,1,11.8,18.3,6.6
78,349290,1993,10,19,50.0,58.3,41.0
79,349290,1993,5,29,68.6,77.9,63.3
80,349290,1993,6,26,69.7,76.5,63.3
81,349290,1993,7,17,69.8,78.1,62.8
82,349290,1993,9,2,66.2,76.3,60.3
83,349290,1993,9,20,55.7,66.2,44.6
84,349290,1993,11,20,14.3,21.7,0.7
85,349290,1993,12,11,37.8,47.3,30.7
86,349290,1993,8,21,68.4,78.8,57.2
87,349290,1993,1,19,43.1,50.0,28.8
88,349290,1993,2,24,38.0,45.1,34.2
89,349290,1993,3,9,28.2,29.5,26.8
90,349290,1993,4,2,52.2,61.3,44.8
91,349290,1993,4,7,59.0,74.7,45.3
92,349290,1993,4,9,49.5,54.1,43.2
93,349290,1993,6,30,68.5,75.7,59.5
94,349290,1993,11,7,42.2,49.8,35.1
95,349290,1993,5,3,54.2,56.1,51.8
96,349290,1993,5,22,60.7,67.3,54.7
97,349290,1993,6,7,63.3,72.0,53.6
98,349290,1993,5,12,58.8,70.5,46.6
99,349290,1993,5,13,58.8,64.9,55.0
100,349290,1993,5,17,58.9,68.5,52.7
101,349290,1993,6,16,62.7,64.4,61.0
102,349290,1993,9,30,45.7,51.1,38.1
103,349290,1993,10,1,42.7,47.8,36.3
104,349290,1993,12,16,36.0,46.0,27.5
105,349290,1993,12,24,34.9,38.8,27.9
106,349290,1993,12,30,39.2,50.7,30.7
107,349290,1993,1,27,34.0,38.3,32.5
108,349290,1993,2,27,39.5,44.6,33.8
109,349290,1993,9,14,57.6,64.9,47.7
110,349290,1993,4,27,51.4,56.1,48.4
111,349290,1993,6,5,64.4,72.7,57.6
112,349290,1993,7,29,73.4,85.6,65.3
113,349290,1993,12,29,44.4,50.7,41.7
114,349290,1993,6,20,63.2,73.0,54.5
115,349290,1993,5,23,58.2,68.0,55.4
116,349290,1993,6,10,64.0,74.1,54.7
117,349290,1993,6,27,62.3,74.3,57.0
118,349290,1993,7,24,68.0,76.3,56.3
119,349290,1993,11,28,14.1,21.2,3.9
120,349290,1993,1,12,28.1,43.3,20.1
121,349290,1993,10,29,38.2,43.7,27.5
122,349290,1993,1,13,38.9,45.0,34.9
123,349290,1993,2,2,22.4,32.5,13.3
124,349290,1993,3,19,42.5,49.6,35.2
125,349290,1993,10,14,56.1,81.9,42.1
126,349290,1993,4,25,57.4,68.0,42.3
127,349290,1993,4,17,48.6,54.9,45.7
128,349290,1993,1,8,17.1,23.4,6.3
129,349290,1993,2,7,30.7,38.3,28.0
130,349290,1993,1,15,39.7,43.2,33.6
131,349290,1993,12,2,13.0,20.8,1.2
132,349290,1993,4,4,50.0,58.1,39.2
133,349290,1993,10,5,52.9,63.7,42.1
134,349290,1993,12,14,26.5,30.2,20.1
135,349290,1993,11,4,44.2,57.9,24.1
136,349290,1993,11,1,37.5,51.8,23.5
137,349290,1993,3,7,44.9,56.1,37.6
138,349290,1993,9,6,73.6,86.7,57.4
139,349290,1993,4,21,41.3,47.7,34.0
140,349290,1993,12,23,38.6,51.4,28.2
141,349290,1993,11,10,22.5,27.5,17.1
142,349290,1993,8,20,69.3,84.6,59.0
143,349290,1993,1,7,8.0,20.8,-3.3
144,349290,1993,2,3,27.6,31.3,16.7
145,349290,1993,2,8,23.7,29.3,19.2
146,349290,1993,3,6,41.5,49.3,36.3
147,349290,1993,1,1,15.3,31.5,7.3
148,349290,1993,1,16,35.3,39.2,33.1
149,349290,1993,1,17,38.9,43.0,32.7
150,349290,1993,1,21,36.4,40.3,31.8
151,349290,1993,1,25,40.4,44.4,36.0
152,349290,1993,1,31,12.8,20.7,2.7
153,349290,1993,2,4,33.2,35.1,24.4
154,349290,1993,2,12,18.2,24.4,14.9
155,349290,1993,2,19,23.2,40.1,4.6
156,349290,1993,2,28,36.6,44.4,30.2
157,349290,1993,3,1,32.3,36.1,28.4
158,349290,1993,3,12,30.8,37.9,24.8
159,349290,1993,3,14,35.7,48.0,21.4
160,349290,1993,3,17,40.9,55.9,24.6
161,349290,1993,3,21,39.1,45.9,31.8
162,349290,1993,3,26,56.0,72.7,42.8
163,349290,1993,12,9,28.2,36.3,18.3
164,349290,1993,11,29,7.9,13.5,1.2
165,349290,1993,4,6,54.2,64.8,44.8
166,349290,1993,4,10,48.8,52.9,44.1
167,349290,1993,4,12,52.0,63.1,42.1
168,349290,1993,5,18,54.8,61.7,45.5
169,349290,1993,8,31,65.4,74.7,55.9
170,349290,1993,9,24,57.1,77.7,43.0
171,349290,1993,11,23,14.1,19.8,8.8
172,349290,1993,1,4,5.1,18.5,-4.7
173,349290,1993,1,10,28.1,33.8,18.3
174,349290,1993,1,11,28.6,36.5,23.2
175,349290,1993,1,14,35.2,44.4,27.9
176,349290,1993,1,22,41.5,48.0,34.9
177,349290,1993,1,23,43.7,48.6,39.7
178,349290,1993,2,5,39.4,43.5,32.4
179,349290,1993,2,20,32.2,40.8,23.2
180,349290,1993,2,21,34.8,40.8,27.5
181,349290,1993,2,22,38.0,48.9,32.2
182,349290,1993,2,25,37.6,43.5,32.7
183,349290,1993,2,26,45.5,59.5,34.0
184,349290,1993,3,10,31.4,43.5,16.9
185,349290,1993,3,11,34.3,43.0,21.2
186,349290,1993,3,24,52.8,67.8,35.8
187,349290,1993,3,25,50.4,57.2,45.0
188,349290,1993,3,29,58.2,67.5,50.0
189,349290,1993,4,16,50.1,55.2,45.5
190,349290,1993,6,3,66.7,76.1,57.0
191,349290,1993,10,13,54.8,77.2,42.6
192,349290,1993,6,1,64.7,76.5,53.8
193,349290,1993,10,24,53.0,63.7,46.2
194,349290,1993,4,3,47.8,51.4,44.6
195,349290,1993,4,13,52.2,60.8,46.6
196,349290,1993,4,14,51.6,59.9,44.1
197,349290,1993,4,15,50.6,56.5,43.7
198,349290,1993,5,15,59.1,64.9,56.7
199,349290,1993,5,26,61.1,66.7,54.7
200,349290,1993,6,28,59.9,67.5,55.8
201,349290,1993,7,1,67.2,75.7,58.8
202,349290,1993,8,24,73.5,89.6,58.1
203,349290,1993,8,26,77.8,92.1,60.4
204,349290,1993,9,15,57.1,72.9,45.5
205,349290,1993,10,22,57.5,77.7,42.1
206,349290,1993,11,3,35.9,52.2,21.0
207,349290,1993,8,4,76.1,87.1,64.4
208,349290,1993,9,22,55.1,66.4,41.0
209,349290,1993,9,9,62.2,75.9,47.1
210,349290,1993,1,18,35.9,42.8,29.3
211,349290,1993,1,30,24.2,30.9,12.7
212,349290,1993,2,11,30.4,34.7,25.5
213,349290,1993,2,15,14.8,19.8,9.7
214,349290,1993,3,5,37.5,47.7,30.9
215,349290,1993,3,20,41.0,48.9,34.0
216,349290,1993,4,8,54.4,58.5,47.1
217,349290,1993,4,1,50.8,63.9,32.4
218,349290,1993,9,28,61.6,75.7,54.7
219,349290,1993,10,6,54.3,68.4,43.5
220,349290,1993,12,3,18.5,22.3,13.1
221,349290,1993,1,6,12.3,17.8,8.1
222,349290,1993,1,20,38.6,43.7,34.0
223,349290,1993,1,29,29.6,34.5,23.5
224,349290,1993,3,3,31.2,32.9,26.8
225,349290,1993,3,8,35.3,38.1,33.3
226,349290,1993,3,23,46.4,61.9,34.5
227,349290,1993,11,11,16.0,19.6,12.9
228,349290,1993,2,1,18.3,29.1,5.7
229,349290,1993,6,23,74.7,88.2,60.8
230,349290,1993,9,23,55.5,70.5,39.6
231,349290,1993,11,6,44.9,62.2,30.9
232,349290,1993,5,27,62.9,70.2,55.4
233,349290,1993,4,28,55.3,65.5,48.2
234,349290,1993,8,9,78.1,89.1,70.9
235,349290,1993,9,21,52.6,64.6,44.6
236,349290,1993,10,16,64.0,87.3,47.5
237,349290,1993,11,18,19.9,21.4,18.5
238,349290,1993,12,6,22.1,28.0,14.2
239,349290,1993,5,9,57.2,67.6,44.8
240,349290,1993,7,7,72.4,84.9,54.1
241,349290,1993,9,19,62.6,81.3,50.7
242,349290,1993,5,30,64.6,76.1,58.6
243,349290,1993,4,18,42.4,44.1,19.4
244,349290,1993,4,19,44.6,55.4,32.9
245,349290,1993,4,24,49.7,63.1,32.2
246,349290,1993,5,4,58.7,68.4,50.9
247,349290,1993,5,8,60.9,70.7,52.0
248,349290,1993,5,11,55.8,63.3,49.1
249,349290,1993,5,14,61.3,75.9,44.6
250,349290,1993,5,25,60.7,72.0,47.3
251,349290,1993,6,6,63.2,73.4,52.9
252,349290,1993,6,8,67.4,77.5,56.8
253,349290,1993,6,19,64.9,78.1,55.4
254,349290,1993,6,24,73.9,88.2,56.7
255,349290,1993,7,4,65.7,74.5,55.4
256,349290,1993,7,6,68.7,78.1,57.2
257,349290,1993,7,8,74.9,86.5,61.7
258,349290,1993,7,10,65.3,77.5,53.1
259,349290,1993,7,19,76.4,87.3,64.9
260,349290,1993,7,20,77.6,89.8,63.5
261,349290,1993,7,21,78.8,91.4,65.1
262,349290,1993,7,23,81.8,92.1,72.1
263,349290,1993,7,26,70.9,81.7,58.8
264,349290,1993,7,27,74.2,87.1,59.5
265,349290,1993,7,31,70.4,81.9,59.5
266,349290,1993,8,2,72.5,85.3,60.1
267,349290,1993,8,6,74.6,86.9,61.9
268,349290,1993,8,7,76.9,89.6,61.9
269,349290,1993,8,11,79.0,90.7,63.7
270,349290,1993,8,15,74.2,87.3,61.7
271,349290,1993,8,22,66.6,79.5,52.0
272,349290,1993,8,23,71.5,84.9,57.4
273,349290,1993,9,1,68.1,81.9,56.1
274,349290,1993,9,4,64.1,76.5,51.4
275,349290,1993,9,5,66.6,81.1,50.4
276,349290,1993,9,13,68.4,78.1,58.3
277,349290,1993,9,17,67.7,81.7,53.6
278,349290,1993,9,18,66.3,80.8,51.1
279,349290,1993,9,26,57.8,71.6,46.0
280,349290,1993,10,15,62.1,86.0,43.2
281,349290,1993,10,25,49.9,63.7,41.5
282,349290,1993,11,14,20.2,28.0,11.7
283,349290,1993,11,16,24.3,32.7,18.0
284,349290,1993,12,12,34.5,38.5,26.6
285,349290,1993,12,17,42.9,49.6,34.2
286,349290,1993,12,25,44.1,52.7,33.4
287,349290,1993,12,27,45.4,54.5,40.8
288,349290,1993,10,27,43.3,54.1,30.4
289,349290,1993,1,2,11.7,19.6,1.4
290,349290,1993,11,8,43.6,46.0,41.0
291,349290,1993,6,2,65.5,75.9,54.1
292,349290,1993,8,8,79.0,92.1,62.6
293,349290,1993,11,5,40.9,51.3,32.5
294,349290,1993,7,11,67.9,78.3,54.5
295,349290,1993,10,4,48.5,60.8,36.9
296,349290,1993,7,12,69.0,80.8,56.5
297,349290,1993,8,13,70.7,79.0,64.4
298,349290,1993,7,2,66.6,75.0,59.4
299,349290,1993,8,12,72.2,84.6,65.1
300,349290,1993,4,23,43.8,57.4,32.5
301,349290,1993,5,2,56.3,60.3,53.8
302,349290,1993,5,5,62.5,72.5,53.2
303,349290,1993,5,10,57.1,68.9,46.4
304,349290,1993,5,16,62.5,72.9,53.4
305,349290,1993,5,19,61.5,71.6,51.3
306,349290,1993,5,24,58.4,66.4,50.7
307,349290,1993,6,13,71.0,82.4,54.7
308,349290,1993,6,25,76.5,89.4,63.0
309,349290,1993,6,29,67.6,77.0,59.0
310,349290,1993,7,15,66.9,78.1,57.4
311,349290,1993,7,28,75.5,87.1,65.7
312,349290,1993,7,30,71.6,80.8,64.0
313,349290,1993,8,3,74.4,87.1,62.2
314,349290,1993,8,5,73.4,84.4,63.9
315,349290,1993,8,16,73.0,86.7,58.3
316,349290,1993,8,17,70.7,85.1,55.2
317,349290,1993,8,18,68.3,79.5,56.1
318,349290,1993,8,25,75.3,92.3,59.2
319,349290,1993,8,29,70.8,86.4,56.8
320,349290,1993,8,30,62.4,65.8,59.5
321,349290,1993,9,10,65.5,79.9,49.8
322,349290,1993,9,27,57.4,72.1,39.9
323,349290,1993,10,18,64.0,82.6,45.7
324,349290,1993,10,31,32.8,40.5,24.3
325,349290,1993,11,21,21.9,28.6,-2.6
326,349290,1993,11,25,12.0,17.8,6.8
327,349290,1993,11,26,18.2,27.7,11.5
328,349290,1993,11,27,17.1,25.0,11.7
329,349290,1993,11,30,12.2,19.2,5.4
330,349290,1993,12,10,37.7,45.9,31.3
331,349290,1993,12,20,40.4,49.5,29.1
332,349290,1993,1,26,42.5,47.7,35.8
333,349290,1993,9,3,60.3,68.7,52.5
334,349290,1993,12,8,26.2,32.0,19.6
335,349290,1993,11,9,36.6,41.2,30.4
336,349290,1993,7,14,68.4,75.7,59.7
337,349290,1993,8,27,66.1,73.8,56.1
338,349290,1993,9,29,56.3,66.2,48.4
339,349290,1993,11,19,22.0,30.7,17.6
340,349290,1993,12,31,34.2,42.1,28.6
341,349290,1993,4,20,44.9,53.1,39.2
342,349290,1993,7,3,63.7,73.9,58.5
343,349290,1993,7,5,65.1,74.5,61.2
344,349290,1993,7,9,65.1,73.8,57.4
345,349290,1993,8,19,74.3,88.0,62.1
346,349290,1993,9,7,60.5,68.0,50.5
347,349290,1993,10,28,37.6,43.2,27.7
348,349290,1993,10,30,40.0,61.9,25.3
349,349290,1993,11,13,20.4,29.7,15.6
350,349290,1993,11,24,16.3,22.6,11.1
351,349290,1993,12,4,26.3,35.6,19.6
352,349290,1993,12,13,34.9,46.9,28.6
353,349290,1993,12,18,41.9,49.1,35.8
354,349290,1993,6,9,63.1,69.8,57.4
355,349290,1993,6,22,70.1,83.5,55.4
356,349290,1993,9,16,69.1,84.6,50.2
357,349290,1993,12,28,41.7,49.6,37.4
358,349290,1993,11,12,18.8,23.0,15.4
359,349290,1993,4,29,56.6,69.1,45.7
360,349290,1993,6,17,66.8,76.8,60.4
361,349290,1993,8,10,76.4,89.4,64.2
362,349290,1993,12,15,29.7,35.6,22.5
363,349290,1993,10,26,47.0,55.6,26.8
364,349290,1993,11,22,18.3,25.5,11.3
0,349290,1994,7,9,71.5,82.4,56.1
1,349290,1994,7,15,74.8,84.6,63.9
2,349290,1994,7,5,73.4,84.7,57.6
3,349290,1994,7,16,76.3,86.7,60.3
4,349290,1994,7,26,73.6,85.1,54.7
5,349290,1994,7,27,75.0,87.3,57.7
6,349290,1994,7,29,77.2,90.1,59.7
7,349290,1994,7,28,76.1,90.3,55.8
8,349290,1994,7,7,70.6,81.7,53.4
9,349290,1994,7,8,67.6,80.8,55.4
10,349290,1994,7,21,74.9,88.5,63.1
11,349290,1994,4,6,53.0,67.8,45.1
12,349290,1994,1,8,37.7,61.3,32.2
13,349290,1994,4,11,54.6,68.2,41.4
14,349290,1994,6,9,75.0,87.8,61.7
15,349290,1994,10,6,69.0,79.9,57.4
16,349290,1994,6,28,70.7,84.2,56.7
17,349290,1994,11,4,45.1,51.8,41.7
18,349290,1994,4,18,67.0,84.9,49.3
19,349290,1994,12,20,23.1,24.4,22.1
20,349290,1994,12,6,12.4,21.2,1.4
21,349290,1994,2,28,34.2,51.3,18.3
22,349290,1994,4,12,58.2,71.6,43.5
23,349290,1994,10,15,49.1,59.5,36.7
24,349290,1994,5,7,54.8,68.4,39.2
25,349290,1994,6,4,61.7,69.8,50.0
26,349290,1994,6,24,68.5,81.0,55.4
27,349290,1994,8,1,75.6,85.3,64.8
28,349290,1994,8,6,72.5,86.0,55.4
29,349290,1994,8,8,79.5,94.5,60.1
30,349290,1994,8,18,69.9,83.1,51.4
31,349290,1994,9,8,72.3,84.2,57.9
32,349290,1994,9,16,75.5,90.3,61.3
33,349290,1994,9,18,78.9,98.4,59.0
34,349290,1994,10,2,65.5,77.4,53.8
35,349290,1994,10,5,70.4,88.5,51.8
36,349290,1994,10,7,68.7,80.2,56.8
37,349290,1994,10,12,66.8,83.3,50.5
38,349290,1994,10,23,45.2,55.0,33.6
39,349290,1994,10,28,52.6,65.5,43.2
40,349290,1994,11,7,26.3,31.3,18.3
41,349290,1994,12,9,36.4,46.0,32.4
42,349290,1994,12,31,38.0,51.6,26.6
43,349290,1994,5,11,60.0,68.0,53.8
44,349290,1994,5,27,73.9,84.6,61.2
45,349290,1994,8,22,70.9,80.1,58.6
46,349290,1994,11,6,23.9,29.7,21.4
47,349290,1994,11,15,26.0,29.1,21.9
48,349290,1994,11,28,29.0,35.1,24.4
49,349290,1994,12,17,22.3,32.7,14.2
50,349290,1994,3,31,40.9,51.6,29.7
51,349290,1994,4,5,56.3,73.8,37.8
52,349290,1994,4,24,57.9,64.4,53.6
53,349290,1994,9,19,79.3,94.3,66.2
54,349290,1994,9,30,64.1,72.1,52.9
55,349290,1994,12,3,19.0,23.0,15.8
56,349290,1994,12,11,29.1,30.9,26.8
57,349290,1994,3,14,35.0,41.5,24.8
58,349290,1994,5,23,69.8,78.8,55.8
59,349290,1994,6,25,65.3,75.2,50.0
60,349290,1994,11,1,54.8,66.9,45.3
61,349290,1994,3,30,39.9,46.4,28.8
62,349290,1994,6,14,70.1,76.8,60.8
63,349290,1994,1,9,38.3,58.6,27.3
64,349290,1994,1,11,35.3,45.5,26.6
65,349290,1994,2,2,28.8,32.5,20.7
66,349290,1994,2,3,32.7,38.1,19.0
67,349290,1994,2,10,19.6,34.3,10.4
68,349290,1994,2,23,34.3,41.0,28.4
69,349290,1994,2,25,42.8,58.6,25.3
70,349290,1994,3,1,43.2,61.2,24.3
71,349290,1994,3,10,22.7,30.9,16.7
72,349290,1994,4,26,56.6,64.8,50.4
73,349290,1994,1,6,36.8,48.7,27.7
74,349290,1994,3,11,22.6,32.0,11.8
75,349290,1994,7,3,73.1,81.1,58.3
76,349290,1994,5,25,69.5,81.1,56.5
77,349290,1994,8,19,73.3,89.1,54.5
78,349290,1994,10,14,54.3,60.1,45.7
79,349290,1994,12,16,29.3,31.1,26.4
80,349290,1994,1,5,35.1,43.0,31.5
81,349290,1994,3,13,30.8,34.9,25.0
82,349290,1994,3,6,30.6,46.4,23.7
83,349290,1994,7,19,65.7,69.4,61.9
84,349290,1994,8,20,71.8,82.0,62.2
85,349290,1994,3,25,44.9,47.3,37.2
86,349290,1994,11,29,34.5,42.1,21.7
87,349290,1994,4,10,51.8,65.1,40.6
88,349290,1994,5,5,47.2,52.5,38.1
89,349290,1994,8,2,67.6,76.6,57.4
90,349290,1994,11,18,41.1,43.5,35.1
91,349290,1994,12,12,33.5,38.5,27.1
92,349290,1994,5,13,53.8,56.1,49.5
93,349290,1994,10,26,54.1,60.3,48.6
94,349290,1994,11,10,42.0,47.1,35.6
95,349290,1994,12,14,37.4,40.3,34.3
96,349290,1994,4,29,58.4,65.1,51.8
97,349290,1994,6,10,67.5,74.5,59.0
98,349290,1994,1,26,35.8,39.7,31.5
99,349290,1994,1,3,44.6,48.9,34.0
100,349290,1994,5,12,56.8,62.8,52.0
101,349290,1994,8,4,73.8,87.1,63.5
102,349290,1994,1,2,33.7,39.7,27.3
103,349290,1994,1,25,38.3,44.4,33.1
104,349290,1994,3,4,40.0,48.4,33.1
105,349290,1994,3,16,45.1,51.8,40.3
106,349290,1994,10,18,51.9,60.3,42.8
107,349290,1994,8,28,73.3,80.6,67.1
108,349290,1994,11,12,49.5,57.4,36.1
109,349290,1994,11,14,25.6,28.9,23.7
110,349290,1994,1,4,38.0,41.7,33.8
111,349290,1994,6,15,61.9,70.9,54.3
112,349290,1994,1,30,35.3,45.3,32.2
113,349290,1994,2,26,41.8,60.1,36.7
114,349290,1994,8,16,70.8,77.7,63.1
115,349290,1994,10,19,39.7,43.3,32.7
116,349290,1994,11,23,39.4,41.5,37.0
117,349290,1994,1,28,37.8,44.4,32.5
118,349290,1994,7,12,81.9,89.2,70.3
119,349290,1994,7,22,76.0,84.4,65.5
120,349290,1994,9,22,77.1,91.8,63.7
121,349290,1994,6,12,72.4,81.3,58.6
122,349290,1994,9,15,79.8,92.3,61.7
123,349290,1994,7,1,75.7,85.1,60.8
124,349290,1994,7,2,76.8,88.2,60.8
125,349290,1994,7,30,73.8,87.8,59.9
126,349290,1994,7,20,71.4,78.3,61.7
127,349290,1994,1,14,33.4,36.0,29.7
128,349290,1994,4,14,68.0,79.5,52.5
129,349290,1994,9,23,76.8,90.1,63.0
130,349290,1994,12,18,25.4,45.1,18.9
131,349290,1994,6,20,67.8,75.9,52.0
132,349290,1994,9,27,61.5,69.3,54.1
133,349290,1994,5,6,50.0,58.6,40.3
134,349290,1994,12,1,32.0,38.7,28.8
135,349290,1994,4,1,46.0,59.4,33.8
136,349290,1994,4,13,60.6,75.4,45.9
137,349290,1994,5,1,51.2,55.4,46.6
138,349290,1994,10,3,66.9,76.3,54.7
139,349290,1994,8,31,71.9,81.0,57.9
140,349290,1994,5,18,67.5,81.7,50.4
141,349290,1994,10,13,61.6,68.0,51.8
142,349290,1994,1,20,30.0,35.6,25.7
143,349290,1994,7,23,75.7,90.0,64.4
144,349290,1994,7,25,75.4,84.2,60.1
145,349290,1994,6,2,54.9,62.2,50.4
146,349290,1994,5,24,67.6,80.4,50.0
147,349290,1994,8,10,76.0,86.0,60.4
148,349290,1994,8,9,81.6,91.9,60.4
149,349290,1994,4,19,68.0,82.6,54.3
150,349290,1994,8,24,67.9,81.3,54.7
151,349290,1994,4,28,55.8,62.4,50.0
152,349290,1994,6,21,71.2,82.8,60.6
153,349290,1994,4,9,52.6,61.5,43.9
154,349290,1994,7,24,76.8,86.4,62.8
155,349290,1994,5,19,72.7,86.7,58.6
156,349290,1994,6,27,67.8,78.1,54.0
157,349290,1994,8,17,67.0,78.8,51.1
158,349290,1994,12,2,25.5,29.8,19.6
159,349290,1994,2,24,36.3,45.3,31.1
160,349290,1994,9,9,74.5,88.9,55.4
161,349290,1994,11,17,36.3,38.8,33.6
162,349290,1994,3,7,22.5,25.5,20.8
163,349290,1994,7,14,78.5,90.9,62.6
164,349290,1994,5,20,72.7,87.3,56.1
165,349290,1994,6,11,71.7,82.4,60.3
166,349290,1994,4,17,61.9,73.6,43.2
167,349290,1994,8,7,76.0,89.1,59.0
168,349290,1994,2,20,32.9,45.3,22.6
169,349290,1994,4,3,47.8,60.3,33.3
170,349290,1994,5,21,75.1,84.7,62.8
171,349290,1994,5,28,73.1,88.5,57.2
172,349290,1994,6,5,68.9,82.0,51.8
173,349290,1994,6,6,74.6,90.5,58.5
174,349290,1994,6,17,68.5,79.5,53.2
175,349290,1994,6,23,69.8,81.5,53.4
176,349290,1994,6,30,72.3,82.4,58.5
177,349290,1994,8,15,77.1,91.4,58.1
178,349290,1994,8,21,71.3,80.4,56.5
179,349290,1994,9,2,73.4,82.8,63.7
180,349290,1994,9,3,71.0,81.5,61.2
181,349290,1994,9,4,69.9,80.6,57.6
182,349290,1994,9,5,70.1,81.7,56.7
183,349290,1994,10,4,68.0,81.9,54.5
184,349290,1994,10,9,66.4,76.8,56.3
185,349290,1994,10,17,54.0,69.1,37.9
186,349290,1994,10,22,38.6,46.2,33.1
187,349290,1994,10,27,57.4,66.9,50.0
188,349290,1994,11,2,59.8,72.5,45.5
189,349290,1994,11,9,42.1,56.8,26.6
190,349290,1994,12,27,30.8,34.3,26.6
191,349290,1994,5,9,58.9,65.1,54.5
192,349290,1994,5,31,67.5,74.1,58.5
193,349290,1994,8,5,70.6,80.2,63.0
194,349290,1994,8,11,78.8,92.3,65.8
195,349290,1994,10,31,51.6,59.7,41.0
196,349290,1994,11,21,40.4,41.7,39.2
197,349290,1994,11,22,40.9,43.7,38.7
198,349290,1994,12,4,19.3,23.4,14.9
199,349290,1994,12,13,43.5,47.3,36.1
200,349290,1994,12,19,24.9,26.8,21.2
201,349290,1994,12,24,19.1,23.0,13.1
202,349290,1994,5,26,69.1,81.5,60.1
203,349290,1994,10,25,57.4,68.5,48.0
204,349290,1994,11,20,42.8,44.8,41.0
205,349290,1994,12,21,26.0,29.1,20.1
206,349290,1994,12,28,36.2,41.0,28.9
207,349290,1994,1,7,41.2,54.7,29.7
208,349290,1994,4,4,53.0,66.9,40.8
209,349290,1994,4,27,55.7,64.4,52.2
210,349290,1994,5,2,55.4,60.6,50.0
211,349290,1994,9,6,72.4,85.5,59.5
212,349290,1994,11,8,36.3,45.3,30.6
213,349290,1994,7,4,71.5,81.7,54.7
214,349290,1994,7,18,76.9,87.8,65.5
215,349290,1994,7,31,72.8,84.6,57.6
216,349290,1994,7,6,69.9,84.9,59.9
217,349290,1994,4,20,67.8,83.1,48.6
218,349290,1994,5,17,64.1,75.9,48.9
219,349290,1994,9,1,74.8,86.2,56.8
220,349290,1994,6,19,62.4,73.4,48.2
221,349290,1994,6,29,70.1,80.1,60.6
222,349290,1994,4,16,61.8,75.0,48.7
223,349290,1994,10,16,51.0,65.1,36.5
224,349290,1994,1,1,29.8,38.3,24.3
225,349290,1994,5,30,65.8,77.4,48.6
226,349290,1994,6,7,73.3,82.8,61.9
227,349290,1994,6,16,64.8,75.2,49.8
228,349290,1994,6,26,64.2,74.1,48.4
229,349290,1994,8,25,70.6,84.4,54.9
230,349290,1994,8,27,77.4,91.8,63.1
231,349290,1994,9,10,79.9,91.4,67.3
232,349290,1994,9,11,76.0,89.6,62.6
233,349290,1994,9,14,78.6,91.9,64.9
234,349290,1994,9,17,77.2,93.2,60.1
235,349290,1994,9,20,76.4,90.3,62.6
236,349290,1994,9,21,79.1,105.8,60.4
237,349290,1994,9,24,75.9,88.2,55.4
238,349290,1994,10,8,69.5,80.1,59.7
239,349290,1994,10,11,66.2,82.8,50.0
240,349290,1994,10,21,40.4,47.7,31.6
241,349290,1994,10,29,48.5,62.8,39.0
242,349290,1994,10,30,53.0,68.2,42.8
243,349290,1994,12,22,20.1,28.6,11.3
244,349290,1994,12,25,19.9,21.9,16.9
245,349290,1994,3,24,36.2,48.4,22.6
246,349290,1994,6,3,58.7,66.9,48.2
247,349290,1994,6,18,63.8,77.0,55.2
248,349290,1994,8,3,74.3,84.9,60.8
249,349290,1994,8,30,66.5,75.4,59.2
250,349290,1994,9,7,70.6,76.6,61.7
251,349290,1994,9,26,59.4,64.4,55.8
252,349290,1994,11,11,47.8,63.3,33.6
253,349290,1994,11,13,30.4,32.2,29.5
254,349290,1994,11,16,32.1,36.9,26.8
255,349290,1994,11,19,40.6,42.8,36.0
256,349290,1994,12,5,10.1,17.6,4.3
257,349290,1994,5,3,53.1,57.9,46.4
258,349290,1994,5,14,53.8,57.2,50.9
259,349290,1994,5,22,69.0,81.3,60.8
260,349290,1994,1,24,39.3,43.9,30.6
261,349290,1994,4,8,55.9,68.2,47.7
262,349290,1994,4,21,64.7,72.1,57.4
263,349290,1994,4,25,55.0,60.8,49.1
264,349290,1994,4,30,53.8,57.9,49.1
265,349290,1994,5,29,61.2,68.7,55.8
266,349290,1994,9,25,64.3,68.2,59.7
267,349290,1994,9,28,64.8,75.9,52.3
268,349290,1994,10,1,63.0,76.5,51.4
269,349290,1994,10,20,37.9,48.9,27.1
270,349290,1994,11,24,38.7,46.4,31.6
271,349290,1994,12,29,39.6,45.9,37.0
272,349290,1994,8,23,68.5,82.4,56.1
273,349290,1994,10,24,48.9,52.2,42.1
274,349290,1994,5,8,56.1,67.8,41.9
275,349290,1994,6,8,72.5,83.8,56.5
276,349290,1994,11,5,29.7,34.2,24.1
277,349290,1994,12,23,24.8,29.8,18.3
278,349290,1994,12,30,37.7,45.5,30.4
279,349290,1994,8,29,65.7,70.0,59.9
280,349290,1994,11,25,44.6,48.0,39.6
281,349290,1994,12,8,34.2,37.4,32.0
282,349290,1994,12,15,41.1,52.5,34.5
283,349290,1994,5,4,48.1,55.0,41.7
284,349290,1994,5,15,60.2,70.5,51.1
285,349290,1994,4,22,62.4,69.4,56.1
286,349290,1994,8,26,72.3,85.3,55.4
287,349290,1994,11,3,53.1,58.3,46.6
288,349290,1994,11,26,37.6,41.2,32.9
289,349290,1994,11,30,36.2,41.0,31.8
290,349290,1994,6,1,60.1,67.6,53.4
291,349290,1994,1,31,28.9,31.6,27.3
292,349290,1994,3,23,35.1,40.8,29.3
293,349290,1994,4,15,61.7,78.6,51.8
294,349290,1994,6,13,66.3,72.7,55.4
295,349290,1994,1,10,34.9,52.5,29.7
296,349290,1994,7,10,76.4,88.5,58.5
297,349290,1994,7,11,81.5,90.0,70.0
298,349290,1994,1,15,33.3,37.4,28.9
299,349290,1994,2,18,32.8,52.9,14.0
300,349290,1994,4,7,57.9,75.6,45.7
301,349290,1994,5,10,57.4,63.5,53.8
302,349290,1994,2,11,18.6,31.8,9.3
303,349290,1994,5,16,61.7,73.0,48.0
304,349290,1994,6,22,66.3,75.2,55.0
305,349290,1994,8,14,80.3,91.4,68.0
306,349290,1994,10,10,65.4,83.5,48.7
307,349290,1994,12,26,23.0,30.0,16.9
308,349290,1994,9,12,76.3,86.7,64.9
309,349290,1994,1,16,36.8,41.5,32.4
310,349290,1994,1,17,36.1,39.0,33.6
311,349290,1994,1,23,27.1,37.6,9.7
312,349290,1994,2,5,34.8,40.3,29.8
313,349290,1994,2,13,3.5,13.6,-5.1
314,349290,1994,2,16,19.0,31.5,5.7
315,349290,1994,2,19,34.2,50.0,24.4
316,349290,1994,2,21,35.0,52.5,25.2
317,349290,1994,3,9,27.2,32.5,20.3
318,349290,1994,3,27,59.3,73.6,41.7
319,349290,1994,4,2,45.2,57.7,32.2
320,349290,1994,9,29,65.2,73.4,56.8
321,349290,1994,7,17,77.1,89.6,58.6
322,349290,1994,1,29,42.3,51.8,32.0
323,349290,1994,2,15,19.1,31.3,8.1
324,349290,1994,2,9,17.6,23.5,12.4
325,349290,1994,2,14,8.1,21.6,-5.1
326,349290,1994,8,12,82.8,95.5,67.8
327,349290,1994,9,13,75.5,87.8,59.9
328,349290,1994,12,7,32.5,41.7,18.9
329,349290,1994,1,12,40.3,50.2,32.0
330,349290,1994,1,18,43.3,52.9,33.8
331,349290,1994,1,27,43.5,50.0,34.0
332,349290,1994,2,7,30.0,37.9,22.8
333,349290,1994,2,22,35.2,47.5,25.9
334,349290,1994,3,26,52.7,64.4,43.5
335,349290,1994,4,23,55.1,62.6,46.4
336,349290,1994,3,5,37.5,42.3,32.5
337,349290,1994,1,19,32.3,36.1,29.3
338,349290,1994,2,27,33.3,39.6,24.3
339,349290,1994,11,27,33.1,36.3,28.8
340,349290,1994,2,12,12.9,21.2,5.0
341,349290,1994,1,13,37.8,43.9,33.6
342,349290,1994,1,21,19.9,27.3,14.4
343,349290,1994,2,4,40.2,42.8,36.7
344,349290,1994,2,8,26.6,30.9,20.3
345,349290,1994,3,2,42.1,52.2,32.9
346,349290,1994,8,13,78.6,99.1,63.9
347,349290,1994,3,28,44.3,48.0,39.9
348,349290,1994,1,22,16.0,26.2,10.2
349,349290,1994,2,6,30.2,36.3,24.1
350,349290,1994,3,3,39.9,48.9,32.9
351,349290,1994,2,17,23.9,40.6,7.5
352,349290,1994,7,13,83.2,92.5,71.8
353,349290,1994,3,29,35.6,39.7,32.4
354,349290,1994,3,22,42.2,49.8,13.1
355,349290,1994,2,1,29.9,34.2,24.8
356,349290,1994,3,18,45.4,58.5,35.8
357,349290,1994,3,20,43.3,59.4,28.9
358,349290,1994,3,21,43.6,59.5,33.4
359,349290,1994,12,10,29.9,32.2,27.1
360,349290,1994,3,12,28.7,32.0,23.0
361,349290,1994,3,15,41.8,48.7,33.6
362,349290,1994,3,8,26.7,31.1,20.8
363,349290,1994,3,17,47.6,52.3,40.5
364,349290,1994,3,19,40.2,49.6,33.8
0,349290,1995,12,10,29.7,32.2,27.9
1,349290,1995,12,2,30.5,33.3,25.3
2,349290,1995,12,7,19.7,26.1,16.3
3,349290,1995,12,11,21.5,29.8,14.0
4,349290,1995,5,13,67.9,79.5,56.7
5,349290,1995,10,27,51.0,62.2,42.3
6,349290,1995,11,28,39.4,49.1,29.5
7,349290,1995,5,3,57.1,63.3,47.8
8,349290,1995,6,7,66.9,74.3,56.8
9,349290,1995,6,23,74.5,82.4,64.6
10,349290,1995,8,27,72.3,81.7,60.1
11,349290,1995,9,12,70.7,81.5,63.5
12,349290,1995,10,19,48.9,62.4,31.5
13,349290,1995,10,28,51.8,63.3,44.4
14,349290,1995,3,28,53.8,61.5,42.8
15,349290,1995,5,31,72.0,82.2,60.4
16,349290,1995,3,10,50.5,59.0,41.2
17,349290,1995,9,28,63.7,71.6,53.4
18,349290,1995,11,26,37.1,40.6,32.7
19,349290,1995,2,6,28.0,33.8,20.8
20,349290,1995,2,8,38.6,45.3,26.1
21,349290,1995,2,9,46.8,51.3,39.9
22,349290,1995,2,26,53.1,65.5,35.6
23,349290,1995,3,1,39.4,48.0,29.5
24,349290,1995,3,2,46.4,57.2,41.2
25,349290,1995,3,3,48.8,67.3,30.9
26,349290,1995,4,17,55.3,68.4,38.1
27,349290,1995,5,10,60.7,70.5,50.7
28,349290,1995,5,21,69.8,81.3,60.8
29,349290,1995,6,9,67.8,76.6,55.2
30,349290,1995,6,26,81.4,92.8,66.9
31,349290,1995,7,22,72.3,82.4,58.3
32,349290,1995,7,28,72.7,84.7,59.7
33,349290,1995,8,21,75.7,86.7,64.0
34,349290,1995,8,22,75.4,86.7,64.8
35,349290,1995,9,24,60.5,69.6,53.2
36,349290,1995,10,7,53.9,63.9,44.1
37,349290,1995,10,8,51.0,59.9,42.4
38,349290,1995,10,14,58.9,73.9,48.6
39,349290,1995,10,25,43.2,57.9,30.6
40,349290,1995,11,15,48.1,58.3,42.1
41,349290,1995,12,23,34.6,43.5,20.3
42,349290,1995,1,10,34.9,37.4,31.3
43,349290,1995,1,18,18.0,23.4,12.7
44,349290,1995,1,19,23.0,25.0,18.3
45,349290,1995,1,22,17.7,20.8,12.7
46,349290,1995,1,23,23.9,31.8,15.1
47,349290,1995,4,10,58.9,71.6,47.3
48,349290,1995,7,11,78.4,88.3,66.2
49,349290,1995,7,16,75.5,85.8,64.4
50,349290,1995,7,26,75.2,84.6,67.6
51,349290,1995,8,5,76.5,80.6,74.1
52,349290,1995,9,9,70.0,77.7,61.2
53,349290,1995,9,19,51.0,59.7,43.9
54,349290,1995,10,26,45.8,57.2,34.3
55,349290,1995,11,24,40.2,43.5,37.8
56,349290,1995,2,13,43.9,47.7,38.7
57,349290,1995,2,16,40.1,45.0,35.6
58,349290,1995,6,24,77.7,88.3,65.3
59,349290,1995,5,28,72.2,80.8,62.2
60,349290,1995,10,16,44.4,49.5,39.4
61,349290,1995,9,26,57.9,71.6,43.7
62,349290,1995,11,27,39.9,45.7,36.0
63,349290,1995,2,4,31.9,33.4,27.9
64,349290,1995,2,2,32.4,33.8,31.5
65,349290,1995,7,8,74.8,87.8,61.0
66,349290,1995,8,10,76.3,89.2,59.2
67,349290,1995,10,13,54.0,61.5,42.4
68,349290,1995,11,2,48.5,57.9,44.4
69,349290,1995,11,10,39.1,44.2,34.0
70,349290,1995,10,22,49.9,57.6,43.3
71,349290,1995,12,3,32.2,33.6,30.7
72,349290,1995,5,18,56.6,58.6,54.5
73,349290,1995,5,11,60.5,68.0,50.5
74,349290,1995,10,4,52.3,53.6,50.2
75,349290,1995,12,24,47.7,53.8,41.0
76,349290,1995,6,28,70.7,77.0,64.8
77,349290,1995,1,15,33.0,34.5,32.0
78,349290,1995,6,20,76.0,82.8,70.7
79,349290,1995,8,13,63.9,71.1,56.8
80,349290,1995,9,4,67.9,75.4,63.9
81,349290,1995,11,25,34.0,37.4,32.2
82,349290,1995,7,15,73.5,80.6,68.0
83,349290,1995,1,11,39.9,47.1,33.6
84,349290,1995,1,25,38.8,44.4,31.3
85,349290,1995,6,30,70.1,75.6,63.7
86,349290,1995,8,6,75.8,87.3,67.8
87,349290,1995,9,30,61.8,69.3,55.2
88,349290,1995,10,10,53.3,61.9,45.7
89,349290,1995,11,3,55.4,64.0,47.5
90,349290,1995,11,17,54.1,66.2,47.1
91,349290,1995,4,22,52.9,56.1,48.9
92,349290,1995,5,6,50.3,52.5,47.5
93,349290,1995,7,13,72.6,79.9,68.9
94,349290,1995,8,25,71.6,81.3,63.3
95,349290,1995,9,5,72.3,82.8,65.1
96,349290,1995,11,9,41.6,44.2,40.6
97,349290,1995,11,21,38.4,40.1,35.6
98,349290,1995,12,25,46.5,47.7,43.5
99,349290,1995,6,13,71.1,82.0,59.4
100,349290,1995,7,1,67.0,74.1,62.4
101,349290,1995,11,22,42.8,54.9,38.3
102,349290,1995,5,4,48.0,51.4,38.7
103,349290,1995,1,3,42.3,55.4,38.8
104,349290,1995,4,29,56.6,59.4,53.2
105,349290,1995,11,5,54.2,61.5,49.5
106,349290,1995,3,25,43.6,45.1,40.8
107,349290,1995,3,27,42.9,51.1,34.7
108,349290,1995,11,1,50.8,53.4,48.6
109,349290,1995,4,1,46.0,50.2,42.3
110,349290,1995,10,3,51.6,53.2,50.2
111,349290,1995,12,8,16.1,24.6,12.2
112,349290,1995,6,25,76.5,91.4,65.5
113,349290,1995,4,5,43.3,50.9,37.9
114,349290,1995,6,12,67.2,78.6,63.1
115,349290,1995,10,5,56.6,61.3,52.2
116,349290,1995,12,9,27.5,30.2,17.4
117,349290,1995,11,29,43.7,47.3,40.3
118,349290,1995,1,16,21.1,26.2,18.0
119,349290,1995,10,29,53.1,58.5,49.6
120,349290,1995,2,22,38.8,43.5,35.8
121,349290,1995,7,27,75.0,81.5,65.5
122,349290,1995,4,4,47.6,53.4,39.6
123,349290,1995,4,13,57.3,66.2,47.7
124,349290,1995,7,10,78.1,90.7,66.4
125,349290,1995,8,26,72.6,81.9,60.3
126,349290,1995,8,29,70.0,83.3,59.0
127,349290,1995,2,5,25.8,34.0,18.0
128,349290,1995,2,15,42.0,48.4,37.6
129,349290,1995,5,14,70.5,86.9,54.3
130,349290,1995,5,27,70.9,78.4,61.5
131,349290,1995,8,17,73.0,86.0,57.7
132,349290,1995,8,18,72.5,85.3,59.7
133,349290,1995,8,23,67.9,78.4,60.1
134,349290,1995,1,14,32.7,33.3,32.0
135,349290,1995,2,21,41.5,49.6,35.2
136,349290,1995,9,25,56.8,63.0,51.1
137,349290,1995,5,26,69.8,78.4,58.6
138,349290,1995,6,29,69.8,73.9,64.6
139,349290,1995,8,11,67.9,75.2,63.3
140,349290,1995,9,22,58.0,61.7,54.5
141,349290,1995,9,23,61.2,69.3,55.9
142,349290,1995,8,30,82.5,93.0,66.2
143,349290,1995,4,21,49.8,52.9,48.6
144,349290,1995,3,8,52.4,59.7,41.0
145,349290,1995,8,4,83.6,93.2,68.2
146,349290,1995,4,26,55.9,71.1,47.3
147,349290,1995,6,1,72.5,83.5,61.5
148,349290,1995,6,15,71.7,85.1,59.9
149,349290,1995,9,15,70.6,81.7,58.5
150,349290,1995,9,21,57.0,70.5,41.0
151,349290,1995,1,27,47.0,55.9,41.7
152,349290,1995,3,17,37.4,41.7,33.3
153,349290,1995,5,5,53.6,65.3,46.9
154,349290,1995,5,17,55.6,63.0,43.5
155,349290,1995,6,21,70.0,74.1,64.0
156,349290,1995,7,29,70.8,78.8,61.0
157,349290,1995,8,7,73.3,86.4,60.4
158,349290,1995,10,31,53.5,60.3,49.3
159,349290,1995,11,12,39.7,46.6,32.0
160,349290,1995,7,25,70.7,77.7,67.1
161,349290,1995,3,22,46.3,48.7,43.2
162,349290,1995,4,16,53.7,63.3,45.1
163,349290,1995,8,3,78.7,90.3,65.5
164,349290,1995,5,25,68.3,76.5,53.2
165,349290,1995,4,19,52.5,53.6,49.8
166,349290,1995,9,18,51.4,60.8,45.3
167,349290,1995,11,30,38.2,44.4,32.4
168,349290,1995,6,8,65.4,73.4,59.5
169,349290,1995,11,20,38.7,40.6,36.7
170,349290,1995,11,19,58.2,68.2,49.5
171,349290,1995,9,7,76.4,89.8,63.0
172,349290,1995,4,24,59.3,69.3,46.9
173,349290,1995,6,27,77.5,90.1,69.8
174,349290,1995,1,8,36.0,38.8,33.8
175,349290,1995,10,11,53.1,60.3,46.6
176,349290,1995,1,31,44.0,52.7,35.8
177,349290,1995,6,2,75.3,86.7,62.4
178,349290,1995,12,18,32.2,41.4,8.6
179,349290,1995,12,19,39.0,45.7,29.8
180,349290,1995,12,5,26.0,27.5,24.1
181,349290,1995,6,19,83.0,94.8,66.7
182,349290,1995,10,17,43.0,54.7,34.5
183,349290,1995,10,23,46.5,55.9,38.1
184,349290,1995,6,3,75.8,85.5,60.8
185,349290,1995,3,24,43.1,48.4,37.4
186,349290,1995,3,26,41.5,44.8,37.6
187,349290,1995,4,30,54.2,57.2,50.4
188,349290,1995,8,28,70.7,74.7,67.5
189,349290,1995,10,9,54.6,69.1,44.2
190,349290,1995,10,30,50.8,52.5,44.8
191,349290,1995,3,19,42.9,52.9,33.8
192,349290,1995,3,31,47.6,62.6,31.6
193,349290,1995,9,27,58.6,72.5,45.3
194,349290,1995,10,12,53.9,65.5,38.8
195,349290,1995,1,28,47.8,58.3,38.5
196,349290,1995,1,30,40.3,45.7,36.0
197,349290,1995,3,4,54.1,71.8,37.4
198,349290,1995,3,11,49.8,61.2,40.1
199,349290,1995,3,21,54.3,73.0,36.9
200,349290,1995,4,28,66.4,81.7,50.0
201,349290,1995,5,12,64.6,80.1,46.9
202,349290,1995,5,29,72.5,83.8,57.2
203,349290,1995,5,30,72.1,81.9,58.1
204,349290,1995,6,4,78.6,90.7,64.9
205,349290,1995,6,6,73.1,82.4,63.3
206,349290,1995,7,4,75.8,86.7,63.7
207,349290,1995,7,7,73.8,86.2,62.6
208,349290,1995,7,23,76.7,87.8,59.5
209,349290,1995,7,30,70.7,81.3,58.6
210,349290,1995,8,1,77.0,85.3,64.0
211,349290,1995,8,2,77.6,87.1,66.2
212,349290,1995,8,14,66.7,77.7,51.1
213,349290,1995,8,16,73.9,84.9,58.6
214,349290,1995,8,19,73.4,83.7,55.0
215,349290,1995,8,24,71.7,84.6,54.1
216,349290,1995,9,1,73.8,86.5,56.3
217,349290,1995,9,10,72.8,82.8,61.3
218,349290,1995,9,13,71.4,82.0,58.1
219,349290,1995,9,14,67.6,80.6,57.2
220,349290,1995,9,16,71.7,84.2,57.9
221,349290,1995,10,18,43.4,55.6,32.0
222,349290,1995,10,24,42.0,52.0,32.5
223,349290,1995,11,4,62.5,70.2,51.8
224,349290,1995,1,1,42.0,46.9,33.8
225,349290,1995,1,12,41.1,45.1,35.6
226,349290,1995,1,24,35.0,41.7,29.5
227,349290,1995,1,29,36.6,42.1,33.8
228,349290,1995,2,18,38.4,47.8,29.8
229,349290,1995,2,20,46.6,57.7,34.9
230,349290,1995,3,9,50.6,63.1,41.0
231,349290,1995,3,20,51.5,61.5,39.2
232,349290,1995,5,1,54.8,64.4,46.6
233,349290,1995,5,9,54.4,60.8,48.2
234,349290,1995,5,20,70.4,81.5,57.6
235,349290,1995,5,22,72.6,84.4,62.6
236,349290,1995,7,2,72.6,80.8,63.5
237,349290,1995,7,21,72.6,81.0,63.3
238,349290,1995,8,12,68.5,73.9,63.0
239,349290,1995,11,6,57.9,72.9,48.6
240,349290,1995,6,22,65.2,71.6,56.1
241,349290,1995,9,3,71.2,81.0,63.0
242,349290,1995,10,6,52.2,55.0,49.3
243,349290,1995,11,23,42.4,43.9,41.0
244,349290,1995,2,1,45.9,57.2,35.8
245,349290,1995,3,18,40.2,45.5,36.0
246,349290,1995,3,15,36.7,43.0,33.4
247,349290,1995,2,3,33.3,36.1,31.6
248,349290,1995,6,17,80.3,91.8,66.2
249,349290,1995,12,12,27.4,39.9,16.0
250,349290,1995,12,14,29.2,33.8,21.2
251,349290,1995,4,14,61.2,70.7,53.6
252,349290,1995,5,24,76.1,86.5,65.5
253,349290,1995,2,11,33.5,40.6,26.2
254,349290,1995,9,17,66.9,76.1,62.8
255,349290,1995,4,9,55.6,64.8,46.4
256,349290,1995,3,29,59.0,64.0,49.8
257,349290,1995,8,9,72.4,83.5,54.3
258,349290,1995,2,17,41.4,50.7,33.1
259,349290,1995,2,24,41.1,54.0,32.0
260,349290,1995,3,5,52.9,70.3,34.9
261,349290,1995,3,6,54.2,74.5,37.9
262,349290,1995,3,7,45.0,62.2,32.7
263,349290,1995,3,14,32.1,41.5,21.6
264,349290,1995,4,3,43.3,52.2,34.5
265,349290,1995,4,6,45.9,54.5,34.7
266,349290,1995,4,27,64.6,77.7,46.4
267,349290,1995,5,19,63.0,72.3,52.5
268,349290,1995,5,23,76.3,86.7,59.2
269,349290,1995,6,10,70.4,80.6,63.1
270,349290,1995,6,14,69.9,82.4,59.4
271,349290,1995,6,16,77.7,89.6,60.1
272,349290,1995,7,3,73.0,81.9,61.9
273,349290,1995,7,5,75.4,86.7,60.1
274,349290,1995,7,9,79.0,89.1,67.6
275,349290,1995,7,14,78.5,86.7,67.8
276,349290,1995,7,17,76.2,84.9,64.4
277,349290,1995,7,19,75.4,83.3,65.1
278,349290,1995,7,20,72.6,83.1,59.0
279,349290,1995,8,8,71.4,80.6,59.0
280,349290,1995,8,20,75.1,87.8,57.6
281,349290,1995,9,6,72.8,81.7,61.9
282,349290,1995,9,20,50.7,62.2,36.3
283,349290,1995,9,29,60.3,73.4,47.7
284,349290,1995,10,20,52.1,66.9,35.8
285,349290,1995,11,11,35.6,43.5,28.2
286,349290,1995,11,14,42.6,50.9,32.7
287,349290,1995,11,18,51.7,66.2,41.2
288,349290,1995,1,2,49.5,54.9,37.2
289,349290,1995,1,5,35.2,38.5,33.1
290,349290,1995,1,26,40.8,47.8,32.7
291,349290,1995,2,12,36.0,48.0,26.4
292,349290,1995,2,23,39.1,45.3,29.3
293,349290,1995,3,13,23.0,25.7,20.3
294,349290,1995,3,16,38.9,45.0,33.1
295,349290,1995,4,2,36.9,39.4,34.2
296,349290,1995,4,7,47.1,54.1,39.2
297,349290,1995,4,8,52.0,58.3,47.3
298,349290,1995,4,12,47.0,57.2,32.2
299,349290,1995,4,18,58.9,70.9,50.7
300,349290,1995,4,20,50.6,53.6,47.5
301,349290,1995,4,23,59.8,68.7,48.9
302,349290,1995,6,11,68.3,78.1,54.7
303,349290,1995,7,24,74.2,81.1,68.4
304,349290,1995,10,1,55.5,63.0,43.2
305,349290,1995,11,16,52.3,61.2,45.1
306,349290,1995,9,8,69.2,73.2,65.8
307,349290,1995,9,11,67.9,75.9,63.5
308,349290,1995,10,2,57.2,62.8,51.8
309,349290,1995,12,26,48.3,51.6,44.4
310,349290,1995,6,5,75.0,84.2,66.9
311,349290,1995,12,1,28.3,40.8,26.2
312,349290,1995,12,4,29.1,30.6,26.1
313,349290,1995,12,20,40.5,45.0,34.5
314,349290,1995,12,15,30.2,30.9,29.7
315,349290,1995,12,21,40.9,46.6,36.0
316,349290,1995,1,20,16.1,19.6,14.5
317,349290,1995,8,31,72.9,78.1,66.6
318,349290,1995,10,15,58.1,65.1,48.9
319,349290,1995,2,10,45.9,52.9,34.7
320,349290,1995,2,28,45.3,56.5,39.0
321,349290,1995,5,8,51.9,57.2,48.4
322,349290,1995,5,15,66.5,81.9,52.9
323,349290,1995,1,9,33.9,34.9,32.7
324,349290,1995,5,16,52.1,55.8,49.5
325,349290,1995,11,8,45.4,51.6,42.1
326,349290,1995,12,28,53.0,60.4,49.5
327,349290,1995,12,6,24.3,25.9,20.8
328,349290,1995,12,13,31.1,37.8,26.4
329,349290,1995,12,16,24.7,29.7,15.8
330,349290,1995,7,12,73.9,80.1,68.9
331,349290,1995,1,21,9.6,18.3,-0.2
332,349290,1995,2,14,44.8,48.4,41.7
333,349290,1995,7,6,76.7,85.5,63.9
334,349290,1995,8,15,69.5,81.7,54.3
335,349290,1995,1,4,38.2,39.4,37.2
336,349290,1995,1,6,37.1,43.5,34.2
337,349290,1995,1,7,35.9,43.5,31.3
338,349290,1995,1,17,19.5,21.7,17.4
339,349290,1995,3,12,35.4,48.7,26.1
340,349290,1995,3,23,41.4,43.5,39.7
341,349290,1995,3,30,47.2,52.7,40.5
342,349290,1995,4,11,50.7,55.2,43.3
343,349290,1995,4,15,53.6,59.0,48.9
344,349290,1995,10,21,55.7,57.9,52.2
345,349290,1995,1,13,41.4,51.4,35.8
346,349290,1995,11,13,36.4,41.9,32.7
347,349290,1995,12,22,25.9,30.7,21.4
348,349290,1995,2,7,31.0,41.0,19.8
349,349290,1995,7,31,73.7,83.1,60.4
350,349290,1995,2,27,53.3,71.1,39.7
351,349290,1995,12,17,10.5,20.8,3.4
352,349290,1995,2,19,44.0,59.5,33.1
353,349290,1995,5,2,53.1,59.7,42.8
354,349290,1995,6,18,81.3,91.9,69.1
355,349290,1995,7,18,73.7,82.8,64.8
356,349290,1995,5,7,52.2,59.7,45.1
357,349290,1995,11,7,54.3,60.1,50.7
358,349290,1995,12,27,54.0,59.4,48.9
359,349290,1995,12,30,27.0,29.1,24.8
360,349290,1995,4,25,58.1,70.9,50.0
361,349290,1995,12,31,28.6,32.5,24.1
362,349290,1995,12,29,32.9,39.2,27.5
363,349290,1995,9,2,79.3,88.9,65.5
364,349290,1995,2,25,47.6,70.0,28.4
0,349290,1996,10,20,61.5,71.2,52.5
1,349290,1996,5,14,65.6,79.9,56.5
2,349290,1996,6,18,63.2,71.6,54.1
3,349290,1996,3,2,34.0,37.4,31.1
4,349290,1996,2,18,38.7,48.2,30.9
5,349290,1996,3,24,43.2,50.4,38.5
6,349290,1996,3,21,43.3,53.1,34.2
7,349290,1996,9,20,53.8,64.4,42.3
8,349290,1996,9,21,54.4,61.9,46.9
9,349290,1996,2,22,47.0,66.6,29.1
10,349290,1996,3,19,42.1,50.4,33.8
11,349290,1996,3,28,45.4,57.4,30.9
12,349290,1996,5,23,60.7,70.3,47.5
13,349290,1996,8,1,84.4,94.8,66.6
14,349290,1996,11,21,50.5,67.3,36.5
15,349290,1996,12,4,46.2,51.3,38.3
16,349290,1996,4,13,46.1,50.4,43.9
17,349290,1996,5,31,70.8,77.5,57.2
18,349290,1996,12,7,42.1,46.4,37.4
19,349290,1996,1,19,28.4,31.1,25.9
20,349290,1996,5,15,67.2,77.0,59.7
21,349290,1996,12,29,17.2,24.1,11.1
22,349290,1996,6,15,68.8,81.3,62.6
23,349290,1996,3,14,36.1,41.7,33.1
24,349290,1996,4,3,53.2,63.3,42.4
25,349290,1996,10,28,38.5,41.7,34.0
26,349290,1996,6,19,64.2,76.1,52.3
27,349290,1996,5,22,66.5,76.5,54.9
28,349290,1996,6,23,73.9,86.9,62.1
29,349290,1996,8,21,67.2,71.4,65.5
30,349290,1996,1,31,25.5,35.4,17.6
31,349290,1996,5,13,67.4,71.1,61.5
32,349290,1996,9,29,52.5,65.1,40.3
33,349290,1996,7,2,74.4,87.3,60.6
34,349290,1996,7,3,77.5,90.9,60.1
35,349290,1996,7,19,72.6,82.4,62.2
36,349290,1996,7,22,74.1,86.2,62.6
37,349290,1996,7,23,73.1,84.9,62.2
38,349290,1996,7,9,84.4,94.1,74.1
39,349290,1996,1,9,23.8,36.5,17.1
40,349290,1996,11,14,39.7,55.2,27.9
41,349290,1996,10,22,57.6,63.3,51.1
42,349290,1996,3,17,38.0,50.7,29.3
43,349290,1996,5,18,68.0,79.0,56.8
44,349290,1996,1,10,26.4,36.0,15.8
45,349290,1996,1,14,29.0,38.1,21.4
46,349290,1996,1,24,21.1,24.3,7.7
47,349290,1996,1,28,32.8,39.7,27.9
48,349290,1996,3,8,29.5,32.7,27.0
49,349290,1996,3,20,41.0,51.4,32.7
50,349290,1996,3,25,42.0,48.9,37.0
51,349290,1996,3,27,37.3,48.2,27.1
52,349290,1996,4,4,51.5,65.3,38.7
53,349290,1996,5,1,63.7,75.9,52.0
54,349290,1996,6,7,64.0,72.3,55.0
55,349290,1996,6,11,69.9,80.4,54.5
56,349290,1996,6,13,76.1,88.2,60.3
57,349290,1996,6,22,68.1,79.9,54.3
58,349290,1996,6,26,78.4,88.9,65.7
59,349290,1996,7,27,75.0,82.9,61.3
60,349290,1996,8,3,85.3,96.3,70.2
61,349290,1996,8,13,70.6,79.0,59.0
62,349290,1996,9,1,71.4,81.7,59.7
63,349290,1996,9,2,72.5,84.4,61.7
64,349290,1996,9,13,63.3,75.2,52.2
65,349290,1996,9,18,57.8,68.7,47.5
66,349290,1996,9,23,53.4,63.3,44.6
67,349290,1996,9,26,63.8,79.5,52.3
68,349290,1996,10,18,56.3,70.9,46.0
69,349290,1996,11,12,39.8,52.3,32.2
70,349290,1996,11,17,39.3,56.7,28.4
71,349290,1996,11,19,39.6,58.1,28.8
72,349290,1996,11,25,44.3,56.3,36.3
73,349290,1996,2,17,35.3,42.8,28.9
74,349290,1996,11,2,47.0,58.3,35.8
75,349290,1996,2,19,36.5,49.6,29.3
76,349290,1996,3,5,33.0,38.8,24.1
77,349290,1996,5,3,58.3,66.9,51.8
78,349290,1996,5,29,67.9,78.1,56.3
79,349290,1996,6,5,61.0,68.7,51.8
80,349290,1996,8,18,73.8,85.8,64.8
81,349290,1996,8,19,74.2,87.3,63.3
82,349290,1996,8,23,71.7,82.6,60.8
83,349290,1996,9,10,62.3,69.8,54.3
84,349290,1996,10,29,40.5,50.7,32.7
85,349290,1996,2,11,15.3,16.7,12.9
86,349290,1996,3,1,35.0,39.6,31.3
87,349290,1996,4,9,46.2,55.4,37.6
88,349290,1996,6,16,65.0,70.5,61.3
89,349290,1996,9,9,58.6,62.6,56.8
90,349290,1996,11,29,47.7,59.9,39.2
91,349290,1996,12,11,37.0,39.2,33.8
92,349290,1996,1,18,27.6,32.7,21.2
93,349290,1996,2,8,35.6,41.0,29.8
94,349290,1996,12,15,47.8,54.7,34.9
95,349290,1996,10,6,55.1,62.8,50.7
96,349290,1996,5,28,64.2,74.5,59.2
97,349290,1996,1,15,28.9,37.4,22.3
98,349290,1996,1,22,16.9,21.7,11.7
99,349290,1996,3,23,45.5,54.0,37.9
100,349290,1996,12,6,42.8,48.9,37.9
101,349290,1996,12,9,42.1,44.4,39.4
102,349290,1996,2,25,38.0,40.8,33.8
103,349290,1996,3,9,27.2,30.6,23.9
104,349290,1996,9,8,63.8,72.0,57.2
105,349290,1996,11,5,52.9,62.8,42.6
106,349290,1996,3,7,32.0,34.5,30.4
107,349290,1996,6,17,58.4,60.3,56.5
108,349290,1996,7,28,72.3,83.3,62.4
109,349290,1996,9,19,53.7,61.5,46.8
110,349290,1996,12,16,43.6,49.3,32.4
111,349290,1996,12,22,31.2,50.5,25.5
112,349290,1996,1,13,28.4,38.1,23.0
113,349290,1996,6,28,77.4,87.4,64.8
114,349290,1996,8,17,75.8,84.6,63.1
115,349290,1996,6,24,73.8,88.5,64.4
116,349290,1996,4,25,50.4,72.9,44.6
117,349290,1996,3,11,34.0,38.3,30.0
118,349290,1996,5,7,70.3,80.4,54.3
119,349290,1996,3,13,34.4,36.3,32.2
120,349290,1996,8,9,67.8,80.1,61.2
121,349290,1996,5,17,64.2,72.3,58.8
122,349290,1996,9,6,68.7,74.8,63.9
123,349290,1996,7,16,79.8,98.6,66.2
124,349290,1996,10,2,54.9,72.0,44.4
125,349290,1996,2,13,26.5,33.6,17.6
126,349290,1996,1,5,32.3,35.2,30.2
127,349290,1996,5,9,71.7,83.5,55.8
128,349290,1996,1,3,34.8,36.9,32.2
129,349290,1996,8,2,81.4,94.3,70.2
130,349290,1996,11,6,44.9,53.4,39.4
131,349290,1996,11,8,51.9,65.5,37.6
132,349290,1996,12,3,45.1,56.1,41.2
133,349290,1996,2,5,33.0,49.3,24.1
134,349290,1996,2,15,36.9,42.8,31.5
135,349290,1996,4,11,47.2,55.0,41.4
136,349290,1996,4,26,55.8,69.4,49.3
137,349290,1996,8,12,63.5,70.3,57.6
138,349290,1996,9,16,58.5,66.4,48.0
139,349290,1996,12,17,31.6,39.6,29.5
140,349290,1996,3,12,33.5,36.0,32.2
141,349290,1996,8,11,64.2,71.4,59.7
142,349290,1996,8,26,70.0,81.1,64.2
143,349290,1996,10,12,54.4,56.1,51.3
144,349290,1996,10,23,55.5,59.7,51.1
145,349290,1996,4,7,48.6,54.1,41.4
146,349290,1996,7,10,82.6,96.6,73.4
147,349290,1996,7,14,82.1,98.6,68.0
148,349290,1996,10,1,51.6,68.4,41.5
149,349290,1996,4,1,55.0,67.3,39.4
150,349290,1996,4,28,57.4,66.6,48.6
151,349290,1996,6,10,68.2,78.8,54.0
152,349290,1996,6,27,80.4,92.5,66.4
153,349290,1996,10,16,52.9,63.9,38.5
154,349290,1996,1,2,32.6,38.3,26.6
155,349290,1996,2,4,25.1,46.2,12.6
156,349290,1996,3,15,40.8,52.7,33.4
157,349290,1996,6,20,67.3,79.5,54.0
158,349290,1996,6,25,78.5,87.3,62.8
159,349290,1996,7,29,76.4,85.3,60.4
160,349290,1996,8,6,78.5,89.2,69.4
161,349290,1996,10,11,54.3,61.5,46.6
162,349290,1996,11,15,41.0,56.1,29.3
163,349290,1996,8,31,69.5,79.5,62.1
164,349290,1996,9,11,58.9,72.0,52.5
165,349290,1996,12,23,26.5,28.6,21.2
166,349290,1996,12,25,16.3,19.0,13.6
167,349290,1996,12,31,36.6,42.8,14.9
168,349290,1996,6,3,60.0,68.2,53.8
169,349290,1996,9,28,62.9,73.2,55.9
170,349290,1996,9,30,42.9,48.9,39.6
171,349290,1996,2,29,34.1,39.7,30.7
172,349290,1996,11,9,52.9,66.2,38.5
173,349290,1996,4,18,45.7,51.6,42.4
174,349290,1996,10,31,50.5,57.6,37.8
175,349290,1996,7,18,69.4,74.3,65.1
176,349290,1996,9,15,62.1,74.8,55.2
177,349290,1996,7,26,71.8,81.7,61.0
178,349290,1996,11,30,41.4,48.2,37.4
179,349290,1996,9,17,61.2,69.8,54.9
180,349290,1996,4,17,48.0,51.8,45.9
181,349290,1996,8,27,65.0,77.9,56.3
182,349290,1996,12,20,47.0,51.6,40.8
183,349290,1996,9,12,60.2,68.7,53.1
184,349290,1996,12,30,21.8,27.3,16.5
185,349290,1996,2,20,35.3,47.3,28.6
186,349290,1996,10,30,40.1,46.4,32.2
187,349290,1996,4,22,45.3,47.7,43.2
188,349290,1996,11,1,46.3,53.1,40.3
189,349290,1996,6,1,60.8,65.7,53.4
190,349290,1996,12,27,13.6,15.4,11.8
191,349290,1996,10,26,42.1,48.0,35.1
192,349290,1996,7,7,83.1,96.1,68.0
193,349290,1996,7,8,82.8,94.5,72.1
194,349290,1996,7,12,85.8,97.3,77.2
195,349290,1996,7,13,84.8,97.7,70.9
196,349290,1996,1,27,30.7,37.4,24.6
197,349290,1996,6,9,67.7,76.3,57.2
198,349290,1996,2,7,42.6,49.5,34.5
199,349290,1996,8,5,76.4,87.1,65.7
200,349290,1996,2,2,22.5,32.7,7.0
201,349290,1996,3,18,38.1,46.9,28.4
202,349290,1996,5,12,74.0,84.9,65.5
203,349290,1996,6,30,70.6,82.9,61.0
204,349290,1996,1,8,24.4,32.2,19.4
205,349290,1996,1,11,29.7,37.8,22.8
206,349290,1996,1,17,24.6,29.7,19.9
207,349290,1996,1,25,23.9,31.1,17.1
208,349290,1996,1,26,27.9,36.7,19.2
209,349290,1996,2,14,33.2,39.9,26.1
210,349290,1996,2,28,35.4,39.4,31.5
211,349290,1996,3,16,40.7,49.6,33.8
212,349290,1996,4,6,50.2,62.6,38.8
213,349290,1996,4,15,52.5,66.2,34.7
214,349290,1996,4,27,60.4,74.3,45.3
215,349290,1996,4,29,57.7,70.3,41.4
216,349290,1996,5,2,60.5,71.2,50.2
217,349290,1996,5,10,71.3,81.5,60.3
218,349290,1996,5,24,60.7,71.1,46.9
219,349290,1996,5,27,68.2,79.9,54.0
220,349290,1996,6,14,74.7,87.8,62.2
221,349290,1996,8,15,74.8,84.2,65.5
222,349290,1996,8,16,72.3,81.0,63.7
223,349290,1996,8,24,72.5,83.7,61.3
224,349290,1996,9,22,51.2,63.0,43.9
225,349290,1996,10,8,53.4,66.9,41.2
226,349290,1996,10,9,57.2,70.0,47.7
227,349290,1996,10,10,55.3,68.0,45.3
228,349290,1996,10,19,57.6,73.0,44.8
229,349290,1996,11,7,51.1,64.4,39.0
230,349290,1996,11,18,38.4,56.8,24.6
231,349290,1996,11,22,50.1,66.2,37.9
232,349290,1996,11,24,45.8,61.2,37.4
233,349290,1996,12,1,42.3,51.4,38.3
234,349290,1996,12,5,45.6,53.8,38.5
235,349290,1996,2,26,32.5,35.1,28.9
236,349290,1996,4,30,59.7,68.7,49.1
237,349290,1996,5,6,67.1,80.2,55.9
238,349290,1996,5,25,61.8,73.4,49.6
239,349290,1996,8,20,70.5,79.9,61.7
240,349290,1996,9,7,67.6,77.0,59.4
241,349290,1996,9,24,53.7,58.5,48.4
242,349290,1996,9,25,64.1,73.9,53.2
243,349290,1996,10,25,51.6,56.1,46.0
244,349290,1996,12,8,42.9,46.4,38.1
245,349290,1996,12,12,40.0,42.4,37.6
246,349290,1996,12,26,17.0,20.5,12.4
247,349290,1996,3,30,45.5,55.2,40.5
248,349290,1996,5,20,67.1,77.4,56.1
249,349290,1996,6,2,58.4,66.6,46.8
250,349290,1996,8,4,79.8,88.0,72.3
251,349290,1996,9,4,69.4,81.0,62.2
252,349290,1996,10,27,36.3,38.1,34.9
253,349290,1996,12,13,39.4,41.4,35.8
254,349290,1996,7,1,73.1,84.2,57.7
255,349290,1996,7,4,81.5,95.0,64.2
256,349290,1996,7,5,84.2,97.9,70.7
257,349290,1996,7,11,85.1,96.6,72.7
258,349290,1996,7,15,83.3,99.3,64.8
259,349290,1996,7,20,75.3,85.5,64.6
260,349290,1996,7,21,75.3,84.0,66.6
261,349290,1996,10,3,57.6,65.1,51.8
262,349290,1996,10,7,54.6,67.1,47.5
263,349290,1996,10,5,51.1,54.7,46.0
264,349290,1996,5,11,72.9,85.1,62.4
265,349290,1996,11,20,39.2,51.3,28.4
266,349290,1996,12,2,45.5,58.1,39.0
267,349290,1996,8,29,67.2,74.5,41.4
268,349290,1996,5,30,69.4,84.4,57.6
269,349290,1996,1,7,24.2,30.0,19.9
270,349290,1996,1,16,22.2,29.5,16.2
271,349290,1996,2,3,28.6,37.9,23.4
272,349290,1996,2,21,40.4,60.4,28.8
273,349290,1996,2,23,45.5,62.2,36.1
274,349290,1996,2,24,41.9,49.1,36.9
275,349290,1996,2,27,32.8,36.0,29.3
276,349290,1996,3,3,40.1,51.1,29.5
277,349290,1996,3,22,45.7,53.6,39.4
278,349290,1996,3,26,39.4,46.8,34.5
279,349290,1996,4,12,48.8,61.7,36.1
280,349290,1996,4,20,46.8,56.3,35.4
281,349290,1996,4,21,51.4,60.8,43.5
282,349290,1996,5,8,68.2,81.7,52.3
283,349290,1996,5,19,69.4,82.0,55.9
284,349290,1996,5,21,69.1,76.5,59.5
285,349290,1996,6,12,72.4,84.2,57.0
286,349290,1996,7,25,69.5,82.0,54.0
287,349290,1996,7,30,77.6,90.9,62.4
288,349290,1996,8,14,75.0,86.0,62.2
289,349290,1996,8,22,71.7,83.3,62.2
290,349290,1996,9,27,64.7,77.2,54.9
291,349290,1996,10,15,49.5,60.8,39.9
292,349290,1996,10,17,57.4,70.9,46.8
293,349290,1996,11,11,38.3,49.5,26.6
294,349290,1996,11,23,47.9,58.6,38.5
295,349290,1996,11,28,46.5,56.5,40.1
296,349290,1996,1,1,26.4,28.4,23.0
297,349290,1996,1,4,36.5,42.8,33.6
298,349290,1996,3,10,28.6,32.9,22.5
299,349290,1996,4,23,51.3,62.6,39.4
300,349290,1996,5,5,66.2,81.0,50.0
301,349290,1996,8,28,65.2,75.2,55.9
302,349290,1996,9,14,69.2,82.9,57.2
303,349290,1996,11,26,44.6,50.7,38.7
304,349290,1996,12,18,42.7,50.9,29.5
305,349290,1996,1,29,36.1,42.8,30.7
306,349290,1996,2,12,20.3,23.4,14.0
307,349290,1996,3,6,32.7,34.5,31.3
308,349290,1996,3,29,43.5,48.2,38.8
309,349290,1996,4,19,47.2,54.7,38.5
310,349290,1996,6,4,58.2,66.2,53.1
311,349290,1996,6,6,61.4,66.0,58.6
312,349290,1996,8,30,65.6,74.1,58.1
313,349290,1996,9,5,70.4,79.9,62.8
314,349290,1996,11,3,50.5,53.8,46.6
315,349290,1996,12,19,46.9,55.0,37.4
316,349290,1996,12,21,53.1,57.2,40.3
317,349290,1996,6,8,67.3,76.5,56.8
318,349290,1996,10,21,56.7,65.1,48.9
319,349290,1996,7,6,82.4,96.4,72.1
320,349290,1996,7,24,66.9,70.2,60.3
321,349290,1996,7,17,79.0,95.0,71.4
322,349290,1996,5,16,63.6,69.1,60.4
323,349290,1996,3,4,31.9,34.0,30.6
324,349290,1996,2,1,17.2,26.2,12.9
325,349290,1996,2,6,34.0,41.5,26.1
326,349290,1996,2,16,30.2,34.2,26.8
327,349290,1996,4,8,48.1,54.9,41.7
328,349290,1996,4,10,47.0,53.1,41.5
329,349290,1996,5,4,63.5,78.3,51.4
330,349290,1996,6,29,70.2,79.2,62.6
331,349290,1996,8,8,72.8,84.9,63.0
332,349290,1996,8,10,65.1,75.0,60.3
333,349290,1996,8,25,69.0,76.3,64.2
334,349290,1996,9,3,67.9,73.4,63.5
335,349290,1996,10,24,52.0,58.1,47.5
336,349290,1996,1,21,19.8,23.0,17.1
337,349290,1996,1,30,34.0,36.7,31.1
338,349290,1996,2,9,36.5,42.8,31.1
339,349290,1996,2,10,22.9,29.7,18.0
340,349290,1996,10,13,53.0,57.7,50.7
341,349290,1996,12,10,34.9,37.0,34.2
342,349290,1996,12,24,26.4,32.0,19.4
343,349290,1996,10,4,55.6,68.7,47.1
344,349290,1996,7,31,80.7,92.3,69.3
345,349290,1996,4,5,50.5,64.2,37.9
346,349290,1996,4,24,54.7,68.0,42.1
347,349290,1996,6,21,67.0,73.6,58.6
348,349290,1996,10,14,51.9,58.6,48.0
349,349290,1996,1,6,28.9,31.6,26.2
350,349290,1996,3,31,48.1,53.8,43.9
351,349290,1996,4,2,48.7,57.7,43.2
352,349290,1996,4,14,44.4,53.6,36.3
353,349290,1996,5,26,62.7,74.7,50.0
354,349290,1996,8,7,75.6,91.2,67.5
355,349290,1996,11,10,42.9,50.5,33.1
356,349290,1996,12,14,40.5,45.0,36.9
357,349290,1996,12,28,11.0,12.0,10.2
358,349290,1996,1,20,27.3,30.2,23.2
359,349290,1996,1,23,16.4,25.2,9.0
360,349290,1996,11,4,52.1,55.6,49.5
361,349290,1996,11,27,47.5,55.2,43.9
362,349290,1996,11,16,38.7,53.6,29.5
363,349290,1996,11,13,37.8,50.5,30.0
364,349290,1996,4,16,56.6,69.6,43.7
365,349290,1996,1,12,32.0,39.7,27.3
0,349290,1997,2,14,46.6,54.9,39.6
1,349290,1997,4,1,57.2,76.3,41.2
2,349290,1997,9,22,50.2,60.1,38.1
3,349290,1997,9,24,60.5,70.3,44.1
4,349290,1997,11,11,32.0,52.3,25.5
5,349290,1997,7,19,70.6,80.2,54.0
6,349290,1997,10,11,65.4,78.4,51.6
7,349290,1997,11,15,39.4,48.9,33.8
8,349290,1997,1,23,31.7,40.8,25.9
9,349290,1997,2,2,27.2,35.6,19.4
10,349290,1997,6,25,75.4,85.5,62.1
11,349290,1997,7,22,72.0,83.5,60.8
12,349290,1997,8,15,72.1,81.7,58.1
13,349290,1997,9,6,53.9,64.6,41.4
14,349290,1997,10,27,40.3,45.9,37.6
15,349290,1997,4,30,48.7,60.8,36.3
16,349290,1997,4,5,51.5,64.4,36.5
17,349290,1997,7,1,74.6,85.1,62.8
18,349290,1997,7,6,72.6,81.3,64.0
19,349290,1997,8,7,75.8,84.4,63.7
20,349290,1997,11,12,37.5,51.8,30.2
21,349290,1997,1,27,18.7,23.7,9.9
22,349290,1997,2,1,33.3,34.9,30.7
23,349290,1997,12,26,37.2,45.0,33.3
24,349290,1997,1,8,23.7,28.0,13.6
25,349290,1997,1,19,30.9,46.6,21.4
26,349290,1997,2,6,26.2,37.9,6.8
27,349290,1997,2,20,19.1,25.2,12.4
28,349290,1997,2,27,38.7,52.9,25.2
29,349290,1997,6,23,71.2,82.2,58.1
30,349290,1997,6,26,78.5,89.6,62.6
31,349290,1997,6,27,80.0,91.4,66.6
32,349290,1997,7,13,71.6,81.5,58.8
33,349290,1997,7,20,74.8,88.5,60.8
34,349290,1997,8,16,73.5,84.2,65.3
35,349290,1997,8,19,66.3,73.6,57.0
36,349290,1997,10,5,50.7,63.7,38.5
37,349290,1997,10,9,58.4,77.0,43.2
38,349290,1997,10,28,39.1,41.0,38.1
39,349290,1997,11,10,40.4,60.3,27.3
40,349290,1997,11,24,44.9,53.1,39.7
41,349290,1997,12,19,25.4,32.5,7.7
42,349290,1997,5,6,65.8,75.2,46.8
43,349290,1997,4,14,51.8,60.8,42.8
44,349290,1997,2,3,17.7,22.3,11.3
45,349290,1997,4,17,52.7,69.8,35.1
46,349290,1997,5,5,56.7,64.4,46.0
47,349290,1997,5,11,70.0,86.7,55.8
48,349290,1997,4,8,50.8,59.7,41.0
49,349290,1997,2,10,34.5,42.1,29.5
50,349290,1997,12,9,30.1,32.9,27.5
51,349290,1997,12,13,42.5,44.4,39.0
52,349290,1997,6,12,71.5,80.6,64.9
53,349290,1997,5,29,60.5,69.8,44.4
54,349290,1997,5,20,68.0,82.4,50.5
55,349290,1997,6,18,70.8,81.5,56.7
56,349290,1997,6,4,65.1,76.3,51.4
57,349290,1997,12,10,28.1,30.9,20.1
58,349290,1997,2,24,32.5,40.3,27.9
59,349290,1997,11,3,39.8,54.5,29.3
60,349290,1997,4,29,49.5,57.2,42.8
61,349290,1997,9,25,52.3,58.1,43.5
62,349290,1997,11,8,41.2,61.3,29.3
63,349290,1997,11,21,48.0,58.1,41.2
64,349290,1997,10,2,53.3,59.0,47.8
65,349290,1997,1,12,26.9,30.0,21.4
66,349290,1997,11,6,32.7,39.4,25.3
67,349290,1997,5,4,52.8,60.1,46.4
68,349290,1997,6,17,68.0,79.5,59.0
69,349290,1997,6,7,67.0,75.9,59.0
70,349290,1997,5,24,73.1,86.5,59.0
71,349290,1997,5,23,72.8,85.3,55.4
72,349290,1997,8,27,67.0,79.2,63.0
73,349290,1997,11,18,47.5,50.9,42.3
74,349290,1997,12,3,43.8,45.9,41.2
75,349290,1997,4,27,51.6,56.5,42.1
76,349290,1997,1,28,27.8,34.3,14.4
77,349290,1997,3,4,41.6,43.7,32.2
78,349290,1997,10,3,62.4,69.1,47.1
79,349290,1997,7,17,67.4,78.3,57.7
80,349290,1997,8,8,74.4,85.1,64.4
81,349290,1997,11,22,49.6,58.3,43.7
82,349290,1997,1,2,28.6,30.7,26.4
83,349290,1997,2,23,36.0,44.8,27.0
84,349290,1997,7,11,72.8,81.9,68.0
85,349290,1997,7,16,67.8,78.1,59.7
86,349290,1997,9,27,56.2,65.8,48.9
87,349290,1997,10,24,55.1,64.0,50.0
88,349290,1997,11,17,43.8,46.6,39.9
89,349290,1997,12,5,49.4,53.2,45.7
90,349290,1997,7,30,72.7,84.2,62.1
91,349290,1997,11,26,40.1,41.4,32.0
92,349290,1997,2,9,36.2,39.9,31.6
93,349290,1997,9,30,56.7,63.9,51.8
94,349290,1997,7,2,74.3,87.6,66.9
95,349290,1997,10,29,35.1,37.9,32.4
96,349290,1997,4,10,37.6,43.7,30.2
97,349290,1997,12,15,26.0,37.8,6.8
98,349290,1997,3,3,39.1,46.9,33.4
99,349290,1997,9,2,54.8,60.8,48.7
100,349290,1997,9,21,56.9,63.0,45.9
101,349290,1997,12,14,44.5,51.8,39.7
102,349290,1997,4,18,45.1,57.2,37.4
103,349290,1997,8,2,74.2,86.9,68.7
104,349290,1997,8,26,68.4,71.2,66.2
105,349290,1997,9,1,66.9,76.6,61.9
106,349290,1997,10,18,48.4,51.6,44.1
107,349290,1997,4,24,50.9,57.2,47.8
108,349290,1997,4,15,43.9,51.8,38.7
109,349290,1997,4,7,47.5,53.6,42.8
110,349290,1997,9,10,66.2,74.5,55.6
111,349290,1997,5,18,65.2,78.1,57.2
112,349290,1997,3,18,32.1,36.1,24.1
113,349290,1997,3,25,39.5,43.3,34.2
114,349290,1997,1,15,32.2,34.3,23.0
115,349290,1997,10,8,54.0,72.1,43.2
116,349290,1997,12,16,0.8,4.3,-2.2
117,349290,1997,12,25,36.0,38.8,34.0
118,349290,1997,11,19,49.2,51.8,48.2
119,349290,1997,9,23,55.4,64.8,46.0
120,349290,1997,12,11,37.3,41.2,27.7
121,349290,1997,10,16,66.8,83.3,53.1
122,349290,1997,12,12,44.4,46.8,36.9
123,349290,1997,8,22,69.5,74.1,61.9
124,349290,1997,11,13,42.9,51.6,38.3
125,349290,1997,6,28,78.1,87.6,68.0
126,349290,1997,7,29,68.9,77.0,64.0
127,349290,1997,8,14,68.9,78.8,64.6
128,349290,1997,8,31,73.1,82.4,65.7
129,349290,1997,8,17,67.8,77.2,61.0
130,349290,1997,1,21,33.7,37.0,31.8
131,349290,1997,12,7,36.6,38.3,35.6
132,349290,1997,8,29,74.9,85.6,62.4
133,349290,1997,1,20,31.7,37.8,22.1
134,349290,1997,7,10,77.1,83.8,67.5
135,349290,1997,7,9,78.1,89.6,70.2
136,349290,1997,9,19,62.0,76.5,51.3
137,349290,1997,10,13,67.9,79.2,57.0
138,349290,1997,11,2,37.0,55.4,27.5
139,349290,1997,12,27,40.8,50.7,32.5
140,349290,1997,7,18,66.7,76.3,56.8
141,349290,1997,7,24,71.3,81.0,58.3
142,349290,1997,8,1,77.8,84.2,72.0
143,349290,1997,8,6,72.5,83.1,65.5
144,349290,1997,8,9,72.8,80.1,65.1
145,349290,1997,9,3,55.8,61.3,43.3
146,349290,1997,12,17,2.5,7.9,-2.7
147,349290,1997,12,23,33.1,36.1,29.8
148,349290,1997,1,9,28.3,34.0,20.1
149,349290,1997,7,3,73.7,85.6,65.3
150,349290,1997,12,24,40.0,44.2,34.3
151,349290,1997,2,25,26.5,32.4,22.1
152,349290,1997,9,7,59.1,71.2,48.2
153,349290,1997,9,18,61.1,72.9,45.9
154,349290,1997,2,13,43.8,52.7,39.0
155,349290,1997,7,8,78.1,90.0,66.0
156,349290,1997,9,8,57.9,77.5,42.8
157,349290,1997,9,13,59.2,71.6,46.2
158,349290,1997,12,20,28.9,41.9,18.9
159,349290,1997,2,18,25.9,33.1,20.3
160,349290,1997,2,22,28.8,36.3,21.6
161,349290,1997,12,21,38.1,44.1,29.5
162,349290,1997,11,28,43.9,46.2,40.6
163,349290,1997,2,21,24.3,29.7,17.4
164,349290,1997,7,14,69.7,77.7,59.0
165,349290,1997,10,23,48.6,59.0,40.3
166,349290,1997,12,1,35.5,40.1,30.9
167,349290,1997,10,22,52.0,60.4,45.1
168,349290,1997,1,31,25.5,33.4,16.2
169,349290,1997,7,12,70.9,82.8,62.8
170,349290,1997,7,23,69.5,81.3,61.3
171,349290,1997,10,14,64.4,71.6,57.9
172,349290,1997,11,27,40.3,41.7,38.8
173,349290,1997,1,6,32.7,38.1,26.1
174,349290,1997,1,10,33.3,37.6,31.3
175,349290,1997,10,17,54.1,56.8,52.2
176,349290,1997,12,8,37.2,39.9,33.4
177,349290,1997,3,2,35.3,43.9,25.0
178,349290,1997,9,20,65.8,76.3,54.1
179,349290,1997,2,4,17.4,24.1,12.2
180,349290,1997,1,14,23.5,25.7,21.0
181,349290,1997,8,23,72.0,80.2,61.0
182,349290,1997,11,9,44.0,66.6,30.2
183,349290,1997,12,29,38.6,54.1,28.6
184,349290,1997,11,14,42.2,51.3,39.0
185,349290,1997,1,17,33.7,38.7,30.2
186,349290,1997,1,29,28.2,36.7,18.1
187,349290,1997,6,22,70.9,77.5,64.2
188,349290,1997,10,6,51.1,58.1,45.1
189,349290,1997,11,4,41.4,48.9,32.4
190,349290,1997,11,23,47.9,54.0,44.8
191,349290,1997,2,19,24.7,34.2,16.7
192,349290,1997,7,4,69.1,81.3,62.4
193,349290,1997,8,12,71.5,74.5,69.3
194,349290,1997,11,20,48.4,56.8,41.4
195,349290,1997,11,29,39.7,43.3,36.1
196,349290,1997,11,30,36.1,38.3,34.5
197,349290,1997,12,31,39.0,44.2,35.1
198,349290,1997,9,29,55.6,64.4,51.3
199,349290,1997,6,20,67.7,78.1,55.4
200,349290,1997,6,30,75.3,88.3,66.2
201,349290,1997,2,8,30.4,34.9,22.1
202,349290,1997,6,24,73.9,84.9,59.4
203,349290,1997,1,13,20.5,26.1,16.5
204,349290,1997,1,16,29.7,36.3,19.8
205,349290,1997,1,18,32.3,42.6,23.5
206,349290,1997,1,24,39.2,43.9,30.0
207,349290,1997,2,5,11.5,19.2,4.8
208,349290,1997,2,16,45.1,57.4,34.5
209,349290,1997,2,26,35.0,48.4,21.7
210,349290,1997,7,7,77.8,88.5,64.8
211,349290,1997,8,5,71.4,82.0,63.3
212,349290,1997,8,21,69.6,81.0,56.7
213,349290,1997,8,28,72.1,84.2,60.1
214,349290,1997,9,4,54.0,64.0,45.3
215,349290,1997,9,5,53.7,63.9,44.8
216,349290,1997,9,14,62.0,77.9,45.7
217,349290,1997,10,12,65.7,82.4,50.0
218,349290,1997,10,15,67.8,85.5,56.1
219,349290,1997,12,28,38.8,54.3,28.9
220,349290,1997,2,11,38.9,42.1,34.5
221,349290,1997,6,21,69.2,78.8,56.1
222,349290,1997,7,25,69.9,80.2,60.4
223,349290,1997,7,28,74.3,86.0,67.1
224,349290,1997,7,31,76.8,82.6,66.7
225,349290,1997,8,24,73.5,84.2,64.4
226,349290,1997,9,11,59.4,68.4,51.4
227,349290,1997,9,26,50.4,59.0,41.2
228,349290,1997,9,28,57.0,66.9,47.1
229,349290,1997,10,30,36.1,39.2,32.2
230,349290,1997,11,16,42.6,48.2,38.1
231,349290,1997,1,5,33.2,42.4,16.0
232,349290,1997,6,29,72.2,81.3,66.2
233,349290,1997,7,5,71.2,82.2,62.1
234,349290,1997,10,20,53.1,65.3,44.6
235,349290,1997,8,3,76.2,84.2,66.2
236,349290,1997,8,30,73.4,84.6,61.5
237,349290,1997,7,21,72.9,83.8,63.7
238,349290,1997,7,26,74.6,85.3,62.6
239,349290,1997,7,27,76.6,90.3,63.1
240,349290,1997,8,20,66.0,75.6,57.7
241,349290,1997,8,25,75.4,83.8,66.6
242,349290,1997,9,9,62.1,77.0,49.3
243,349290,1997,10,10,60.6,79.7,44.8
244,349290,1997,11,1,34.7,45.7,26.6
245,349290,1997,11,7,35.6,51.8,24.3
246,349290,1997,1,4,15.0,21.4,-2.2
247,349290,1997,1,11,32.5,35.1,30.7
248,349290,1997,2,12,42.2,48.6,37.8
249,349290,1997,8,11,72.8,84.6,63.0
250,349290,1997,10,21,55.7,66.2,50.4
251,349290,1997,11,5,32.4,36.3,24.8
252,349290,1997,12,4,50.0,61.0,39.0
253,349290,1997,9,12,57.3,66.6,49.5
254,349290,1997,10,19,45.1,46.6,43.9
255,349290,1997,12,2,40.1,47.7,30.7
256,349290,1997,12,30,41.4,49.8,31.6
257,349290,1997,12,18,11.1,16.0,7.7
258,349290,1997,3,1,34.2,43.2,27.3
259,349290,1997,8,18,65.9,76.3,56.1
260,349290,1997,9,15,62.8,79.9,49.5
261,349290,1997,9,16,65.5,78.6,54.5
262,349290,1997,9,17,56.7,67.5,49.5
263,349290,1997,11,25,40.9,45.0,35.6
264,349290,1997,1,1,35.2,39.9,31.8
265,349290,1997,1,3,17.1,27.7,-0.9
266,349290,1997,1,7,22.1,28.4,14.2
267,349290,1997,8,10,67.8,69.8,66.2
268,349290,1997,1,26,21.9,25.2,19.0
269,349290,1997,2,7,31.0,35.8,22.8
270,349290,1997,2,28,38.7,44.1,32.5
271,349290,1997,7,15,65.9,72.3,60.6
272,349290,1997,8,13,72.4,80.2,67.1
273,349290,1997,10,4,50.0,52.5,44.8
274,349290,1997,10,7,52.0,63.3,43.3
275,349290,1997,1,25,34.7,43.2,27.0
276,349290,1997,1,30,18.9,26.4,15.1
277,349290,1997,2,15,43.9,50.0,37.9
278,349290,1997,2,17,39.3,53.2,25.5
279,349290,1997,8,4,70.3,77.0,65.7
280,349290,1997,10,1,55.5,61.5,52.2
281,349290,1997,10,25,54.2,65.7,41.9
282,349290,1997,10,26,39.6,41.7,37.9
283,349290,1997,10,31,36.3,43.0,28.6
284,349290,1997,1,22,31.3,35.2,29.1
285,349290,1997,12,6,42.9,46.2,39.9
286,349290,1997,12,22,35.6,38.5,32.4
287,349290,1997,6,19,69.4,75.2,59.0
288,349290,1997,6,10,72.9,84.2,57.2
289,349290,1997,5,3,58.3,70.3,42.6
290,349290,1997,5,27,59.0,84.2,53.4
291,349290,1997,4,3,59.9,75.4,41.2
292,349290,1997,6,5,64.7,72.3,55.9
293,349290,1997,5,1,57.3,69.8,38.5
294,349290,1997,5,17,73.8,86.5,56.7
295,349290,1997,4,2,56.7,74.3,48.2
296,349290,1997,5,14,66.5,79.3,53.6
297,349290,1997,5,30,58.2,68.0,50.7
298,349290,1997,5,25,66.9,74.3,60.8
299,349290,1997,5,15,67.3,80.6,53.1
300,349290,1997,4,6,49.2,59.5,42.1
301,349290,1997,4,16,49.4,58.5,38.1
302,349290,1997,6,8,70.4,79.2,60.6
303,349290,1997,5,2,58.9,71.2,46.4
304,349290,1997,4,9,44.5,51.8,35.6
305,349290,1997,5,26,61.2,68.0,55.4
306,349290,1997,6,2,59.6,69.8,50.0
307,349290,1997,6,9,67.4,82.8,59.0
308,349290,1997,5,31,54.4,59.0,50.0
309,349290,1997,5,22,70.3,82.6,57.0
310,349290,1997,6,3,62.5,72.1,46.4
311,349290,1997,4,22,57.4,69.3,44.8
312,349290,1997,5,16,70.3,84.2,52.9
313,349290,1997,5,19,63.7,75.2,51.6
314,349290,1997,5,21,69.8,82.6,55.4
315,349290,1997,5,7,66.8,81.1,57.2
316,349290,1997,5,8,67.3,82.4,51.8
317,349290,1997,6,6,62.2,67.6,59.0
318,349290,1997,4,11,38.4,45.3,28.2
319,349290,1997,4,25,48.2,50.0,45.9
320,349290,1997,4,23,66.4,81.0,52.2
321,349290,1997,4,13,48.6,60.1,36.3
322,349290,1997,4,19,43.5,50.0,35.6
323,349290,1997,4,12,48.2,56.5,41.0
324,349290,1997,4,4,51.4,57.7,42.8
325,349290,1997,5,13,69.3,79.2,57.2
326,349290,1997,5,28,57.0,66.2,46.4
327,349290,1997,6,15,69.8,79.0,62.6
328,349290,1997,4,28,49.8,52.7,46.0
329,349290,1997,5,12,73.2,84.2,55.6
330,349290,1997,6,16,72.1,81.1,62.2
331,349290,1997,5,9,70.0,86.5,50.0
332,349290,1997,5,10,70.3,86.0,51.3
333,349290,1997,4,20,48.3,58.6,32.7
334,349290,1997,4,26,51.2,58.5,44.6
335,349290,1997,4,21,54.6,62.6,48.2
336,349290,1997,6,11,74.3,86.7,64.4
337,349290,1997,6,13,70.0,81.0,62.6
338,349290,1997,6,1,58.9,68.2,47.7
339,349290,1997,6,14,71.1,81.0,60.8
0,349290,1998,1,20,32.5,36.3,27.5
1,349290,1998,7,22,79.6,96.4,64.2
2,349290,1998,7,23,84.9,97.2,68.0
3,349290,1998,1,27,26.9,31.6,22.3
4,349290,1998,9,30,66.1,82.4,53.8
5,349290,1998,5,1,59.3,73.4,44.8
6,349290,1998,6,29,73.2,82.4,59.7
7,349290,1998,8,18,73.3,86.4,56.7
8,349290,1998,10,12,62.8,78.6,45.3
9,349290,1998,10,30,57.2,68.0,49.3
10,349290,1998,2,11,30.3,39.4,15.6
11,349290,1998,2,2,11.2,22.3,-0.6
12,349290,1998,8,4,84.5,100.4,68.9
13,349290,1998,2,20,38.9,43.0,33.3
14,349290,1998,4,9,65.7,78.8,52.7
15,349290,1998,6,30,74.4,84.9,61.9
16,349290,1998,9,6,60.3,69.8,48.2
17,349290,1998,11,24,35.6,47.3,30.0
18,349290,1998,2,9,17.2,25.9,4.3
19,349290,1998,3,19,29.5,33.1,26.4
20,349290,1998,2,23,40.4,57.2,27.0
21,349290,1998,3,31,41.3,51.8,27.9
22,349290,1998,6,20,80.1,88.7,72.7
23,349290,1998,7,24,84.9,99.0,71.2
24,349290,1998,9,25,57.4,71.2,43.3
25,349290,1998,9,29,66.5,86.0,50.0
26,349290,1998,10,8,43.0,52.3,34.5
27,349290,1998,10,13,68.7,91.9,50.0
28,349290,1998,10,18,51.8,69.8,38.5
29,349290,1998,12,29,33.2,46.6,25.9
30,349290,1998,6,26,70.8,78.1,63.9
31,349290,1998,3,27,45.4,54.9,36.0
32,349290,1998,5,2,60.5,71.6,46.8
33,349290,1998,6,9,75.9,83.5,66.9
34,349290,1998,8,12,69.6,85.5,58.6
35,349290,1998,9,11,68.8,80.6,57.2
36,349290,1998,7,8,71.1,80.8,59.4
37,349290,1998,11,23,30.8,33.8,27.9
38,349290,1998,9,27,59.6,76.6,44.1
39,349290,1998,8,16,65.6,75.4,57.2
40,349290,1998,12,16,31.6,35.8,26.6
41,349290,1998,8,10,75.2,93.2,62.6
42,349290,1998,1,23,24.2,37.4,17.6
43,349290,1998,1,30,25.4,30.9,12.2
44,349290,1998,6,24,71.0,82.8,59.0
45,349290,1998,2,24,39.6,54.3,30.2
46,349290,1998,8,26,71.5,81.0,58.6
47,349290,1998,5,7,61.7,71.6,53.6
48,349290,1998,7,13,73.8,85.6,59.0
49,349290,1998,9,8,61.1,69.8,53.6
50,349290,1998,2,27,30.6,37.9,19.4
51,349290,1998,7,14,74.6,83.8,62.6
52,349290,1998,8,11,68.3,79.0,59.0
53,349290,1998,9,26,60.1,74.1,44.6
54,349290,1998,10,6,54.7,68.9,44.6
55,349290,1998,10,19,56.7,72.1,44.6
56,349290,1998,2,16,13.3,33.8,2.1
57,349290,1998,3,14,39.9,46.8,33.8
58,349290,1998,9,24,60.3,67.1,51.8
59,349290,1998,10,17,53.6,67.1,41.0
60,349290,1998,12,26,26.6,31.3,22.8
61,349290,1998,2,26,27.2,32.4,21.2
62,349290,1998,8,19,76.2,92.1,56.8
63,349290,1998,10,10,55.1,73.6,35.6
64,349290,1998,10,20,56.8,72.3,42.8
65,349290,1998,4,10,68.2,78.8,57.2
66,349290,1998,7,28,84.4,99.1,69.8
67,349290,1998,1,6,40.0,45.5,36.7
68,349290,1998,1,9,40.5,42.3,34.5
69,349290,1998,12,17,34.8,38.3,31.5
70,349290,1998,12,12,31.3,36.0,26.1
71,349290,1998,1,29,32.1,34.9,28.0
72,349290,1998,5,22,61.9,68.0,56.7
73,349290,1998,12,8,38.8,41.0,37.4
74,349290,1998,10,27,59.3,66.2,49.6
75,349290,1998,12,21,42.9,46.8,39.2
76,349290,1998,5,12,61.5,70.2,43.7
77,349290,1998,6,11,75.4,82.9,68.0
78,349290,1998,6,18,79.6,89.1,69.6
79,349290,1998,11,19,36.1,44.6,31.3
80,349290,1998,4,17,52.8,59.7,45.7
81,349290,1998,6,4,66.8,77.7,58.3
82,349290,1998,5,20,60.3,65.5,55.9
83,349290,1998,11,25,43.9,59.9,30.2
84,349290,1998,12,9,43.4,46.9,38.3
85,349290,1998,3,16,38.9,42.8,35.2
86,349290,1998,10,5,59.2,75.2,48.7
87,349290,1998,12,4,29.0,32.5,21.9
88,349290,1998,1,12,34.8,37.8,30.2
89,349290,1998,1,2,36.3,45.7,28.6
90,349290,1998,1,10,35.1,38.5,32.2
91,349290,1998,3,6,53.0,62.4,47.7
92,349290,1998,11,15,45.0,46.4,42.8
93,349290,1998,11,16,48.2,56.5,41.0
94,349290,1998,4,20,55.4,60.4,50.0
95,349290,1998,4,29,55.5,62.6,46.2
96,349290,1998,3,22,36.1,39.2,33.6
97,349290,1998,10,3,46.9,55.4,40.5
98,349290,1998,11,26,44.3,48.6,41.0
99,349290,1998,12,1,23.5,26.8,21.2
100,349290,1998,3,12,47.0,54.7,35.6
101,349290,1998,6,7,73.5,82.0,64.4
102,349290,1998,7,3,74.5,85.3,64.4
103,349290,1998,3,25,38.7,46.4,32.4
104,349290,1998,7,10,69.7,84.9,62.6
105,349290,1998,2,12,38.7,41.5,35.6
106,349290,1998,9,16,72.1,86.4,59.0
107,349290,1998,4,19,64.6,77.0,48.2
108,349290,1998,2,25,38.4,49.3,30.2
109,349290,1998,3,7,44.3,53.6,39.2
110,349290,1998,11,22,30.9,34.0,28.4
111,349290,1998,5,13,59.5,68.9,51.3
112,349290,1998,5,24,57.1,68.2,52.2
113,349290,1998,7,6,67.7,79.5,59.0
114,349290,1998,11,3,49.6,59.0,39.2
115,349290,1998,4,28,52.1,55.8,50.0
116,349290,1998,5,18,68.2,77.9,59.0
117,349290,1998,10,1,63.6,71.8,55.4
118,349290,1998,10,16,59.0,71.6,48.2
119,349290,1998,12,22,49.5,57.7,39.2
120,349290,1998,3,29,41.5,45.1,35.6
121,349290,1998,1,13,38.9,42.6,35.8
122,349290,1998,1,4,33.1,40.1,28.0
123,349290,1998,1,17,29.7,36.0,25.3
124,349290,1998,1,3,31.6,39.7,27.3
125,349290,1998,1,5,34.3,40.5,26.2
126,349290,1998,1,16,27.9,35.4,21.7
127,349290,1998,1,7,39.7,45.3,32.7
128,349290,1998,1,15,28.1,32.9,22.8
129,349290,1998,1,8,37.4,40.5,35.2
130,349290,1998,1,18,27.7,34.3,21.9
131,349290,1998,1,1,37.6,42.8,32.4
132,349290,1998,1,11,31.5,34.3,28.9
133,349290,1998,1,14,40.1,45.0,35.2
134,349290,1998,3,30,35.4,41.0,30.2
135,349290,1998,1,19,32.2,35.1,25.2
136,349290,1998,1,31,27.9,37.4,7.9
137,349290,1998,7,16,79.5,95.0,65.3
138,349290,1998,11,1,48.9,57.9,39.2
139,349290,1998,6,3,63.3,73.8,59.7
140,349290,1998,8,14,71.7,82.4,51.1
141,349290,1998,1,25,30.4,37.6,22.3
142,349290,1998,6,6,71.9,82.4,63.0
143,349290,1998,4,30,54.0,63.3,42.4
144,349290,1998,6,14,80.7,90.7,67.1
145,349290,1998,1,24,27.3,36.3,17.6
146,349290,1998,2,13,38.3,42.8,32.0
147,349290,1998,12,3,24.0,28.4,21.2
148,349290,1998,1,28,28.5,35.8,19.8
149,349290,1998,3,10,51.7,65.3,40.1
150,349290,1998,8,3,87.2,102.2,68.0
151,349290,1998,3,3,40.9,50.0,29.5
152,349290,1998,4,24,53.9,63.3,41.0
153,349290,1998,12,14,35.7,43.0,28.4
154,349290,1998,2,18,22.9,32.5,10.4
155,349290,1998,7,30,81.9,99.7,69.6
156,349290,1998,2,17,37.0,41.0,8.8
157,349290,1998,3,4,44.6,50.4,39.2
158,349290,1998,6,10,75.1,84.2,67.3
159,349290,1998,4,3,52.2,66.9,36.7
160,349290,1998,8,25,73.4,88.7,57.2
161,349290,1998,2,14,21.7,32.0,17.4
162,349290,1998,12,11,36.2,45.3,30.2
163,349290,1998,7,4,70.9,81.1,60.8
164,349290,1998,1,21,33.1,42.8,24.8
165,349290,1998,2,21,40.9,44.6,37.4
166,349290,1998,11,17,46.1,55.9,41.0
167,349290,1998,4,2,51.7,66.0,37.8
168,349290,1998,10,9,46.2,62.8,32.5
169,349290,1998,3,21,38.3,45.1,33.8
170,349290,1998,4,23,49.8,55.4,44.6
171,349290,1998,7,7,67.5,78.8,58.3
172,349290,1998,9,17,61.9,66.2,57.4
173,349290,1998,12,13,34.1,41.7,27.3
174,349290,1998,10,15,61.1,79.5,52.9
175,349290,1998,4,14,61.2,75.2,52.9
176,349290,1998,8,15,75.1,87.8,61.7
177,349290,1998,8,21,79.5,93.2,59.0
178,349290,1998,10,14,67.3,90.1,52.2
179,349290,1998,12,15,35.9,42.8,29.8
180,349290,1998,5,25,60.3,69.8,49.5
181,349290,1998,11,29,34.4,36.9,32.0
182,349290,1998,12,7,46.1,49.1,39.2
183,349290,1998,9,15,78.7,95.0,61.2
184,349290,1998,5,9,68.4,77.4,57.2
185,349290,1998,3,18,32.3,37.2,26.6
186,349290,1998,8,24,71.1,81.1,60.8
187,349290,1998,9,3,60.3,72.0,51.8
188,349290,1998,12,5,39.9,53.6,28.4
189,349290,1998,12,27,30.0,32.0,24.8
190,349290,1998,5,5,67.5,77.5,59.0
191,349290,1998,9,4,56.7,68.7,48.6
192,349290,1998,5,30,69.4,78.8,62.6
193,349290,1998,6,15,76.0,83.5,68.0
194,349290,1998,10,22,45.2,53.6,33.8
195,349290,1998,2,3,29.0,39.2,14.2
196,349290,1998,12,18,35.0,41.0,30.7
197,349290,1998,7,20,76.1,89.2,62.6
198,349290,1998,5,27,73.2,86.0,60.6
199,349290,1998,8,17,71.2,84.2,57.2
200,349290,1998,9,14,74.8,91.9,60.1
201,349290,1998,11,5,63.6,71.8,55.8
202,349290,1998,3,5,50.0,55.9,42.1
203,349290,1998,5,19,64.1,74.3,57.2
204,349290,1998,3,1,39.0,54.5,26.2
205,349290,1998,4,5,56.4,68.0,45.1
206,349290,1998,8,1,85.5,102.2,69.4
207,349290,1998,8,20,74.3,93.2,61.2
208,349290,1998,9,10,64.3,77.5,51.1
209,349290,1998,12,28,32.0,39.2,22.5
210,349290,1998,2,10,22.9,32.4,14.9
211,349290,1998,4,16,52.8,60.8,47.8
212,349290,1998,11,2,52.4,60.3,39.2
213,349290,1998,3,28,46.6,56.3,41.7
214,349290,1998,7,15,77.4,93.2,62.6
215,349290,1998,8,7,76.6,86.0,60.8
216,349290,1998,6,16,74.6,82.4,62.6
217,349290,1998,1,26,26.5,29.1,22.8
218,349290,1998,3,24,38.9,43.5,35.4
219,349290,1998,5,6,63.1,75.6,55.4
220,349290,1998,2,15,27.1,34.2,12.2
221,349290,1998,11,10,31.2,36.0,24.8
222,349290,1998,3,26,38.9,45.0,32.0
223,349290,1998,11,27,41.1,45.1,33.8
224,349290,1998,2,7,31.3,33.8,28.4
225,349290,1998,4,22,44.2,47.3,41.0
226,349290,1998,12,23,28.9,37.6,21.2
227,349290,1998,5,23,62.3,68.0,51.8
228,349290,1998,7,31,83.8,97.5,73.4
229,349290,1998,9,23,65.2,73.4,59.0
230,349290,1998,9,13,71.7,84.6,60.3
231,349290,1998,7,29,84.7,100.6,70.9
232,349290,1998,2,5,31.5,35.6,20.8
233,349290,1998,9,21,70.1,79.9,62.8
234,349290,1998,2,19,27.4,35.6,8.6
235,349290,1998,3,8,46.8,56.1,40.6
236,349290,1998,4,6,59.5,73.2,49.3
237,349290,1998,4,7,62.6,78.8,44.1
238,349290,1998,5,31,65.4,73.0,60.4
239,349290,1998,7,21,80.2,94.6,65.8
240,349290,1998,8,6,86.0,100.8,70.5
241,349290,1998,8,28,73.7,84.9,55.6
242,349290,1998,10,29,54.0,65.1,44.2
243,349290,1998,5,4,66.4,77.2,55.8
244,349290,1998,8,31,65.8,72.1,58.5
245,349290,1998,12,20,38.5,46.4,28.4
246,349290,1998,5,16,60.7,70.0,52.7
247,349290,1998,10,25,51.4,66.2,37.0
248,349290,1998,2,22,40.1,54.5,28.9
249,349290,1998,3,2,40.9,55.9,27.7
250,349290,1998,3,15,42.6,51.8,36.3
251,349290,1998,5,3,62.0,75.2,47.1
252,349290,1998,5,17,70.0,80.8,55.4
253,349290,1998,6,27,71.6,82.4,63.7
254,349290,1998,7,2,76.9,88.5,63.5
255,349290,1998,9,7,60.8,73.4,47.3
256,349290,1998,9,12,70.1,83.1,58.8
257,349290,1998,9,22,69.1,84.2,59.9
258,349290,1998,9,28,63.2,77.0,49.3
259,349290,1998,10,23,41.0,56.1,29.7
260,349290,1998,11,13,40.3,48.2,31.3
261,349290,1998,11,21,35.2,39.2,31.5
262,349290,1998,5,29,69.0,78.4,62.1
263,349290,1998,6,1,67.0,78.4,60.8
264,349290,1998,6,21,78.3,91.4,70.9
265,349290,1998,3,23,36.2,39.7,31.3
266,349290,1998,7,9,75.2,87.8,59.0
267,349290,1998,4,27,60.4,70.5,51.8
268,349290,1998,2,1,28.3,39.9,10.4
269,349290,1998,10,28,49.8,55.4,41.0
270,349290,1998,6,19,80.7,88.7,73.4
271,349290,1998,2,8,19.8,28.6,6.8
272,349290,1998,9,2,60.7,70.9,55.4
273,349290,1998,11,8,42.4,50.0,32.0
274,349290,1998,12,10,38.4,43.9,32.0
275,349290,1998,12,19,37.6,49.5,30.2
276,349290,1998,10,21,56.9,77.0,41.0
277,349290,1998,5,10,70.1,78.8,60.8
278,349290,1998,6,12,78.7,87.8,66.2
279,349290,1998,8,29,77.8,92.1,64.4
280,349290,1998,10,4,51.1,61.7,39.2
281,349290,1998,10,24,47.7,62.6,32.0
282,349290,1998,11,11,27.7,34.2,23.0
283,349290,1998,4,11,59.5,66.2,53.6
284,349290,1998,5,21,62.2,73.6,53.6
285,349290,1998,2,4,35.6,42.1,30.2
286,349290,1998,11,18,37.1,44.8,31.3
287,349290,1998,12,24,18.8,21.2,14.0
288,349290,1998,6,13,78.2,91.0,69.6
289,349290,1998,5,28,69.3,77.9,61.9
290,349290,1998,3,11,54.7,69.3,42.8
291,349290,1998,5,15,59.8,68.4,50.9
292,349290,1998,6,25,72.5,84.0,59.9
293,349290,1998,4,12,71.0,93.2,53.6
294,349290,1998,4,26,60.1,71.6,45.1
295,349290,1998,6,23,69.4,80.6,55.2
296,349290,1998,7,1,76.1,88.5,65.5
297,349290,1998,7,11,71.4,80.6,63.3
298,349290,1998,7,26,83.9,100.4,64.4
299,349290,1998,8,5,85.9,100.4,72.9
300,349290,1998,8,8,73.5,86.0,60.4
301,349290,1998,9,5,59.4,71.4,46.0
302,349290,1998,11,4,56.3,72.0,36.9
303,349290,1998,4,13,71.3,84.2,58.3
304,349290,1998,7,27,83.9,100.4,65.8
305,349290,1998,3,9,51.3,64.4,38.8
306,349290,1998,6,17,80.8,92.1,69.6
307,349290,1998,7,17,79.5,91.6,66.2
308,349290,1998,7,19,72.8,84.4,60.3
309,349290,1998,8,23,78.0,90.0,65.1
310,349290,1998,8,27,69.5,82.4,50.9
311,349290,1998,8,30,78.5,94.5,63.3
312,349290,1998,9,19,71.7,84.6,61.0
313,349290,1998,11,9,38.3,44.8,31.8
314,349290,1998,6,8,76.0,84.2,65.1
315,349290,1998,10,7,46.1,50.0,41.9
316,349290,1998,11,14,48.7,53.6,41.9
317,349290,1998,12,2,24.0,28.4,20.7
318,349290,1998,12,6,49.0,53.1,39.2
319,349290,1998,12,30,33.1,39.9,27.7
320,349290,1998,8,22,78.6,91.4,64.4
321,349290,1998,11,7,43.7,51.8,32.0
322,349290,1998,1,22,26.6,33.8,19.4
323,349290,1998,6,28,71.1,80.6,62.6
324,349290,1998,2,6,33.8,35.6,32.0
325,349290,1998,6,5,69.1,75.9,59.0
326,349290,1998,9,18,67.9,77.5,59.0
327,349290,1998,12,25,21.0,25.2,13.8
328,349290,1998,7,12,72.8,84.2,60.8
329,349290,1998,10,2,60.3,72.0,50.0
330,349290,1998,5,8,66.2,75.2,56.7
331,349290,1998,5,26,67.4,80.6,50.0
332,349290,1998,6,2,66.5,73.6,62.4
333,349290,1998,9,1,68.0,78.8,57.2
334,349290,1998,11,20,35.7,41.5,32.0
335,349290,1998,3,13,37.0,43.3,33.8
336,349290,1998,11,30,33.9,39.2,28.6
337,349290,1998,3,17,39.8,42.8,35.4
338,349290,1998,4,1,46.2,55.4,38.1
339,349290,1998,4,4,55.0,70.2,40.8
340,349290,1998,4,15,59.8,70.5,45.7
341,349290,1998,4,25,56.0,68.0,41.5
342,349290,1998,5,14,58.6,64.4,50.9
343,349290,1998,8,9,76.1,87.8,61.9
344,349290,1998,9,20,72.3,86.2,62.2
345,349290,1998,4,18,58.0,71.6,50.4
346,349290,1998,11,28,34.8,39.2,32.0
347,349290,1998,4,8,61.5,77.0,49.3
348,349290,1998,7,25,82.8,97.0,65.5
349,349290,1998,8,2,85.2,102.4,68.7
350,349290,1998,10,26,57.0,75.2,45.7
351,349290,1998,11,12,31.8,37.6,28.0
352,349290,1998,7,5,66.7,75.7,59.0
353,349290,1998,5,11,68.4,74.5,64.4
354,349290,1998,4,21,48.6,54.3,42.8
355,349290,1998,12,31,32.1,38.1,24.8
356,349290,1998,6,22,66.7,73.4,59.0
357,349290,1998,2,28,37.3,47.1,30.2
358,349290,1998,7,18,73.7,82.4,62.6
359,349290,1998,8,13,66.8,78.8,53.6
360,349290,1998,9,9,62.8,76.3,50.0
361,349290,1998,10,11,61.7,80.6,44.6
362,349290,1998,11,6,51.3,63.0,35.6
363,349290,1998,3,20,34.4,38.3,28.4
364,349290,1998,10,31,50.3,54.0,47.7
0,349290,1999,11,24,41.5,46.4,37.4
1,349290,1999,10,17,51.2,57.7,42.6
2,349290,1999,10,15,51.3,56.5,49.3
3,349290,1999,12,18,46.8,51.8,42.8
4,349290,1999,10,8,67.7,83.1,53.1
5,349290,1999,11,30,22.3,30.2,4.5
6,349290,1999,10,7,67.9,86.7,54.7
7,349290,1999,10,24,40.2,46.4,35.1
8,349290,1999,11,12,39.8,47.1,25.9
9,349290,1999,12,11,39.0,54.0,30.4
10,349290,1999,12,24,32.8,35.8,28.4
11,349290,1999,11,17,30.5,33.8,23.0
12,349290,1999,9,6,68.8,79.0,61.5
13,349290,1999,2,12,39.3,54.0,29.8
14,349290,1999,6,5,68.9,81.7,57.2
15,349290,1999,6,1,65.5,76.1,54.7
16,349290,1999,7,15,80.5,90.5,66.7
17,349290,1999,8,26,64.7,68.0,60.8
18,349290,1999,9,8,67.9,77.9,62.1
19,349290,1999,9,25,63.0,77.4,48.7
20,349290,1999,3,5,49.3,64.4,35.6
21,349290,1999,3,29,54.5,65.7,42.6
22,349290,1999,5,12,61.5,77.0,43.3
23,349290,1999,5,14,56.8,66.4,48.0
24,349290,1999,7,1,73.7,86.0,61.9
25,349290,1999,8,13,79.0,91.8,67.8
26,349290,1999,8,31,66.6,79.2,54.5
27,349290,1999,3,10,44.4,50.0,38.5
28,349290,1999,3,20,45.7,55.4,38.8
29,349290,1999,3,21,44.2,50.0,39.2
30,349290,1999,3,30,50.0,60.8,42.1
31,349290,1999,5,16,64.5,75.9,54.9
32,349290,1999,6,14,76.1,90.5,60.3
33,349290,1999,6,22,76.7,90.3,64.2
34,349290,1999,7,4,75.1,85.3,64.4
35,349290,1999,7,8,81.5,92.3,67.5
36,349290,1999,7,13,74.0,86.0,60.3
37,349290,1999,8,23,78.9,90.3,70.2
38,349290,1999,2,10,39.9,51.1,30.0
39,349290,1999,2,19,39.7,44.8,33.8
40,349290,1999,4,17,55.1,68.0,47.7
41,349290,1999,7,3,74.3,86.0,65.5
42,349290,1999,8,2,77.5,89.6,69.3
43,349290,1999,8,22,80.7,92.7,68.7
44,349290,1999,9,15,57.9,71.6,45.0
45,349290,1999,9,20,60.2,68.4,51.6
46,349290,1999,9,22,57.1,70.9,43.7
47,349290,1999,4,22,55.0,62.1,50.0
48,349290,1999,5,27,62.1,69.8,57.0
49,349290,1999,7,14,77.2,89.6,61.0
50,349290,1999,7,30,79.1,90.3,66.0
51,349290,1999,12,27,44.9,50.0,40.1
52,349290,1999,12,16,42.5,50.0,33.3
53,349290,1999,11,18,39.9,46.4,31.3
54,349290,1999,1,6,33.5,39.2,23.7
55,349290,1999,1,3,29.4,41.0,19.6
56,349290,1999,1,1,25.1,31.1,19.0
57,349290,1999,1,28,40.1,57.2,22.1
58,349290,1999,1,29,43.7,54.1,32.9
59,349290,1999,10,30,49.1,57.2,40.1
60,349290,1999,12,23,28.8,30.2,26.6
61,349290,1999,10,9,57.5,62.4,54.9
62,349290,1999,11,16,37.6,51.1,30.2
63,349290,1999,11,5,43.6,53.6,33.8
64,349290,1999,10,16,52.3,59.9,48.2
65,349290,1999,3,18,41.9,48.2,37.4
66,349290,1999,5,4,55.0,66.4,44.6
67,349290,1999,10,4,66.9,78.8,55.4
68,349290,1999,4,1,53.3,60.8,48.2
69,349290,1999,4,25,56.4,68.4,45.5
70,349290,1999,6,9,74.4,86.4,60.8
71,349290,1999,5,11,58.5,73.0,44.6
72,349290,1999,9,11,66.8,78.8,55.4
73,349290,1999,4,18,63.8,77.2,50.0
74,349290,1999,6,15,71.3,82.4,63.5
75,349290,1999,8,5,73.3,83.1,62.6
76,349290,1999,2,16,38.7,48.9,33.8
77,349290,1999,2,17,41.9,54.3,33.8
78,349290,1999,7,16,79.5,91.9,64.4
79,349290,1999,2,26,39.7,50.0,32.0
80,349290,1999,5,29,65.6,77.0,51.8
81,349290,1999,7,25,81.0,91.9,68.0
82,349290,1999,2,3,23.9,32.0,12.2
83,349290,1999,2,25,35.9,41.0,32.0
84,349290,1999,3,26,45.4,52.5,39.2
85,349290,1999,4,13,52.7,59.9,48.2
86,349290,1999,5,13,54.0,59.7,48.2
87,349290,1999,6,13,73.7,86.0,60.8
88,349290,1999,9,3,65.3,73.4,59.0
89,349290,1999,2,18,38.3,43.3,33.8
90,349290,1999,2,22,39.5,50.0,33.8
91,349290,1999,2,28,42.8,48.2,39.2
92,349290,1999,3,3,46.9,58.1,39.2
93,349290,1999,5,3,59.6,68.0,48.2
94,349290,1999,5,24,64.3,78.8,50.0
95,349290,1999,6,3,64.7,72.9,57.2
96,349290,1999,7,22,74.7,84.2,66.2
97,349290,1999,9,7,66.5,69.8,62.6
98,349290,1999,2,14,44.8,57.7,33.8
99,349290,1999,9,27,65.5,79.0,53.6
100,349290,1999,12,12,35.6,48.7,28.0
101,349290,1999,4,28,60.8,69.8,51.8
102,349290,1999,11,4,51.1,58.3,48.2
103,349290,1999,1,22,30.9,34.7,26.6
104,349290,1999,1,2,27.9,41.0,17.6
105,349290,1999,3,17,35.3,35.6,34.7
106,349290,1999,7,6,83.6,91.9,66.4
107,349290,1999,11,9,27.0,30.9,21.6
108,349290,1999,2,27,40.1,45.9,31.8
109,349290,1999,1,5,26.4,37.4,21.2
110,349290,1999,7,5,75.2,87.3,67.3
111,349290,1999,1,21,28.2,29.1,26.6
112,349290,1999,9,4,65.3,75.4,56.8
113,349290,1999,9,5,67.9,78.3,58.1
114,349290,1999,1,9,43.3,48.2,39.0
115,349290,1999,5,21,58.4,66.2,51.6
116,349290,1999,2,1,33.1,36.7,30.2
117,349290,1999,2,11,37.8,55.9,30.2
118,349290,1999,6,8,73.5,84.6,60.8
119,349290,1999,6,21,72.3,85.6,62.6
120,349290,1999,6,25,66.5,81.7,60.8
121,349290,1999,5,5,50.1,56.1,45.7
122,349290,1999,5,22,60.2,68.5,45.0
123,349290,1999,12,29,49.2,60.8,40.8
124,349290,1999,1,23,34.6,41.4,26.4
125,349290,1999,9,14,58.3,68.0,48.2
126,349290,1999,10,11,51.7,62.6,46.4
127,349290,1999,12,21,50.5,67.1,37.4
128,349290,1999,11,1,46.1,56.1,41.0
129,349290,1999,11,2,50.1,64.0,37.4
130,349290,1999,3,2,47.9,64.2,33.8
131,349290,1999,1,16,35.1,39.4,32.0
132,349290,1999,2,6,45.4,48.7,39.7
133,349290,1999,4,6,36.5,46.4,24.8
134,349290,1999,5,20,53.0,63.3,39.7
135,349290,1999,6,11,79.0,90.0,67.8
136,349290,1999,6,18,74.1,88.3,57.2
137,349290,1999,7,17,79.1,92.5,62.2
138,349290,1999,8,11,81.2,95.0,67.8
139,349290,1999,8,12,73.3,77.0,69.6
140,349290,1999,1,20,28.6,30.6,26.2
141,349290,1999,12,20,45.7,60.8,35.6
142,349290,1999,2,9,37.8,43.7,28.4
143,349290,1999,4,26,60.1,71.6,46.0
144,349290,1999,6,16,72.8,86.0,56.3
145,349290,1999,7,20,72.7,84.6,62.1
146,349290,1999,8,9,79.2,92.3,63.1
147,349290,1999,3,19,39.2,41.0,36.5
148,349290,1999,1,26,38.9,49.5,31.8
149,349290,1999,10,10,54.4,57.6,50.0
150,349290,1999,9,13,57.4,70.7,48.2
151,349290,1999,6,26,69.8,81.7,61.2
152,349290,1999,6,29,71.5,79.7,64.4
153,349290,1999,8,4,76.4,81.9,71.6
154,349290,1999,9,21,58.8,68.0,46.4
155,349290,1999,11,28,26.3,29.1,23.0
156,349290,1999,2,15,41.5,48.0,37.4
157,349290,1999,4,20,56.4,66.2,46.4
158,349290,1999,5,25,61.2,66.2,55.4
159,349290,1999,5,28,64.8,73.9,57.2
160,349290,1999,10,12,49.7,54.9,42.8
161,349290,1999,1,11,31.7,39.2,21.2
162,349290,1999,12,26,38.8,42.8,33.8
163,349290,1999,12,17,51.4,59.7,43.3
164,349290,1999,10,1,68.2,87.4,51.8
165,349290,1999,10,5,67.0,81.0,54.9
166,349290,1999,10,19,45.3,57.2,34.7
167,349290,1999,2,21,34.6,39.4,23.9
168,349290,1999,3,1,47.3,57.9,39.9
169,349290,1999,4,14,56.5,66.7,44.6
170,349290,1999,5,7,45.8,55.4,34.3
171,349290,1999,5,31,64.6,74.5,58.1
172,349290,1999,6,7,72.2,84.4,58.5
173,349290,1999,7,7,81.9,91.8,68.0
174,349290,1999,8,8,75.6,88.2,59.9
175,349290,1999,8,19,78.2,91.4,62.2
176,349290,1999,8,21,83.1,96.8,72.0
177,349290,1999,1,12,30.3,34.7,20.3
178,349290,1999,1,17,32.1,33.1,31.5
179,349290,1999,1,30,50.7,63.1,40.8
180,349290,1999,10,3,70.9,88.5,55.8
181,349290,1999,2,4,27.5,35.6,11.7
182,349290,1999,2,5,40.7,45.7,34.0
183,349290,1999,2,23,50.5,59.5,35.6
184,349290,1999,3,8,54.0,73.4,37.9
185,349290,1999,3,15,36.2,37.9,33.8
186,349290,1999,3,25,46.5,57.2,39.0
187,349290,1999,5,26,60.0,69.1,52.7
188,349290,1999,6,27,68.6,75.2,61.2
189,349290,1999,6,28,72.7,79.7,62.8
190,349290,1999,8,20,81.8,95.0,65.1
191,349290,1999,1,7,43.8,47.5,32.0
192,349290,1999,1,13,39.2,50.0,29.3
193,349290,1999,9,17,58.3,68.0,51.8
194,349290,1999,11,19,45.7,55.4,33.8
195,349290,1999,11,25,35.9,41.5,28.4
196,349290,1999,11,26,17.1,25.3,12.2
197,349290,1999,12,28,46.3,52.9,41.0
198,349290,1999,4,2,51.1,58.1,46.0
199,349290,1999,4,5,40.8,56.5,28.4
200,349290,1999,4,8,52.4,66.2,42.8
201,349290,1999,4,23,52.1,60.8,46.4
202,349290,1999,6,23,76.1,89.6,66.2
203,349290,1999,7,9,80.8,93.2,64.4
204,349290,1999,7,10,82.9,95.7,66.2
205,349290,1999,9,24,62.1,75.2,50.0
206,349290,1999,11,8,37.4,42.1,32.0
207,349290,1999,10,28,51.3,59.0,44.6
208,349290,1999,12,7,35.2,42.1,31.8
209,349290,1999,11,11,27.7,37.4,16.9
210,349290,1999,2,8,36.3,45.1,30.2
211,349290,1999,3,13,45.2,52.5,41.0
212,349290,1999,4,15,58.4,70.3,44.6
213,349290,1999,6,10,76.0,87.1,62.6
214,349290,1999,6,20,77.5,92.1,62.6
215,349290,1999,6,24,64.4,68.4,62.4
216,349290,1999,8,15,72.5,82.4,59.0
217,349290,1999,8,28,61.1,64.8,58.6
218,349290,1999,6,17,74.4,88.7,57.2
219,349290,1999,11,27,25.9,35.6,12.2
220,349290,1999,1,31,45.7,58.6,37.4
221,349290,1999,1,24,30.7,33.3,28.4
222,349290,1999,10,6,68.8,84.9,52.9
223,349290,1999,11,7,41.3,56.7,31.5
224,349290,1999,12,6,38.7,58.6,26.6
225,349290,1999,9,16,57.7,67.5,44.4
226,349290,1999,3,9,45.5,51.8,40.1
227,349290,1999,3,24,44.5,55.8,37.0
228,349290,1999,3,28,50.3,61.5,38.7
229,349290,1999,6,2,66.9,77.0,57.7
230,349290,1999,7,11,78.3,86.7,69.4
231,349290,1999,7,23,77.1,86.4,65.7
232,349290,1999,7,28,82.3,93.9,69.1
233,349290,1999,12,19,47.1,55.6,41.5
234,349290,1999,3,4,48.1,62.6,34.5
235,349290,1999,3,16,35.6,41.0,31.5
236,349290,1999,6,19,78.7,91.4,57.2
237,349290,1999,7,26,82.3,95.0,68.0
238,349290,1999,8,7,73.0,87.1,59.0
239,349290,1999,8,14,78.6,93.4,65.5
240,349290,1999,8,25,65.9,77.0,58.1
241,349290,1999,9,1,70.1,81.1,56.8
242,349290,1999,9,12,61.9,77.7,51.4
243,349290,1999,9,23,59.7,74.5,43.7
244,349290,1999,5,8,49.2,63.1,34.9
245,349290,1999,10,18,45.3,54.1,37.4
246,349290,1999,9,29,70.1,87.1,55.4
247,349290,1999,11,10,26.0,36.0,19.4
248,349290,1999,12,31,38.4,43.3,30.2
249,349290,1999,3,22,43.0,48.2,39.2
250,349290,1999,5,23,62.1,73.8,50.0
251,349290,1999,2,20,32.8,38.7,30.0
252,349290,1999,7,12,73.3,82.9,64.4
253,349290,1999,7,29,73.2,82.6,66.2
254,349290,1999,9,2,69.3,78.4,60.8
255,349290,1999,11,23,39.9,44.6,35.6
256,349290,1999,1,15,40.9,61.3,30.2
257,349290,1999,1,19,31.0,33.3,28.4
258,349290,1999,11,22,38.6,41.4,35.6
259,349290,1999,11,14,49.5,61.0,40.5
260,349290,1999,12,30,46.6,55.4,37.4
261,349290,1999,9,28,68.8,84.2,52.9
262,349290,1999,10,14,54.0,55.9,51.8
263,349290,1999,12,15,40.7,46.8,33.3
264,349290,1999,4,4,49.1,58.3,42.8
265,349290,1999,5,6,43.6,50.0,35.6
266,349290,1999,2,13,43.9,65.8,28.4
267,349290,1999,2,24,43.1,57.0,32.0
268,349290,1999,5,17,58.6,70.3,51.6
269,349290,1999,5,30,65.8,74.5,59.0
270,349290,1999,6,12,74.8,86.5,64.4
271,349290,1999,7,19,72.1,84.4,64.4
272,349290,1999,7,21,72.3,82.4,62.6
273,349290,1999,7,27,81.6,96.4,68.0
274,349290,1999,9,9,69.1,77.4,60.8
275,349290,1999,12,3,46.6,52.3,37.4
276,349290,1999,11,13,44.0,50.0,37.2
277,349290,1999,12,4,41.4,46.4,34.5
278,349290,1999,12,14,40.7,55.4,27.7
279,349290,1999,11,20,39.6,49.1,32.5
280,349290,1999,12,10,36.4,50.0,24.1
281,349290,1999,10,26,42.2,57.7,31.5
282,349290,1999,2,7,48.9,57.2,41.7
283,349290,1999,4,11,59.9,76.3,42.8
284,349290,1999,4,24,53.8,64.4,40.8
285,349290,1999,5,2,62.6,76.3,50.9
286,349290,1999,5,15,60.6,72.7,51.6
287,349290,1999,5,18,52.5,59.9,48.6
288,349290,1999,7,2,74.5,86.4,62.6
289,349290,1999,7,18,80.1,91.4,69.8
290,349290,1999,8,17,75.7,87.4,60.3
291,349290,1999,10,27,52.4,61.0,37.4
292,349290,1999,9,30,70.4,90.1,55.4
293,349290,1999,10,2,69.2,86.4,50.4
294,349290,1999,10,23,34.8,37.4,32.0
295,349290,1999,10,31,44.1,56.1,35.6
296,349290,1999,12,1,35.1,41.0,21.4
297,349290,1999,3,27,46.7,58.5,35.2
298,349290,1999,4,7,44.9,59.5,27.0
299,349290,1999,4,30,58.6,64.9,52.3
300,349290,1999,6,6,66.5,75.4,60.8
301,349290,1999,7,31,78.5,90.3,69.6
302,349290,1999,8,16,71.5,82.9,59.0
303,349290,1999,8,30,65.0,76.1,51.3
304,349290,1999,1,25,32.5,37.4,28.4
305,349290,1999,12,9,41.9,50.0,26.6
306,349290,1999,12,22,33.2,41.0,30.2
307,349290,1999,10,25,40.8,52.2,33.4
308,349290,1999,3,6,55.9,73.4,39.2
309,349290,1999,4,16,57.4,69.8,48.2
310,349290,1999,4,29,56.5,63.5,51.8
311,349290,1999,6,4,67.0,77.7,55.4
312,349290,1999,8,3,79.2,90.3,68.0
313,349290,1999,8,24,68.7,76.5,60.6
314,349290,1999,8,29,61.7,69.8,53.6
315,349290,1999,9,26,64.8,77.7,57.2
316,349290,1999,1,14,39.7,49.8,33.8
317,349290,1999,10,21,42.9,48.2,39.2
318,349290,1999,11,29,20.8,28.4,5.0
319,349290,1999,12,8,36.1,50.0,28.4
320,349290,1999,11,3,51.4,63.9,39.2
321,349290,1999,12,25,35.0,37.9,32.0
322,349290,1999,3,11,47.1,53.6,41.0
323,349290,1999,3,12,47.6,52.7,44.6
324,349290,1999,3,31,53.7,65.7,46.4
325,349290,1999,4,3,50.8,57.9,43.5
326,349290,1999,5,9,53.3,64.9,37.4
327,349290,1999,6,30,68.6,80.8,62.6
328,349290,1999,7,24,79.0,89.6,64.4
329,349290,1999,8,1,80.0,89.6,69.8
330,349290,1999,10,29,44.3,50.0,39.2
331,349290,1999,1,4,26.9,34.2,19.4
332,349290,1999,1,27,37.4,50.5,26.6
333,349290,1999,11,6,40.6,53.8,30.7
334,349290,1999,4,21,59.5,68.5,44.1
335,349290,1999,4,27,65.8,77.7,54.3
336,349290,1999,5,10,57.6,71.8,39.2
337,349290,1999,9,18,61.9,73.9,49.5
338,349290,1999,11,21,37.7,39.2,34.0
339,349290,1999,10,13,58.2,66.4,47.7
340,349290,1999,12,2,46.9,55.0,34.7
341,349290,1999,3,7,52.6,70.5,37.4
342,349290,1999,3,14,41.4,45.0,36.9
343,349290,1999,4,9,55.4,69.8,42.6
344,349290,1999,4,10,56.5,73.4,38.1
345,349290,1999,9,19,62.7,73.4,51.8
346,349290,1999,12,5,44.0,57.2,30.2
347,349290,1999,12,13,33.6,44.6,26.6
348,349290,1999,2,2,30.9,32.2,28.4
349,349290,1999,5,1,60.7,71.8,50.9
350,349290,1999,5,19,49.7,54.1,42.8
351,349290,1999,8,6,72.2,83.3,60.8
352,349290,1999,9,10,69.6,81.0,59.0
353,349290,1999,3,23,43.6,48.2,37.4
354,349290,1999,11,15,53.3,64.4,39.2
355,349290,1999,1,8,45.9,54.0,39.0
356,349290,1999,1,18,33.7,37.4,32.0
357,349290,1999,10,20,42.6,45.7,41.0
358,349290,1999,10,22,37.2,39.9,33.8
359,349290,1999,4,12,56.1,66.2,50.0
360,349290,1999,4,19,60.9,73.4,48.2
361,349290,1999,8,10,80.6,94.3,64.4
362,349290,1999,8,18,78.7,91.4,66.2
363,349290,1999,8,27,70.6,80.2,62.8
0,349290,2000,8,18,76.0,91.4,62.6
1,349290,2000,8,17,77.8,90.9,65.1
2,349290,2000,8,20,81.2,95.0,64.0
3,349290,2000,10,26,43.3,59.7,30.2
4,349290,2000,1,27,20.0,30.2,2.3
5,349290,2000,1,5,30.5,32.2,28.0
6,349290,2000,2,16,34.8,38.3,29.1
7,349290,2000,12,30,49.5,65.5,34.9
8,349290,2000,6,15,71.1,84.9,57.0
9,349290,2000,11,2,47.4,63.1,37.4
10,349290,2000,11,22,39.0,49.3,29.5
11,349290,2000,5,18,54.2,68.0,39.6
12,349290,2000,3,2,36.1,47.8,25.9
13,349290,2000,4,30,63.2,72.5,54.3
14,349290,2000,5,29,70.4,82.4,58.5
15,349290,2000,6,5,72.9,80.6,62.2
16,349290,2000,7,5,75.7,84.9,64.8
17,349290,2000,9,3,67.1,76.5,59.9
18,349290,2000,12,12,30.9,39.2,27.9
19,349290,2000,1,30,39.9,45.1,34.3
20,349290,2000,3,9,44.3,48.9,37.4
21,349290,2000,3,21,37.1,46.4,27.0
22,349290,2000,3,22,40.5,52.7,30.0
23,349290,2000,3,24,43.5,53.6,31.3
24,349290,2000,4,1,52.4,63.7,40.1
25,349290,2000,4,5,63.3,78.1,49.5
26,349290,2000,6,10,65.8,75.7,55.2
27,349290,2000,7,16,80.7,91.4,67.1
28,349290,2000,8,5,76.7,88.5,61.5
29,349290,2000,8,11,76.4,84.7,67.1
30,349290,2000,8,22,82.3,95.7,66.9
31,349290,2000,10,20,43.6,52.3,36.5
32,349290,2000,10,21,45.0,52.3,38.8
33,349290,2000,1,24,27.2,41.0,14.2
34,349290,2000,2,7,35.1,41.0,27.5
35,349290,2000,4,18,65.2,78.8,51.3
36,349290,2000,4,25,63.1,77.0,51.8
37,349290,2000,6,16,73.4,86.0,58.8
38,349290,2000,7,25,76.9,88.0,61.7
39,349290,2000,8,4,74.4,84.2,63.9
40,349290,2000,8,25,71.7,81.0,61.3
41,349290,2000,9,4,71.8,83.5,58.5
42,349290,2000,11,18,37.6,51.3,27.7
43,349290,2000,7,4,75.3,86.5,64.4
44,349290,2000,1,9,30.7,32.0,30.2
45,349290,2000,11,29,30.9,39.0,23.0
46,349290,2000,9,8,66.8,77.5,55.4
47,349290,2000,2,5,31.7,36.9,23.0
48,349290,2000,8,15,75.3,87.1,62.6
49,349290,2000,10,4,58.9,70.0,48.2
50,349290,2000,7,12,72.6,84.2,59.0
51,349290,2000,6,28,70.4,80.6,59.0
52,349290,2000,1,1,38.7,42.8,33.8
53,349290,2000,1,8,30.9,32.5,30.2
54,349290,2000,1,4,28.6,30.4,26.6
55,349290,2000,7,14,80.7,93.4,69.8
56,349290,2000,3,14,29.5,35.6,23.0
57,349290,2000,4,12,50.9,64.6,34.5
58,349290,2000,6,12,66.8,77.0,50.0
59,349290,2000,7,13,79.8,93.2,60.8
60,349290,2000,7,31,85.1,100.4,73.2
61,349290,2000,9,30,60.0,71.6,53.6
62,349290,2000,4,26,63.7,73.9,51.8
63,349290,2000,5,25,72.2,84.2,59.0
64,349290,2000,6,29,67.5,75.2,55.4
65,349290,2000,7,9,74.7,84.2,59.0
66,349290,2000,9,7,69.6,79.0,60.8
67,349290,2000,9,13,64.6,75.4,51.8
68,349290,2000,10,1,56.9,68.4,46.4
69,349290,2000,11,6,46.7,62.2,35.6
70,349290,2000,12,28,50.0,59.0,41.0
71,349290,2000,3,16,43.4,58.5,26.6
72,349290,2000,3,23,38.4,46.8,33.8
73,349290,2000,5,27,70.4,80.6,57.2
74,349290,2000,9,1,63.8,72.9,55.4
75,349290,2000,11,30,33.9,44.2,26.6
76,349290,2000,7,8,68.6,78.8,60.4
77,349290,2000,8,26,73.5,84.2,63.3
78,349290,2000,10,28,52.8,70.5,35.1
79,349290,2000,1,29,36.3,41.5,33.3
80,349290,2000,3,11,35.5,42.4,31.6
81,349290,2000,4,19,65.1,75.2,56.5
82,349290,2000,12,2,39.2,48.2,28.4
83,349290,2000,6,25,67.9,77.4,60.6
84,349290,2000,9,21,69.3,77.9,60.4
85,349290,2000,10,18,45.0,53.6,39.2
86,349290,2000,12,3,37.0,39.2,35.4
87,349290,2000,4,14,58.2,72.3,48.2
88,349290,2000,6,3,73.6,85.3,64.4
89,349290,2000,1,3,30.6,33.1,28.4
90,349290,2000,1,19,33.7,39.2,28.6
91,349290,2000,2,15,35.5,41.9,27.9
92,349290,2000,2,20,41.6,48.2,33.8
93,349290,2000,3,29,52.4,68.0,41.0
94,349290,2000,7,7,71.2,81.1,62.6
95,349290,2000,7,17,79.6,90.0,68.0
96,349290,2000,8,31,65.3,71.6,59.0
97,349290,2000,9,22,60.4,69.8,52.3
98,349290,2000,1,22,25.0,34.7,12.2
99,349290,2000,3,6,37.7,45.0,32.0
100,349290,2000,3,19,41.2,47.3,35.6
101,349290,2000,4,11,47.3,57.2,35.6
102,349290,2000,4,16,55.8,64.8,50.0
103,349290,2000,5,6,51.5,54.1,48.2
104,349290,2000,6,23,63.8,70.5,55.4
105,349290,2000,8,1,80.4,88.9,73.4
106,349290,2000,9,26,60.0,70.7,51.8
107,349290,2000,10,10,57.3,63.1,48.2
108,349290,2000,12,21,29.4,32.7,23.0
109,349290,2000,2,6,33.3,37.4,28.4
110,349290,2000,4,7,53.5,68.5,44.6
111,349290,2000,4,10,44.1,48.6,39.2
112,349290,2000,5,3,46.0,50.5,37.4
113,349290,2000,1,11,31.6,32.7,30.2
114,349290,2000,1,2,37.2,44.2,32.0
115,349290,2000,12,1,31.5,32.2,30.6
116,349290,2000,2,29,31.0,39.9,19.6
117,349290,2000,12,8,28.5,30.2,27.3
118,349290,2000,8,28,65.2,68.0,62.6
119,349290,2000,2,12,33.8,40.1,30.2
120,349290,2000,9,27,52.0,59.0,45.5
121,349290,2000,12,26,45.4,51.8,36.0
122,349290,2000,5,23,65.6,77.9,51.4
123,349290,2000,9,19,68.2,82.4,53.2
124,349290,2000,8,10,79.9,91.4,67.6
125,349290,2000,3,10,43.3,48.7,34.0
126,349290,2000,9,9,64.0,76.6,53.6
127,349290,2000,5,19,58.7,71.6,39.2
128,349290,2000,6,22,62.0,70.7,55.0
129,349290,2000,4,24,59.5,75.9,47.5
130,349290,2000,11,24,27.6,28.4,26.6
131,349290,2000,1,15,33.2,35.6,31.3
132,349290,2000,3,1,35.4,47.3,24.8
133,349290,2000,7,23,79.3,91.2,71.6
134,349290,2000,5,30,72.1,82.9,60.1
135,349290,2000,2,17,38.2,41.9,35.4
136,349290,2000,11,20,39.5,58.1,24.1
137,349290,2000,11,13,37.1,43.7,29.5
138,349290,2000,5,2,51.4,56.3,44.6
139,349290,2000,8,27,67.0,71.1,63.3
140,349290,2000,10,11,58.1,61.5,53.6
141,349290,2000,7,6,77.4,87.8,66.2
142,349290,2000,7,15,74.3,81.1,62.6
143,349290,2000,1,20,29.6,32.9,24.8
144,349290,2000,3,28,49.2,62.8,41.0
145,349290,2000,10,17,47.0,59.4,41.0
146,349290,2000,4,22,60.4,71.2,51.8
147,349290,2000,2,1,37.6,42.8,31.3
148,349290,2000,3,8,38.1,44.6,27.9
149,349290,2000,5,7,57.5,66.2,50.9
150,349290,2000,7,18,75.5,82.4,69.6
151,349290,2000,8,14,73.7,86.0,63.9
152,349290,2000,12,20,32.9,33.8,32.0
153,349290,2000,12,22,19.3,27.5,14.0
154,349290,2000,1,12,32.3,33.8,31.3
155,349290,2000,2,2,36.8,42.8,31.3
156,349290,2000,2,9,43.0,52.3,33.8
157,349290,2000,5,10,57.1,65.3,53.1
158,349290,2000,9,2,67.8,79.3,54.9
159,349290,2000,9,6,75.6,89.6,58.5
160,349290,2000,1,6,33.1,35.6,31.3
161,349290,2000,2,21,43.1,53.2,27.7
162,349290,2000,8,16,75.2,86.7,60.1
163,349290,2000,1,18,34.3,37.9,30.7
164,349290,2000,5,31,71.6,80.6,63.5
165,349290,2000,2,28,25.5,35.6,14.9
166,349290,2000,6,6,75.0,89.6,63.3
167,349290,2000,6,17,72.6,87.1,58.5
168,349290,2000,9,24,55.9,64.6,47.7
169,349290,2000,10,25,41.8,54.7,31.1
170,349290,2000,10,27,48.6,65.8,30.4
171,349290,2000,11,25,30.2,32.4,27.9
172,349290,2000,2,22,35.5,47.8,30.2
173,349290,2000,7,2,75.1,84.4,64.4
174,349290,2000,11,26,24.9,28.8,17.6
175,349290,2000,2,14,34.4,39.9,28.4
176,349290,2000,10,22,44.2,51.8,39.2
177,349290,2000,1,31,38.8,46.4,32.0
178,349290,2000,3,20,37.2,45.5,30.2
179,349290,2000,6,27,74.9,86.9,59.0
180,349290,2000,12,25,34.0,46.4,17.8
181,349290,2000,7,20,76.8,84.2,69.1
182,349290,2000,1,21,29.2,35.4,20.7
183,349290,2000,3,18,39.9,48.4,33.3
184,349290,2000,3,27,48.1,60.8,39.2
185,349290,2000,6,24,67.4,78.8,54.0
186,349290,2000,9,20,68.3,82.4,55.6
187,349290,2000,9,25,58.2,68.0,51.1
188,349290,2000,10,8,55.1,59.5,51.8
189,349290,2000,6,21,60.6,64.4,53.1
190,349290,2000,3,3,41.3,54.0,28.2
191,349290,2000,3,30,49.0,53.6,46.4
192,349290,2000,3,31,52.2,64.4,43.5
193,349290,2000,6,26,70.7,82.9,57.9
194,349290,2000,9,11,66.0,79.3,52.0
195,349290,2000,10,24,41.5,56.3,31.3
196,349290,2000,11,7,50.7,61.9,40.3
197,349290,2000,6,7,75.9,89.6,64.2
198,349290,2000,4,21,64.8,76.5,53.1
199,349290,2000,1,16,33.3,36.3,32.0
200,349290,2000,6,20,60.2,68.9,53.1
201,349290,2000,4,4,55.5,68.0,36.5
202,349290,2000,4,13,58.5,71.6,41.4
203,349290,2000,5,14,52.7,65.7,37.2
204,349290,2000,7,1,74.5,84.0,62.6
205,349290,2000,7,21,75.0,83.1,66.0
206,349290,2000,8,24,78.6,93.9,66.2
207,349290,2000,9,12,68.7,80.6,54.5
208,349290,2000,10,6,60.0,71.4,48.2
209,349290,2000,11,3,48.1,62.2,40.5
210,349290,2000,11,10,38.2,48.6,31.8
211,349290,2000,3,26,43.1,53.1,29.1
212,349290,2000,4,20,62.9,71.8,55.4
213,349290,2000,3,15,34.7,44.6,20.7
214,349290,2000,7,24,75.4,85.1,66.2
215,349290,2000,9,28,55.8,65.3,47.8
216,349290,2000,2,4,35.2,39.9,26.6
217,349290,2000,3,17,38.4,44.4,33.6
218,349290,2000,5,17,53.1,62.8,41.0
219,349290,2000,6,2,71.4,81.3,60.8
220,349290,2000,1,10,31.6,33.8,30.2
221,349290,2000,2,8,39.5,46.2,33.8
222,349290,2000,4,23,59.3,68.4,51.8
223,349290,2000,4,28,68.7,81.5,51.8
224,349290,2000,8,12,79.8,88.5,69.6
225,349290,2000,10,13,50.2,55.4,45.9
226,349290,2000,3,13,33.6,39.2,26.6
227,349290,2000,8,2,75.4,83.5,69.8
228,349290,2000,9,29,56.8,66.7,45.3
229,349290,2000,11,8,45.3,52.3,39.2
230,349290,2000,2,23,28.5,32.0,23.0
231,349290,2000,4,8,49.2,57.2,39.2
232,349290,2000,4,9,43.5,46.4,39.2
233,349290,2000,9,16,61.5,69.8,53.6
234,349290,2000,4,17,59.3,69.8,48.2
235,349290,2000,5,21,67.1,80.6,49.6
236,349290,2000,10,23,44.1,52.7,33.8
237,349290,2000,5,11,60.1,72.5,47.7
238,349290,2000,12,27,48.3,57.2,38.3
239,349290,2000,1,28,33.2,35.6,19.4
240,349290,2000,2,3,44.4,49.1,38.5
241,349290,2000,5,16,57.9,68.4,48.0
242,349290,2000,10,9,56.5,61.2,52.5
243,349290,2000,12,18,40.2,50.0,33.8
244,349290,2000,3,12,37.1,43.3,30.9
245,349290,2000,4,29,68.9,77.9,59.0
246,349290,2000,5,4,48.0,59.0,34.7
247,349290,2000,5,24,69.6,80.6,50.0
248,349290,2000,7,3,74.7,86.2,61.9
249,349290,2000,7,27,81.3,91.6,69.1
250,349290,2000,11,9,40.1,50.0,35.6
251,349290,2000,11,14,36.0,43.7,28.8
252,349290,2000,12,10,26.0,37.6,17.1
253,349290,2000,12,11,32.7,44.6,22.6
254,349290,2000,12,29,43.9,54.9,36.7
255,349290,2000,3,5,45.4,50.0,40.8
256,349290,2000,5,22,66.2,78.8,51.8
257,349290,2000,10,19,43.4,50.0,36.5
258,349290,2000,1,17,31.6,35.6,29.3
259,349290,2000,1,23,19.5,25.2,12.2
260,349290,2000,2,19,49.0,64.6,38.3
261,349290,2000,8,30,68.4,75.2,62.2
262,349290,2000,11,11,46.4,59.7,35.1
263,349290,2000,2,13,37.4,46.4,28.9
264,349290,2000,2,18,42.8,52.5,31.1
265,349290,2000,4,27,64.9,80.6,50.0
266,349290,2000,5,28,70.5,81.0,56.8
267,349290,2000,7,22,82.1,93.4,67.3
268,349290,2000,8,8,81.5,93.9,66.0
269,349290,2000,11,1,47.3,59.0,36.9
270,349290,2000,11,28,27.6,35.6,23.7
271,349290,2000,12,16,49.0,56.5,35.2
272,349290,2000,12,23,19.2,32.7,11.5
273,349290,2000,12,24,20.7,34.9,7.5
274,349290,2000,4,3,57.3,67.6,41.0
275,349290,2000,12,4,38.0,45.3,30.2
276,349290,2000,8,13,74.6,82.4,66.2
277,349290,2000,1,7,32.9,33.8,32.0
278,349290,2000,1,26,15.9,23.0,5.0
279,349290,2000,3,25,36.5,42.8,31.6
280,349290,2000,4,15,54.5,64.8,51.8
281,349290,2000,5,8,50.5,59.0,46.4
282,349290,2000,6,8,70.7,79.3,66.2
283,349290,2000,8,3,70.5,78.8,64.4
284,349290,2000,12,6,38.7,43.3,33.8
285,349290,2000,8,9,81.0,98.6,68.0
286,349290,2000,9,23,51.6,55.4,48.2
287,349290,2000,10,14,51.3,60.8,41.0
288,349290,2000,11,16,37.1,50.4,26.6
289,349290,2000,11,23,34.0,38.3,28.4
290,349290,2000,12,14,31.7,39.2,26.2
291,349290,2000,2,26,35.8,39.2,32.0
292,349290,2000,5,1,62.3,70.7,55.4
293,349290,2000,7,10,76.3,89.6,64.4
294,349290,2000,7,28,78.6,90.3,66.2
295,349290,2000,12,9,24.9,33.3,21.2
296,349290,2000,5,13,51.9,61.3,41.0
297,349290,2000,5,26,68.5,77.9,61.5
298,349290,2000,12,17,46.1,57.4,37.2
299,349290,2000,2,24,28.4,37.4,19.4
300,349290,2000,3,7,33.5,40.3,28.4
301,349290,2000,5,9,57.4,66.7,42.8
302,349290,2000,9,17,59.6,69.8,51.8
303,349290,2000,10,7,59.9,70.2,51.8
304,349290,2000,11,5,44.7,59.4,35.6
305,349290,2000,10,2,59.1,72.3,41.2
306,349290,2000,6,1,70.0,80.2,62.2
307,349290,2000,8,29,63.6,68.0,59.4
308,349290,2000,4,2,60.6,75.7,44.6
309,349290,2000,7,29,78.7,90.9,63.0
310,349290,2000,8,19,79.2,95.0,64.9
311,349290,2000,8,21,80.6,95.2,65.5
312,349290,2000,8,23,82.1,96.8,65.1
313,349290,2000,9,15,65.0,79.3,50.5
314,349290,2000,10,5,56.9,70.3,44.1
315,349290,2000,10,15,48.6,62.6,37.0
316,349290,2000,11,4,48.2,60.8,40.5
317,349290,2000,11,19,33.4,44.6,26.6
318,349290,2000,7,26,79.8,89.6,64.4
319,349290,2000,5,12,59.5,68.0,49.6
320,349290,2000,5,15,54.9,61.2,46.2
321,349290,2000,6,19,59.5,66.9,52.3
322,349290,2000,12,15,43.2,51.8,29.8
323,349290,2000,1,13,33.4,35.6,31.1
324,349290,2000,7,19,71.3,75.6,67.5
325,349290,2000,2,25,31.2,37.4,19.4
326,349290,2000,3,4,46.6,61.3,37.2
327,349290,2000,5,5,54.3,65.5,38.8
328,349290,2000,6,30,73.7,84.4,61.9
329,349290,2000,8,6,79.6,92.3,63.5
330,349290,2000,8,7,80.0,90.7,69.4
331,349290,2000,9,10,64.5,75.9,54.1
332,349290,2000,9,14,63.7,77.0,47.1
333,349290,2000,10,3,63.2,74.5,51.8
334,349290,2000,10,16,53.2,66.7,40.8
335,349290,2000,12,5,40.7,50.9,28.2
336,349290,2000,12,19,35.4,39.2,30.7
337,349290,2000,1,14,33.3,35.6,32.0
338,349290,2000,11,17,42.3,63.1,28.4
339,349290,2000,2,27,28.2,37.4,17.6
340,349290,2000,10,12,54.0,59.4,46.4
341,349290,2000,10,29,52.5,55.4,48.2
342,349290,2000,11,12,45.4,50.7,39.2
343,349290,2000,2,10,46.4,55.4,37.4
344,349290,2000,7,11,72.8,82.4,60.8
345,349290,2000,10,31,45.8,50.9,39.2
346,349290,2000,11,27,25.3,35.6,15.8
347,349290,2000,12,13,28.5,30.2,26.6
348,349290,2000,6,13,71.7,85.5,53.6
349,349290,2000,7,30,86.8,105.8,66.2
350,349290,2000,9,5,72.8,84.2,62.6
351,349290,2000,11,15,40.1,53.1,32.0
352,349290,2000,1,25,29.6,41.7,21.2
353,349290,2000,2,11,38.7,42.8,33.8
354,349290,2000,4,6,61.1,75.4,48.2
355,349290,2000,6,4,69.3,81.7,62.4
356,349290,2000,6,9,67.0,75.9,55.4
357,349290,2000,6,18,58.8,62.8,55.0
358,349290,2000,12,31,47.9,57.2,41.0
359,349290,2000,5,20,62.1,75.2,46.4
360,349290,2000,6,11,66.3,77.0,53.6
361,349290,2000,6,14,69.7,78.3,59.0
362,349290,2000,9,18,62.5,79.7,48.2
363,349290,2000,10,30,51.4,57.2,48.2
364,349290,2000,11,21,37.2,54.1,24.8
365,349290,2000,12,7,32.5,34.2,28.4
0,349290,2001,12,18,20.6,23.0,18.0
1,349290,2001,1,31,46.6,58.5,38.1
2,349290,2001,7,31,84.7,95.0,72.3
3,349290,2001,8,21,77.6,87.8,69.4
4,349290,2001,11,1,57.1,65.3,50.7
5,349290,2001,1,21,26.3,30.2,19.2
6,349290,2001,6,29,65.6,76.5,60.8
7,349290,2001,5,10,57.4,62.6,53.2
8,349290,2001,1,10,47.5,58.1,36.7
9,349290,2001,5,31,55.6,61.2,50.9
10,349290,2001,8,20,73.6,86.0,64.4
11,349290,2001,11,13,55.2,62.6,39.4
12,349290,2001,2,17,36.3,39.2,33.1
13,349290,2001,3,29,32.0,34.7,29.5
14,349290,2001,11,22,36.2,42.8,27.9
15,349290,2001,12,23,38.1,41.4,34.5
16,349290,2001,2,21,25.6,32.4,17.6
17,349290,2001,3,1,37.8,45.3,26.4
18,349290,2001,4,18,53.6,62.6,37.8
19,349290,2001,4,27,55.5,66.2,44.1
20,349290,2001,12,13,29.8,32.0,26.2
21,349290,2001,3,4,54.1,64.9,41.5
22,349290,2001,3,20,54.5,66.2,41.7
23,349290,2001,4,4,52.8,62.1,43.5
24,349290,2001,4,22,60.2,73.4,50.9
25,349290,2001,5,3,58.9,62.6,55.2
26,349290,2001,11,9,54.2,69.8,40.8
27,349290,2001,11,28,40.9,48.6,34.9
28,349290,2001,11,16,39.4,44.1,33.4
29,349290,2001,12,27,34.2,38.8,24.8
30,349290,2001,2,11,31.2,34.0,26.6
31,349290,2001,7,8,71.7,89.6,63.9
32,349290,2001,6,10,65.7,79.5,53.6
33,349290,2001,8,13,82.8,92.5,73.9
34,349290,2001,3,31,44.8,54.3,33.3
35,349290,2001,4,25,55.0,64.4,44.1
36,349290,2001,2,10,39.3,54.5,27.3
37,349290,2001,3,25,40.7,51.8,27.7
38,349290,2001,4,21,57.0,68.4,41.4
39,349290,2001,5,18,64.3,77.0,52.9
40,349290,2001,5,19,64.8,77.7,51.6
41,349290,2001,7,25,87.1,102.2,73.0
42,349290,2001,7,27,85.6,96.8,73.9
43,349290,2001,8,8,84.2,98.6,67.1
44,349290,2001,8,12,85.3,97.0,74.5
45,349290,2001,9,1,63.4,77.4,52.0
46,349290,2001,10,10,56.3,68.0,43.9
47,349290,2001,1,1,42.7,52.3,33.8
48,349290,2001,3,9,33.9,42.8,23.5
49,349290,2001,4,1,47.5,55.8,36.7
50,349290,2001,4,7,54.0,63.9,43.3
51,349290,2001,6,12,73.1,86.7,58.5
52,349290,2001,7,3,76.6,89.6,58.3
53,349290,2001,7,24,86.3,100.4,69.1
54,349290,2001,9,6,68.2,80.6,53.6
55,349290,2001,11,24,38.4,45.5,34.3
56,349290,2001,1,18,24.3,26.8,22.6
57,349290,2001,7,15,83.3,96.8,66.2
58,349290,2001,8,26,71.0,86.0,56.5
59,349290,2001,9,17,71.3,84.2,60.4
60,349290,2001,9,21,63.6,74.1,57.0
61,349290,2001,9,23,67.2,80.8,56.5
62,349290,2001,8,11,82.7,96.3,74.7
63,349290,2001,12,2,38.8,42.1,35.6
64,349290,2001,2,18,33.4,39.2,28.4
65,349290,2001,5,12,57.5,66.2,50.0
66,349290,2001,3,22,46.5,62.6,41.0
67,349290,2001,3,23,42.9,48.0,39.2
68,349290,2001,8,24,75.8,86.9,64.4
69,349290,2001,6,22,72.6,84.4,59.0
70,349290,2001,5,2,61.4,71.6,48.9
71,349290,2001,4,14,55.0,67.8,41.0
72,349290,2001,7,2,74.2,86.0,60.8
73,349290,2001,5,30,57.6,66.2,51.8
74,349290,2001,5,20,63.1,77.7,51.8
75,349290,2001,6,28,68.3,75.7,60.8
76,349290,2001,11,6,43.6,46.4,34.9
77,349290,2001,6,26,69.8,82.4,55.4
78,349290,2001,6,16,68.7,75.4,64.4
79,349290,2001,8,14,79.7,96.8,71.6
80,349290,2001,2,26,30.2,35.6,28.4
81,349290,2001,3,15,51.4,66.9,39.2
82,349290,2001,4,12,51.3,56.3,47.3
83,349290,2001,4,15,51.7,54.9,49.8
84,349290,2001,5,14,55.4,59.4,51.8
85,349290,2001,6,17,65.3,71.6,62.6
86,349290,2001,9,14,65.1,74.7,55.4
87,349290,2001,11,21,34.1,37.9,27.9
88,349290,2001,12,5,26.4,29.7,23.0
89,349290,2001,12,19,18.4,21.2,15.8
90,349290,2001,12,20,17.5,30.2,10.4
91,349290,2001,5,23,58.0,67.3,50.0
92,349290,2001,1,12,41.5,48.2,33.8
93,349290,2001,9,29,54.9,64.8,44.6
94,349290,2001,11,8,50.4,60.8,41.0
95,349290,2001,12,24,37.9,46.4,28.4
96,349290,2001,7,1,70.5,83.1,57.2
97,349290,2001,1,20,26.5,34.5,21.2
98,349290,2001,12,11,16.3,24.8,10.4
99,349290,2001,1,13,32.6,36.3,28.4
100,349290,2001,2,8,34.8,44.6,30.2
101,349290,2001,3,21,52.9,58.1,50.0
102,349290,2001,6,4,69.8,79.7,53.6
103,349290,2001,7,26,85.5,98.6,73.4
104,349290,2001,8,28,70.8,84.2,53.6
105,349290,2001,1,24,20.8,30.9,14.0
106,349290,2001,2,1,49.1,64.6,38.5
107,349290,2001,2,4,28.8,32.2,22.6
108,349290,2001,3,11,47.6,65.5,28.4
109,349290,2001,3,19,56.6,69.8,42.1
110,349290,2001,5,27,60.2,68.9,50.0
111,349290,2001,7,7,80.2,93.6,64.4
112,349290,2001,9,5,65.8,75.9,57.2
113,349290,2001,10,16,49.3,55.4,41.0
114,349290,2001,1,15,24.7,29.1,17.6
115,349290,2001,6,5,64.2,70.3,59.0
116,349290,2001,2,22,32.5,35.6,26.8
117,349290,2001,11,25,42.6,52.9,34.9
118,349290,2001,1,22,23.6,28.6,21.9
119,349290,2001,4,23,64.3,73.4,55.8
120,349290,2001,9,3,71.7,86.5,55.2
121,349290,2001,11,18,32.7,37.4,25.9
122,349290,2001,6,14,66.8,77.2,56.8
123,349290,2001,12,30,42.9,46.4,34.5
124,349290,2001,9,22,64.5,77.4,58.1
125,349290,2001,7,19,80.6,93.2,66.2
126,349290,2001,7,18,82.6,95.0,69.8
127,349290,2001,8,18,81.6,91.4,70.5
128,349290,2001,8,27,69.6,81.1,54.7
129,349290,2001,6,21,77.4,93.4,63.3
130,349290,2001,6,27,69.6,75.2,63.9
131,349290,2001,7,30,81.3,93.2,72.5
132,349290,2001,2,15,33.7,38.1,31.3
133,349290,2001,7,9,68.0,72.3,64.9
134,349290,2001,7,29,84.8,95.4,77.0
135,349290,2001,10,29,36.8,42.8,27.7
136,349290,2001,1,29,44.6,58.8,34.5
137,349290,2001,2,6,42.1,44.6,38.3
138,349290,2001,2,27,43.4,52.5,29.8
139,349290,2001,11,10,55.3,62.6,48.9
140,349290,2001,12,21,36.1,41.0,7.3
141,349290,2001,2,5,34.9,42.8,22.6
142,349290,2001,3,16,50.0,57.2,44.2
143,349290,2001,4,16,55.9,66.4,47.7
144,349290,2001,8,29,70.8,84.2,58.6
145,349290,2001,11,3,44.1,45.5,42.8
146,349290,2001,12,9,31.2,34.0,23.0
147,349290,2001,3,12,49.6,59.4,39.2
148,349290,2001,9,9,67.6,77.5,60.8
149,349290,2001,10,14,57.7,63.3,47.7
150,349290,2001,5,28,57.9,70.3,48.2
151,349290,2001,7,4,74.3,90.5,62.2
152,349290,2001,1,26,26.3,41.5,12.2
153,349290,2001,5,17,60.3,74.1,47.5
154,349290,2001,6,3,63.7,72.1,57.2
155,349290,2001,6,15,73.3,81.9,59.9
156,349290,2001,7,21,84.4,98.6,69.1
157,349290,2001,8,3,77.3,86.0,67.8
158,349290,2001,9,27,56.6,60.6,51.8
159,349290,2001,11,7,43.7,48.6,29.1
160,349290,2001,1,25,23.4,35.6,15.1
161,349290,2001,3,8,36.7,52.9,27.9
162,349290,2001,6,19,72.4,83.7,56.5
163,349290,2001,9,15,63.7,75.4,49.3
164,349290,2001,5,1,59.1,71.6,45.9
165,349290,2001,5,22,60.1,72.1,48.0
166,349290,2001,7,11,76.0,86.2,63.7
167,349290,2001,1,5,40.5,47.3,32.5
168,349290,2001,1,7,40.2,50.2,32.7
169,349290,2001,1,11,40.0,45.7,36.0
170,349290,2001,5,7,64.8,76.1,51.1
171,349290,2001,7,14,80.1,93.2,67.3
172,349290,2001,7,22,86.6,98.2,73.9
173,349290,2001,8,4,76.1,86.7,65.8
174,349290,2001,8,17,80.5,91.4,70.7
175,349290,2001,9,12,75.7,90.1,58.5
176,349290,2001,10,1,51.5,59.9,43.0
177,349290,2001,10,4,63.2,77.9,49.8
178,349290,2001,10,27,33.0,45.1,23.0
179,349290,2001,11,4,44.9,46.4,43.7
180,349290,2001,1,8,41.6,55.4,31.5
181,349290,2001,2,9,39.8,57.6,28.2
182,349290,2001,3,18,60.5,70.2,41.4
183,349290,2001,8,7,81.8,96.8,64.8
184,349290,2001,8,22,80.8,92.1,68.0
185,349290,2001,11,5,45.7,48.2,44.2
186,349290,2001,12,28,38.2,47.1,34.9
187,349290,2001,12,16,27.7,32.0,16.3
188,349290,2001,5,13,56.4,62.8,47.3
189,349290,2001,7,5,80.8,91.4,63.0
190,349290,2001,5,25,57.7,66.7,43.9
191,349290,2001,5,5,60.5,71.6,48.2
192,349290,2001,7,23,83.9,96.8,69.8
193,349290,2001,4,8,56.2,68.5,43.2
194,349290,2001,8,6,82.6,96.8,66.9
195,349290,2001,7,28,83.7,94.6,77.0
196,349290,2001,5,8,62.9,74.7,54.7
197,349290,2001,10,23,52.1,59.0,40.1
198,349290,2001,3,2,46.3,54.0,39.2
199,349290,2001,7,10,73.8,84.2,64.9
200,349290,2001,3,13,50.7,62.2,40.3
201,349290,2001,5,11,53.1,59.0,49.6
202,349290,2001,6,1,59.5,66.9,52.7
203,349290,2001,1,30,48.6,60.3,40.3
204,349290,2001,2,19,36.6,43.5,28.9
205,349290,2001,5,29,57.8,62.6,50.5
206,349290,2001,9,28,56.4,59.0,53.1
207,349290,2001,10,12,57.0,65.1,49.8
208,349290,2001,10,20,55.3,60.8,44.2
209,349290,2001,11,27,41.9,45.5,34.7
210,349290,2001,12,25,27.8,33.8,23.9
211,349290,2001,11,19,41.2,43.3,34.5
212,349290,2001,11,14,63.4,67.6,59.5
213,349290,2001,10,31,50.9,55.4,45.3
214,349290,2001,1,16,22.2,34.9,15.4
215,349290,2001,11,30,40.2,46.4,34.7
216,349290,2001,6,18,67.6,78.8,60.8
217,349290,2001,6,9,62.9,71.8,52.5
218,349290,2001,7,17,86.6,97.5,67.3
219,349290,2001,3,30,39.4,46.9,27.5
220,349290,2001,7,13,77.2,90.7,67.5
221,349290,2001,8,10,86.3,96.8,73.8
222,349290,2001,10,9,58.5,69.8,45.9
223,349290,2001,3,10,41.6,55.4,27.9
224,349290,2001,7,20,80.8,96.8,63.9
225,349290,2001,8,1,83.4,95.2,73.4
226,349290,2001,9,18,70.5,79.7,61.5
227,349290,2001,9,19,67.1,77.0,58.3
228,349290,2001,10,21,51.9,59.4,48.2
229,349290,2001,1,27,29.0,43.9,16.9
230,349290,2001,4,30,60.0,70.7,48.2
231,349290,2001,6,11,69.3,82.4,53.6
232,349290,2001,7,6,79.7,93.9,63.9
233,349290,2001,7,12,78.3,90.3,62.6
234,349290,2001,8,16,77.4,87.8,65.8
235,349290,2001,8,25,74.0,85.6,63.1
236,349290,2001,9,2,64.9,77.4,50.4
237,349290,2001,9,7,69.6,79.5,59.9
238,349290,2001,9,11,72.6,86.4,58.8
239,349290,2001,12,6,21.5,26.6,18.5
240,349290,2001,1,9,42.7,59.0,29.1
241,349290,2001,1,23,19.9,27.1,15.3
242,349290,2001,4,28,57.7,68.7,46.9
243,349290,2001,6,20,76.0,89.1,62.1
244,349290,2001,11,12,40.4,48.2,31.5
245,349290,2001,12,12,25.4,30.6,9.5
246,349290,2001,1,3,36.2,39.4,28.8
247,349290,2001,3,26,57.0,66.2,37.8
248,349290,2001,8,5,78.9,92.1,60.8
249,349290,2001,9,10,68.9,80.2,55.4
250,349290,2001,9,16,67.7,79.0,55.2
251,349290,2001,9,20,63.2,73.4,55.2
252,349290,2001,12,3,38.0,42.8,35.6
253,349290,2001,6,2,67.9,77.7,52.2
254,349290,2001,5,24,52.1,61.5,44.6
255,349290,2001,5,15,53.8,55.6,51.8
256,349290,2001,1,14,28.7,32.2,26.6
257,349290,2001,3,28,47.0,57.6,33.8
258,349290,2001,10,26,32.3,40.1,23.0
259,349290,2001,4,26,53.9,60.8,44.6
260,349290,2001,10,2,58.0,73.4,46.4
261,349290,2001,1,2,40.7,51.8,30.2
262,349290,2001,4,10,57.0,65.7,48.2
263,349290,2001,2,20,29.5,35.6,21.2
264,349290,2001,9,26,61.8,70.3,55.4
265,349290,2001,12,10,26.9,32.7,14.0
266,349290,2001,12,15,23.7,26.6,15.8
267,349290,2001,2,14,33.1,39.6,26.6
268,349290,2001,8,15,73.3,83.3,68.0
269,349290,2001,10,7,58.1,64.6,48.2
270,349290,2001,12,17,24.7,31.1,18.5
271,349290,2001,4,29,54.3,61.0,44.6
272,349290,2001,8,31,60.6,71.6,51.8
273,349290,2001,12,26,31.3,35.6,24.8
274,349290,2001,2,3,39.2,48.9,32.0
275,349290,2001,3,6,46.5,64.0,35.6
276,349290,2001,9,8,66.6,71.6,60.8
277,349290,2001,9,13,70.0,82.4,62.1
278,349290,2001,10,24,45.9,57.9,32.0
279,349290,2001,11,23,42.6,48.2,37.4
280,349290,2001,12,8,22.0,26.6,17.6
281,349290,2001,12,14,31.0,34.0,28.4
282,349290,2001,12,29,35.8,39.2,33.8
283,349290,2001,2,23,34.8,41.2,30.2
284,349290,2001,3,14,51.2,59.9,44.6
285,349290,2001,3,17,46.9,54.0,41.0
286,349290,2001,4,17,51.6,57.6,41.0
287,349290,2001,8,23,76.6,86.4,66.2
288,349290,2001,10,30,45.6,56.5,32.0
289,349290,2001,10,8,55.3,66.9,47.5
290,349290,2001,7,16,80.4,97.5,73.4
291,349290,2001,10,5,60.8,79.0,51.1
292,349290,2001,10,28,32.6,49.5,22.5
293,349290,2001,6,24,73.4,80.6,62.6
294,349290,2001,5,26,60.3,69.8,42.8
295,349290,2001,9,24,66.3,80.1,53.6
296,349290,2001,10,11,57.1,70.2,48.2
297,349290,2001,12,4,32.6,37.4,30.2
298,349290,2001,12,22,36.0,39.9,32.0
299,349290,2001,1,4,33.2,35.6,32.0
300,349290,2001,6,23,71.4,81.1,57.2
301,349290,2001,6,25,69.3,81.0,57.2
302,349290,2001,10,22,50.5,59.9,42.8
303,349290,2001,10,17,46.0,50.0,39.2
304,349290,2001,12,7,25.8,28.6,19.4
305,349290,2001,4,3,46.8,50.0,42.8
306,349290,2001,4,13,54.0,65.5,41.0
307,349290,2001,8,2,82.7,93.6,71.6
308,349290,2001,9,25,69.4,82.4,53.6
309,349290,2001,10,6,67.3,79.0,57.2
310,349290,2001,5,16,55.7,64.6,50.0
311,349290,2001,4,24,56.3,61.2,48.2
312,349290,2001,4,2,47.2,51.8,39.2
313,349290,2001,1,17,22.4,26.2,15.8
314,349290,2001,6,8,61.3,72.7,51.8
315,349290,2001,3,7,35.5,41.5,30.2
316,349290,2001,4,11,50.5,53.6,48.2
317,349290,2001,6,6,59.6,64.8,57.2
318,349290,2001,12,31,37.1,46.4,30.2
319,349290,2001,6,30,69.7,80.6,60.8
320,349290,2001,11,2,53.2,65.8,42.8
321,349290,2001,2,24,34.4,39.7,24.8
322,349290,2001,6,7,60.4,65.5,55.4
323,349290,2001,5,21,59.0,66.7,48.2
324,349290,2001,10,25,32.2,39.4,26.6
325,349290,2001,11,11,46.6,55.6,37.4
326,349290,2001,11,20,45.5,53.6,35.6
327,349290,2001,1,28,39.4,51.8,23.0
328,349290,2001,2,2,37.6,41.7,32.0
329,349290,2001,2,7,37.6,41.5,32.0
330,349290,2001,2,12,34.1,35.6,32.0
331,349290,2001,2,16,37.9,47.5,28.4
332,349290,2001,2,25,34.5,39.2,30.2
333,349290,2001,4,6,50.5,52.9,44.6
334,349290,2001,4,19,54.1,59.5,51.8
335,349290,2001,5,4,56.6,60.8,50.0
336,349290,2001,8,19,77.4,86.7,68.0
337,349290,2001,9,30,54.4,61.2,47.7
338,349290,2001,11,17,31.2,36.3,26.6
339,349290,2001,11,26,40.5,45.9,35.1
340,349290,2001,2,28,35.0,39.9,26.6
341,349290,2001,3,3,42.8,50.0,37.4
342,349290,2001,3,27,48.9,61.2,40.3
343,349290,2001,4,5,56.1,64.4,50.0
344,349290,2001,8,30,65.8,73.8,59.0
345,349290,2001,3,24,38.1,43.7,30.2
346,349290,2001,11,15,47.5,60.8,37.4
347,349290,2001,8,9,82.1,97.2,71.6
348,349290,2001,5,9,58.4,64.4,55.4
349,349290,2001,10,18,43.6,49.5,37.4
350,349290,2001,1,19,26.8,28.4,23.0
351,349290,2001,10,19,44.0,53.8,32.0
352,349290,2001,12,1,43.9,50.5,39.2
353,349290,2001,3,5,57.5,71.1,44.6
354,349290,2001,4,20,54.7,62.6,46.4
355,349290,2001,9,4,69.6,77.7,62.6
356,349290,2001,10,3,62.7,75.2,50.0
357,349290,2001,10,13,54.0,61.7,48.2
358,349290,2001,1,6,39.1,50.9,30.2
359,349290,2001,2,13,34.9,42.1,26.6
360,349290,2001,5,6,61.3,68.9,53.6
361,349290,2001,6,13,70.4,80.6,57.2
362,349290,2001,10,15,54.1,63.0,46.4
363,349290,2001,4,9,58.1,70.5,42.8
364,349290,2001,11,29,42.2,51.8,35.6
0,349290,2002,11,21,45.7,60.4,36.5
1,349290,2002,6,25,75.3,87.4,63.5
2,349290,2002,8,10,67.8,77.7,62.1
3,349290,2002,6,19,61.1,63.3,57.2
4,349290,2002,11,19,47.6,64.4,34.9
5,349290,2002,4,11,47.7,57.2,38.7
6,349290,2002,1,20,24.8,28.4,19.4
7,349290,2002,7,29,80.5,93.4,71.6
8,349290,2002,6,13,64.8,72.3,58.8
9,349290,2002,1,11,28.9,33.8,18.7
10,349290,2002,4,26,54.0,61.3,46.4
11,349290,2002,9,25,71.7,86.0,59.0
12,349290,2002,1,16,25.1,28.4,21.0
13,349290,2002,1,21,31.8,35.4,18.9
14,349290,2002,9,8,69.4,80.6,60.4
15,349290,2002,6,14,72.3,82.4,53.8
16,349290,2002,3,14,50.1,57.4,43.5
17,349290,2002,3,26,46.2,51.8,41.4
18,349290,2002,7,22,79.1,94.5,67.1
19,349290,2002,10,4,55.0,65.8,40.3
20,349290,2002,4,22,51.4,61.5,36.3
21,349290,2002,7,10,86.2,98.6,69.4
22,349290,2002,8,11,73.7,82.4,60.6
23,349290,2002,8,15,73.8,86.0,66.2
24,349290,2002,9,28,65.6,76.1,57.2
25,349290,2002,3,27,46.3,53.2,41.0
26,349290,2002,7,24,71.7,77.0,66.2
27,349290,2002,9,24,69.7,84.9,56.5
28,349290,2002,5,14,61.7,73.6,45.3
29,349290,2002,6,22,77.4,86.2,62.8
30,349290,2002,8,19,69.2,78.6,63.7
31,349290,2002,9,13,67.2,77.7,56.5
32,349290,2002,9,22,65.1,78.8,54.0
33,349290,2002,9,27,75.1,88.5,60.8
34,349290,2002,12,12,20.4,24.8,9.3
35,349290,2002,1,18,23.9,31.1,17.1
36,349290,2002,2,11,37.4,44.2,29.1
37,349290,2002,3,10,46.9,57.2,32.7
38,349290,2002,4,29,58.3,73.4,41.9
39,349290,2002,1,2,18.2,24.8,14.0
40,349290,2002,8,6,73.2,77.7,69.8
41,349290,2002,9,17,61.7,73.4,53.6
42,349290,2002,10,28,52.3,61.7,42.8
43,349290,2002,10,17,52.4,57.4,48.2
44,349290,2002,6,28,72.4,81.9,60.8
45,349290,2002,4,5,44.4,53.6,28.4
46,349290,2002,3,11,46.6,53.6,39.2
47,349290,2002,4,17,53.7,62.6,50.0
48,349290,2002,6,5,64.3,70.9,55.4
49,349290,2002,8,30,70.7,80.6,55.0
50,349290,2002,11,17,52.8,71.6,35.6
51,349290,2002,9,18,61.2,70.5,51.8
52,349290,2002,7,11,84.5,94.5,73.4
53,349290,2002,3,20,43.1,49.1,37.4
54,349290,2002,5,18,66.6,79.0,50.0
55,349290,2002,8,4,76.8,86.5,64.4
56,349290,2002,12,21,21.6,23.0,19.4
57,349290,2002,10,22,45.4,55.0,31.3
58,349290,2002,5,2,62.7,73.8,49.3
59,349290,2002,6,4,68.7,78.8,54.3
60,349290,2002,2,24,48.9,61.9,35.4
61,349290,2002,3,1,51.6,55.2,46.9
62,349290,2002,4,19,57.9,64.9,50.9
63,349290,2002,12,2,21.7,32.0,14.0
64,349290,2002,12,3,32.6,42.4,23.0
65,349290,2002,12,19,23.6,27.7,17.2
66,349290,2002,1,27,41.4,49.1,31.6
67,349290,2002,2,1,44.6,53.6,29.5
68,349290,2002,3,2,51.9,59.0,46.0
69,349290,2002,3,12,48.2,57.2,38.5
70,349290,2002,4,3,49.9,58.1,40.6
71,349290,2002,4,13,51.6,63.3,39.0
72,349290,2002,4,23,53.5,64.4,35.6
73,349290,2002,5,17,65.1,76.5,49.8
74,349290,2002,5,23,61.4,75.6,42.3
75,349290,2002,5,26,70.9,82.4,59.2
76,349290,2002,5,28,69.2,77.0,59.5
77,349290,2002,7,26,73.7,84.6,60.1
78,349290,2002,8,13,78.5,90.1,66.2
79,349290,2002,3,24,47.7,52.2,42.8
80,349290,2002,7,14,78.6,93.2,69.8
81,349290,2002,12,14,28.0,32.0,23.0
82,349290,2002,11,13,36.6,43.0,26.6
83,349290,2002,1,29,41.5,46.8,35.6
84,349290,2002,1,30,44.9,50.4,40.6
85,349290,2002,1,31,36.7,43.0,29.5
86,349290,2002,4,7,44.5,48.2,37.4
87,349290,2002,5,8,58.9,68.2,48.2
88,349290,2002,6,2,65.0,75.9,57.2
89,349290,2002,8,9,67.7,73.4,62.6
90,349290,2002,11,15,48.2,63.5,35.6
91,349290,2002,7,6,77.9,87.8,64.4
92,349290,2002,11,5,45.0,51.4,41.9
93,349290,2002,12,31,49.9,56.3,46.2
94,349290,2002,6,9,71.7,83.5,60.1
95,349290,2002,3,28,42.4,45.1,39.9
96,349290,2002,10,24,58.7,68.0,49.5
97,349290,2002,10,30,44.1,55.4,37.0
98,349290,2002,4,28,55.7,68.7,40.1
99,349290,2002,7,19,80.8,90.7,69.8
100,349290,2002,8,1,81.9,94.1,68.7
101,349290,2002,2,7,43.1,57.9,32.0
102,349290,2002,3,25,47.5,51.8,42.8
103,349290,2002,9,1,72.5,82.9,62.6
104,349290,2002,10,1,58.5,68.0,50.0
105,349290,2002,11,27,37.1,46.4,30.2
106,349290,2002,12,5,38.0,57.2,28.4
107,349290,2002,10,20,55.0,60.8,50.0
108,349290,2002,4,20,54.2,60.8,44.6
109,349290,2002,10,26,49.6,57.2,46.4
110,349290,2002,6,18,63.4,66.2,60.1
111,349290,2002,1,14,27.1,29.7,24.8
112,349290,2002,1,13,28.4,29.1,27.9
113,349290,2002,4,1,46.4,64.8,31.1
114,349290,2002,11,16,48.7,62.2,39.2
115,349290,2002,5,24,62.8,75.9,49.5
116,349290,2002,8,24,64.2,77.7,57.9
117,349290,2002,1,3,19.9,23.0,14.4
118,349290,2002,7,9,80.8,97.9,70.5
119,349290,2002,6,21,72.5,84.2,63.5
120,349290,2002,10,25,58.2,68.4,47.3
121,349290,2002,7,4,77.5,91.0,64.0
122,349290,2002,10,15,49.9,59.0,41.4
123,349290,2002,4,9,39.2,45.3,35.6
124,349290,2002,8,28,66.5,81.0,51.8
125,349290,2002,11,2,43.9,57.2,31.8
126,349290,2002,5,1,62.5,73.4,48.2
127,349290,2002,9,30,62.2,69.8,53.8
128,349290,2002,2,18,39.2,51.8,32.0
129,349290,2002,2,28,45.6,57.9,33.8
130,349290,2002,1,12,29.2,30.7,26.6
131,349290,2002,11,11,45.3,52.3,37.4
132,349290,2002,4,6,48.7,55.4,42.6
133,349290,2002,1,15,25.6,27.1,24.3
134,349290,2002,6,20,67.7,78.4,58.6
135,349290,2002,10,7,63.5,80.8,47.8
136,349290,2002,11,22,44.5,54.5,33.6
137,349290,2002,7,27,80.4,88.3,63.0
138,349290,2002,6,26,75.2,84.2,67.3
139,349290,2002,4,30,62.5,74.3,46.8
140,349290,2002,3,29,44.3,53.1,39.2
141,349290,2002,10,3,50.9,59.0,43.7
142,349290,2002,7,15,76.1,90.3,69.8
143,349290,2002,12,25,14.0,18.5,-4.7
144,349290,2002,6,15,72.6,84.4,58.6
145,349290,2002,1,10,27.3,32.0,-1.5
146,349290,2002,4,18,51.6,55.4,48.2
147,349290,2002,6,11,69.2,76.5,59.7
148,349290,2002,2,19,46.2,59.4,31.3
149,349290,2002,4,2,53.2,66.7,41.0
150,349290,2002,9,5,71.4,82.8,59.7
151,349290,2002,5,12,59.8,70.7,47.7
152,349290,2002,6,3,64.3,74.1,56.5
153,349290,2002,8,29,66.6,80.6,51.8
154,349290,2002,2,5,36.1,39.7,31.3
155,349290,2002,5,25,70.2,81.3,51.8
156,349290,2002,1,1,29.2,30.4,26.6
157,349290,2002,9,7,68.6,77.4,62.6
158,349290,2002,10,12,55.9,65.1,46.4
159,349290,2002,9,26,68.9,81.3,60.8
160,349290,2002,2,20,48.5,59.2,39.2
161,349290,2002,10,16,50.6,53.2,48.2
162,349290,2002,10,29,46.8,52.2,39.2
163,349290,2002,6,6,61.7,68.9,55.4
164,349290,2002,9,6,71.2,83.7,63.7
165,349290,2002,4,16,56.3,64.6,49.5
166,349290,2002,11,8,49.3,62.8,41.4
167,349290,2002,5,9,57.2,66.2,45.1
168,349290,2002,7,8,83.2,95.0,71.4
169,349290,2002,7,23,75.9,82.9,70.5
170,349290,2002,10,9,62.3,71.1,55.8
171,349290,2002,9,29,64.2,70.7,56.7
172,349290,2002,8,14,75.9,84.2,67.3
173,349290,2002,9,10,69.0,77.0,62.2
174,349290,2002,6,30,75.8,86.0,59.5
175,349290,2002,1,4,16.4,24.4,14.0
176,349290,2002,2,27,39.4,49.5,28.2
177,349290,2002,3,5,39.6,47.1,32.5
178,349290,2002,7,5,78.4,89.2,64.9
179,349290,2002,11,10,53.2,57.2,48.2
180,349290,2002,6,17,71.6,83.1,57.2
181,349290,2002,1,5,10.9,14.4,8.6
182,349290,2002,1,28,39.5,47.7,32.0
183,349290,2002,2,26,39.4,47.3,32.0
184,349290,2002,3,9,39.9,46.8,33.3
185,349290,2002,1,24,38.6,44.1,30.2
186,349290,2002,11,18,52.9,74.3,39.2
187,349290,2002,1,8,2.4,17.8,-13.0
188,349290,2002,5,31,66.5,74.1,59.0
189,349290,2002,8,18,70.7,77.4,64.4
190,349290,2002,12,18,14.6,21.9,1.4
191,349290,2002,11,26,42.1,43.3,40.3
192,349290,2002,2,25,51.0,59.5,45.9
193,349290,2002,1,9,-1.9,21.2,-22.5
194,349290,2002,8,3,74.0,83.3,65.5
195,349290,2002,8,12,76.5,87.3,63.5
196,349290,2002,2,9,45.5,55.4,30.7
197,349290,2002,3,17,36.6,44.1,25.0
198,349290,2002,10,31,47.0,51.8,37.9
199,349290,2002,10,18,61.8,75.2,46.4
200,349290,2002,11,24,39.5,42.8,33.6
201,349290,2002,5,13,58.9,69.8,43.5
202,349290,2002,2,22,49.4,67.6,32.9
203,349290,2002,3,31,48.1,60.8,36.1
204,349290,2002,5,3,61.7,71.6,50.7
205,349290,2002,5,21,53.1,64.4,42.1
206,349290,2002,7,3,76.2,90.3,62.1
207,349290,2002,7,28,81.6,93.2,66.6
208,349290,2002,8,27,66.2,78.8,55.8
209,349290,2002,8,21,65.6,73.9,59.0
210,349290,2002,10,13,47.2,51.8,44.4
211,349290,2002,9,2,73.0,84.9,64.0
212,349290,2002,9,11,66.7,77.5,58.8
213,349290,2002,5,4,58.1,70.2,47.7
214,349290,2002,5,27,72.9,84.9,54.7
215,349290,2002,7,17,76.9,88.9,69.3
216,349290,2002,7,18,79.0,89.6,69.4
217,349290,2002,8,7,69.5,75.9,64.4
218,349290,2002,9,3,70.7,81.1,60.8
219,349290,2002,6,12,65.3,69.8,60.8
220,349290,2002,12,20,22.7,25.3,21.2
221,349290,2002,2,17,38.7,43.9,32.0
222,349290,2002,3,13,50.9,64.4,44.6
223,349290,2002,5,6,55.2,68.4,46.4
224,349290,2002,9,16,69.7,80.6,55.4
225,349290,2002,10,11,61.2,71.1,48.2
226,349290,2002,2,8,42.7,59.4,30.2
227,349290,2002,3,23,50.1,57.2,41.0
228,349290,2002,6,23,75.5,86.7,64.4
229,349290,2002,12,24,13.4,21.2,-2.2
230,349290,2002,5,29,65.2,72.9,55.4
231,349290,2002,9,15,64.8,73.4,59.0
232,349290,2002,10,21,45.7,52.5,33.8
233,349290,2002,2,14,41.1,46.4,35.6
234,349290,2002,3,16,36.7,44.6,26.6
235,349290,2002,4,8,40.8,45.7,32.0
236,349290,2002,6,1,63.5,69.8,59.0
237,349290,2002,2,10,42.0,50.7,33.8
238,349290,2002,4,15,51.8,55.4,49.3
239,349290,2002,7,30,80.6,93.2,66.9
240,349290,2002,3,21,43.0,48.9,34.9
241,349290,2002,4,10,43.6,50.2,36.5
242,349290,2002,12,22,28.3,35.6,15.3
243,349290,2002,9,4,68.5,77.7,57.7
244,349290,2002,9,14,67.2,78.8,58.6
245,349290,2002,11,20,48.1,69.8,33.3
246,349290,2002,11,28,39.9,42.8,28.9
247,349290,2002,12,30,49.9,54.9,39.0
248,349290,2002,1,19,28.1,32.4,19.9
249,349290,2002,1,25,35.0,43.7,22.8
250,349290,2002,2,12,41.3,47.1,37.2
251,349290,2002,3,6,46.8,59.4,33.1
252,349290,2002,3,7,60.7,68.5,44.1
253,349290,2002,3,18,42.5,48.9,36.5
254,349290,2002,3,30,46.0,55.9,35.1
255,349290,2002,4,25,56.4,68.7,41.4
256,349290,2002,5,7,59.9,73.4,44.2
257,349290,2002,5,30,69.1,82.4,53.2
258,349290,2002,8,25,68.4,79.2,56.3
259,349290,2002,7,13,83.8,95.5,71.6
260,349290,2002,8,5,74.8,78.8,71.6
261,349290,2002,8,16,72.7,84.7,60.8
262,349290,2002,12,29,42.6,48.4,36.1
263,349290,2002,2,13,42.6,44.6,37.2
264,349290,2002,3,22,46.5,51.8,42.4
265,349290,2002,8,20,66.4,73.4,60.1
266,349290,2002,9,21,64.1,75.7,53.2
267,349290,2002,12,9,6.2,12.2,1.4
268,349290,2002,12,28,33.9,44.8,19.2
269,349290,2002,4,27,54.1,68.0,38.8
270,349290,2002,5,15,65.3,77.9,47.1
271,349290,2002,6,10,70.5,80.6,60.1
272,349290,2002,8,26,68.2,79.0,55.0
273,349290,2002,9,19,62.2,72.0,51.8
274,349290,2002,10,19,63.0,79.9,48.2
275,349290,2002,7,12,82.3,95.0,71.6
276,349290,2002,9,12,68.5,78.8,59.0
277,349290,2002,12,26,19.4,24.8,8.6
278,349290,2002,2,21,44.9,54.7,37.4
279,349290,2002,2,4,42.9,52.5,32.0
280,349290,2002,3,15,48.8,53.6,42.8
281,349290,2002,4,21,47.8,56.8,39.2
282,349290,2002,5,22,57.6,69.8,44.6
283,349290,2002,7,7,80.8,91.4,66.2
284,349290,2002,7,20,81.2,90.3,71.6
285,349290,2002,7,31,81.6,96.8,66.2
286,349290,2002,12,13,25.1,32.0,14.0
287,349290,2002,9,20,62.9,72.5,55.4
288,349290,2002,11,6,39.2,46.4,35.6
289,349290,2002,12,15,17.0,21.2,6.8
290,349290,2002,9,9,69.5,80.1,59.0
291,349290,2002,10,10,55.6,63.0,49.3
292,349290,2002,12,23,20.8,30.2,14.0
293,349290,2002,4,4,39.7,44.6,34.0
294,349290,2002,5,20,60.5,72.3,48.2
295,349290,2002,6,7,62.2,71.6,50.0
296,349290,2002,8,23,69.3,84.2,60.8
297,349290,2002,8,31,70.3,80.6,60.8
298,349290,2002,12,11,18.4,24.3,10.9
299,349290,2002,3,4,39.8,47.5,32.5
300,349290,2002,5,5,57.0,70.5,44.6
301,349290,2002,7,1,76.1,86.4,59.0
302,349290,2002,7,21,79.0,88.9,69.8
303,349290,2002,8,2,79.4,93.6,68.0
304,349290,2002,11,7,40.3,43.5,35.6
305,349290,2002,12,6,32.4,33.8,30.0
306,349290,2002,2,3,39.3,44.6,29.5
307,349290,2002,1,22,31.8,37.6,20.8
308,349290,2002,10,5,58.9,72.5,49.5
309,349290,2002,10,6,60.0,75.2,47.5
310,349290,2002,12,27,24.3,35.6,19.2
311,349290,2002,6,29,73.7,84.7,62.6
312,349290,2002,4,12,44.4,52.5,34.3
313,349290,2002,7,25,72.7,81.1,64.4
314,349290,2002,7,16,75.2,86.0,68.5
315,349290,2002,11,12,42.5,47.3,33.1
316,349290,2002,9,23,69.8,85.1,56.5
317,349290,2002,5,10,57.5,70.5,42.6
318,349290,2002,1,6,8.4,12.4,3.6
319,349290,2002,1,7,19.1,23.2,5.0
320,349290,2002,1,23,35.6,39.2,31.5
321,349290,2002,4,14,52.1,57.7,46.2
322,349290,2002,6,8,62.5,70.9,49.3
323,349290,2002,8,22,65.3,72.1,60.3
324,349290,2002,11,14,37.5,47.5,25.9
325,349290,2002,11,25,42.7,46.4,39.0
326,349290,2002,12,10,13.6,21.2,3.9
327,349290,2002,12,17,11.1,19.4,5.0
328,349290,2002,11,9,53.8,69.8,43.5
329,349290,2002,3,19,44.7,48.7,40.5
330,349290,2002,6,24,75.4,87.8,62.1
331,349290,2002,10,2,57.0,62.2,51.8
332,349290,2002,12,7,24.3,29.5,19.4
333,349290,2002,12,8,14.1,21.2,6.8
334,349290,2002,11,1,42.1,44.6,39.2
335,349290,2002,11,3,55.0,68.0,41.0
336,349290,2002,2,15,35.0,39.2,30.2
337,349290,2002,8,8,68.7,82.4,62.6
338,349290,2002,8,17,72.1,82.8,64.4
339,349290,2002,10,8,64.1,75.2,55.4
340,349290,2002,11,23,41.4,52.7,33.8
341,349290,2002,11,29,41.8,46.4,35.6
342,349290,2002,12,1,21.1,26.6,15.8
343,349290,2002,12,4,35.1,45.7,28.4
344,349290,2002,2,6,39.8,50.0,32.0
345,349290,2002,2,23,43.4,50.5,35.6
346,349290,2002,5,16,61.3,72.3,50.0
347,349290,2002,10,23,52.3,62.1,46.4
348,349290,2002,11,4,44.4,47.8,41.0
349,349290,2002,1,26,38.7,43.2,32.0
350,349290,2002,2,2,39.6,46.4,30.2
351,349290,2002,2,16,35.2,40.1,30.2
352,349290,2002,5,19,62.7,72.3,51.8
353,349290,2002,10,14,45.1,50.0,42.1
354,349290,2002,11,30,33.3,41.2,23.0
355,349290,2002,12,16,10.2,18.5,3.2
356,349290,2002,10,27,53.2,64.4,44.6
357,349290,2002,1,17,26.4,30.2,19.4
358,349290,2002,3,3,55.7,62.8,50.0
359,349290,2002,3,8,55.2,66.9,41.0
360,349290,2002,4,24,53.7,66.2,41.0
361,349290,2002,5,11,61.1,72.3,44.6
362,349290,2002,6,16,71.7,81.7,59.0
363,349290,2002,6,27,74.6,83.1,66.2
364,349290,2002,7,2,76.4,88.7,62.6
0,349290,2003,3,22,26.2,32.7,17.2
1,349290,2003,1,16,36.8,40.3,31.3
2,349290,2003,4,23,51.9,60.3,45.9
3,349290,2003,1,24,33.6,37.4,31.3
4,349290,2003,2,11,27.8,30.2,24.4
5,349290,2003,4,26,51.2,58.5,44.2
6,349290,2003,1,14,16.0,29.7,3.7
7,349290,2003,3,19,37.8,44.6,30.7
8,349290,2003,1,21,32.9,42.8,24.8
9,349290,2003,1,26,34.4,35.6,33.1
10,349290,2003,5,2,62.0,78.8,44.6
11,349290,2003,3,6,39.2,54.7,29.8
12,349290,2003,3,30,40.1,53.6,22.1
13,349290,2003,4,14,58.6,72.3,47.5
14,349290,2003,4,30,58.2,70.2,46.4
15,349290,2003,1,22,36.1,46.0,30.0
16,349290,2003,4,10,42.1,55.0,27.7
17,349290,2003,4,11,45.9,57.9,33.1
18,349290,2003,4,13,53.6,66.6,36.7
19,349290,2003,5,3,64.6,78.8,49.8
20,349290,2003,11,28,41.0,45.1,37.8
21,349290,2003,6,2,67.6,79.2,56.8
22,349290,2003,7,4,85.0,99.3,64.8
23,349290,2003,8,15,73.4,82.9,59.7
24,349290,2003,5,16,70.1,84.7,57.2
25,349290,2003,10,14,54.6,62.6,47.7
26,349290,2003,6,27,69.5,80.6,59.2
27,349290,2003,5,21,71.9,81.3,59.0
28,349290,2003,6,11,74.6,86.9,55.4
29,349290,2003,7,5,81.8,97.9,65.5
30,349290,2003,7,6,81.7,96.8,66.2
31,349290,2003,9,1,79.4,96.1,65.3
32,349290,2003,9,3,70.6,79.7,62.1
33,349290,2003,6,14,73.5,88.5,55.4
34,349290,2003,7,17,72.1,82.9,61.2
35,349290,2003,9,25,63.3,74.7,52.9
36,349290,2003,6,6,64.6,78.8,47.3
37,349290,2003,6,19,67.2,79.2,52.3
38,349290,2003,8,3,78.1,89.6,66.2
39,349290,2003,8,21,76.1,89.4,60.3
40,349290,2003,8,24,72.8,87.1,57.6
41,349290,2003,8,30,79.3,93.2,62.1
42,349290,2003,9,15,64.8,76.6,55.0
43,349290,2003,10,13,54.2,65.8,44.6
44,349290,2003,11,27,37.9,39.4,35.6
45,349290,2003,1,12,27.4,30.7,23.0
46,349290,2003,2,28,26.6,35.8,19.4
47,349290,2003,3,16,32.7,39.2,28.4
48,349290,2003,2,20,22.6,28.9,16.7
49,349290,2003,2,23,22.4,35.6,12.2
50,349290,2003,3,17,33.2,42.8,24.8
51,349290,2003,2,13,22.5,34.5,15.8
52,349290,2003,3,2,35.8,52.2,19.4
53,349290,2003,1,28,32.4,35.6,30.2
54,349290,2003,3,5,41.3,55.4,32.0
55,349290,2003,3,3,35.7,48.4,24.8
56,349290,2003,3,25,35.3,46.4,26.6
57,349290,2003,2,7,43.8,52.3,35.6
58,349290,2003,9,9,61.0,74.7,51.8
59,349290,2003,12,12,25.7,37.8,15.8
60,349290,2003,6,1,64.6,75.2,48.2
61,349290,2003,7,31,73.1,86.4,60.8
62,349290,2003,9,17,63.5,70.9,57.2
63,349290,2003,8,13,67.8,77.0,60.8
64,349290,2003,10,7,64.9,75.2,53.6
65,349290,2003,8,1,74.5,84.2,66.2
66,349290,2003,5,27,74.1,86.7,60.8
67,349290,2003,6,4,59.8,69.8,48.2
68,349290,2003,8,2,76.9,88.2,62.6
69,349290,2003,8,20,73.3,86.5,58.8
70,349290,2003,9,30,61.8,72.3,54.0
71,349290,2003,10,26,43.2,50.0,32.0
72,349290,2003,12,1,40.4,45.3,35.6
73,349290,2003,12,30,30.0,38.1,24.8
74,349290,2003,11,20,46.6,50.9,34.0
75,349290,2003,1,5,38.3,44.4,32.7
76,349290,2003,1,31,49.6,55.4,42.1
77,349290,2003,4,21,44.6,46.6,42.8
78,349290,2003,1,4,40.4,43.2,34.9
79,349290,2003,3,23,30.1,35.6,23.7
80,349290,2003,4,1,47.3,63.3,30.6
81,349290,2003,3,1,31.0,44.6,21.6
82,349290,2003,2,2,33.2,36.0,28.4
83,349290,2003,3,26,37.6,45.0,24.8
84,349290,2003,8,9,71.1,77.0,67.5
85,349290,2003,6,7,65.5,80.1,50.5
86,349290,2003,11,18,44.2,50.4,38.8
87,349290,2003,7,9,71.0,79.5,61.9
88,349290,2003,12,6,48.8,51.1,41.9
89,349290,2003,10,8,58.3,64.9,53.2
90,349290,2003,6,23,63.9,77.4,53.8
91,349290,2003,12,13,33.9,41.5,22.3
92,349290,2003,12,16,50.3,61.2,36.0
93,349290,2003,6,29,71.1,82.6,59.0
94,349290,2003,7,12,75.5,87.8,60.3
95,349290,2003,7,22,79.3,89.6,67.1
96,349290,2003,7,27,73.4,82.2,63.5
97,349290,2003,10,16,50.9,55.4,47.5
98,349290,2003,10,20,46.7,50.4,37.6
99,349290,2003,3,10,33.5,36.3,30.2
100,349290,2003,4,20,46.1,51.4,42.8
101,349290,2003,1,18,32.9,36.9,31.6
102,349290,2003,2,1,42.7,51.8,30.2
103,349290,2003,3,14,40.8,46.8,35.6
104,349290,2003,4,22,48.2,53.6,44.6
105,349290,2003,2,9,31.0,34.2,24.8
106,349290,2003,3,27,34.6,41.5,26.6
107,349290,2003,1,11,38.7,54.1,30.2
108,349290,2003,4,5,49.0,57.2,41.0
109,349290,2003,1,7,30.1,33.8,26.6
110,349290,2003,11,19,41.2,46.4,33.8
111,349290,2003,7,30,71.2,79.7,62.6
112,349290,2003,11,13,40.9,46.2,37.4
113,349290,2003,9,5,55.4,59.0,50.0
114,349290,2003,12,17,38.2,41.5,36.3
115,349290,2003,12,18,37.1,42.8,32.0
116,349290,2003,10,23,68.3,78.8,49.6
117,349290,2003,8,5,72.9,84.6,66.2
118,349290,2003,10,30,39.0,41.0,37.4
119,349290,2003,7,10,69.6,75.2,62.6
120,349290,2003,8,4,77.5,88.2,68.0
121,349290,2003,10,12,55.1,61.7,46.4
122,349290,2003,12,8,32.2,36.5,28.4
123,349290,2003,2,21,29.7,39.2,18.5
124,349290,2003,7,3,76.7,89.6,59.0
125,349290,2003,5,10,58.7,77.0,43.2
126,349290,2003,5,11,67.9,82.9,48.9
127,349290,2003,9,12,56.2,59.2,52.9
128,349290,2003,4,16,50.0,57.4,45.3
129,349290,2003,7,16,72.9,86.9,64.4
130,349290,2003,7,2,73.9,82.4,62.6
131,349290,2003,7,29,73.1,80.6,66.6
132,349290,2003,1,8,41.6,51.4,29.3
133,349290,2003,4,19,48.7,56.1,40.3
134,349290,2003,7,28,71.7,77.0,64.4
135,349290,2003,5,31,65.0,73.0,53.6
136,349290,2003,1,10,34.5,50.0,20.8
137,349290,2003,2,22,25.3,32.0,20.3
138,349290,2003,2,4,29.0,35.6,23.0
139,349290,2003,2,6,40.7,50.5,34.7
140,349290,2003,9,2,73.6,84.2,65.1
141,349290,2003,10,5,64.0,77.7,49.1
142,349290,2003,3,11,38.2,39.9,34.9
143,349290,2003,6,18,66.6,77.0,52.7
144,349290,2003,3,21,32.1,39.2,26.6
145,349290,2003,4,18,48.6,57.2,39.2
146,349290,2003,9,21,64.5,73.4,51.8
147,349290,2003,1,23,34.6,42.3,31.3
148,349290,2003,2,14,20.5,28.4,15.1
149,349290,2003,2,17,16.5,25.9,6.4
150,349290,2003,5,5,63.9,73.9,50.9
151,349290,2003,1,30,45.9,53.2,36.1
152,349290,2003,5,28,72.6,83.5,58.6
153,349290,2003,2,16,25.2,30.4,18.1
154,349290,2003,4,2,36.9,46.8,32.9
155,349290,2003,3,18,36.9,50.4,21.2
156,349290,2003,10,25,45.7,63.3,37.4
157,349290,2003,9,28,63.9,69.8,57.2
158,349290,2003,12,14,36.4,41.0,32.0
159,349290,2003,8,18,73.7,83.1,62.6
160,349290,2003,1,6,43.4,55.9,32.5
161,349290,2003,5,1,59.2,73.4,42.1
162,349290,2003,5,12,72.2,84.2,52.5
163,349290,2003,8,31,81.2,94.3,65.8
164,349290,2003,10,22,65.0,74.7,59.7
165,349290,2003,10,29,40.6,43.5,37.4
166,349290,2003,8,17,77.5,87.8,63.7
167,349290,2003,8,29,76.5,90.1,63.3
168,349290,2003,11,26,36.0,37.4,34.9
169,349290,2003,3,4,40.4,48.4,34.0
170,349290,2003,4,27,43.8,53.6,32.7
171,349290,2003,8,26,73.3,86.0,63.1
172,349290,2003,9,23,61.6,75.2,49.5
173,349290,2003,2,10,25.3,28.4,23.0
174,349290,2003,2,24,26.0,41.0,14.0
175,349290,2003,7,19,69.5,76.3,64.4
176,349290,2003,8,12,66.6,73.4,62.6
177,349290,2003,10,18,48.5,50.2,46.4
178,349290,2003,5,24,75.2,87.8,60.8
179,349290,2003,10,2,61.2,72.9,51.8
180,349290,2003,3,20,36.9,43.5,30.2
181,349290,2003,1,27,33.9,35.6,32.0
182,349290,2003,10,19,45.7,52.3,37.6
183,349290,2003,10,24,62.8,66.2,59.0
184,349290,2003,6,17,68.9,80.6,57.2
185,349290,2003,6,25,70.7,82.2,58.3
186,349290,2003,5,17,66.1,78.8,53.6
187,349290,2003,8,11,73.2,83.5,66.2
188,349290,2003,1,25,33.9,36.9,31.8
189,349290,2003,4,17,49.0,60.6,40.6
190,349290,2003,2,25,29.7,39.2,20.7
191,349290,2003,4,24,53.0,63.1,45.1
192,349290,2003,5,14,73.5,85.3,61.9
193,349290,2003,9,13,56.0,58.1,53.4
194,349290,2003,10,31,48.8,55.6,37.2
195,349290,2003,6,5,57.9,68.7,43.7
196,349290,2003,6,21,72.6,86.0,54.5
197,349290,2003,7,20,72.0,84.2,61.9
198,349290,2003,8,16,75.0,86.2,59.7
199,349290,2003,8,22,74.1,87.8,62.6
200,349290,2003,10,27,45.2,52.7,40.3
201,349290,2003,6,12,75.3,86.9,63.5
202,349290,2003,9,16,63.7,71.6,55.6
203,349290,2003,9,4,65.7,77.4,57.6
204,349290,2003,1,2,29.0,32.4,21.6
205,349290,2003,5,20,67.1,76.8,56.1
206,349290,2003,2,5,36.0,46.4,24.3
207,349290,2003,4,15,51.7,55.4,47.3
208,349290,2003,5,4,66.5,83.1,50.0
209,349290,2003,5,7,57.1,68.4,43.9
210,349290,2003,1,17,40.8,43.5,37.6
211,349290,2003,3,13,42.3,50.5,35.1
212,349290,2003,5,18,65.5,75.2,51.8
213,349290,2003,6,16,69.2,81.7,52.5
214,349290,2003,8,10,72.9,81.1,65.3
215,349290,2003,8,19,71.2,84.2,56.1
216,349290,2003,9,20,61.8,73.8,49.8
217,349290,2003,9,22,59.1,70.5,53.2
218,349290,2003,10,9,68.8,84.9,55.2
219,349290,2003,10,11,54.0,57.2,50.0
220,349290,2003,3,15,36.1,46.0,32.0
221,349290,2003,4,9,40.2,50.7,32.0
222,349290,2003,1,9,26.0,37.2,20.8
223,349290,2003,4,4,47.7,56.5,41.0
224,349290,2003,5,15,72.6,85.1,60.8
225,349290,2003,5,19,66.1,75.6,59.0
226,349290,2003,7,7,74.9,85.6,62.6
227,349290,2003,6,20,68.5,81.1,50.0
228,349290,2003,6,30,67.8,80.2,57.2
229,349290,2003,10,1,61.0,73.4,51.8
230,349290,2003,11,4,47.0,60.1,37.4
231,349290,2003,11,5,44.9,52.7,39.2
232,349290,2003,12,2,36.4,43.2,32.0
233,349290,2003,9,19,61.2,71.6,53.6
234,349290,2003,11,1,54.2,64.4,39.2
235,349290,2003,1,1,30.3,51.8,21.2
236,349290,2003,2,3,32.3,36.5,26.6
237,349290,2003,1,20,29.5,33.8,24.8
238,349290,2003,3,9,37.8,42.8,33.8
239,349290,2003,11,29,42.6,51.3,37.2
240,349290,2003,7,23,74.2,86.0,66.2
241,349290,2003,11,21,44.9,46.9,42.3
242,349290,2003,7,26,71.8,82.4,64.4
243,349290,2003,6,22,64.7,76.1,57.2
244,349290,2003,12,15,36.9,50.0,26.6
245,349290,2003,7,15,78.1,91.2,62.6
246,349290,2003,10,4,61.1,74.5,50.0
247,349290,2003,11,23,39.7,55.4,28.4
248,349290,2003,11,25,34.0,37.4,30.2
249,349290,2003,12,25,30.5,35.6,24.8
250,349290,2003,8,7,74.9,84.2,64.4
251,349290,2003,11,11,38.2,41.4,35.6
252,349290,2003,1,3,34.7,37.8,32.0
253,349290,2003,2,27,26.7,39.6,13.3
254,349290,2003,1,29,38.9,46.4,30.2
255,349290,2003,3,28,31.2,39.6,23.4
256,349290,2003,12,31,26.7,36.1,19.9
257,349290,2003,6,24,65.3,75.6,54.3
258,349290,2003,12,9,35.7,40.5,28.4
259,349290,2003,6,28,69.1,81.7,59.0
260,349290,2003,10,6,70.6,83.8,60.8
261,349290,2003,5,30,70.6,81.3,61.2
262,349290,2003,6,10,73.5,84.7,58.6
263,349290,2003,7,11,74.4,84.6,63.3
264,349290,2003,8,27,74.9,88.3,64.0
265,349290,2003,9,24,62.5,74.1,53.6
266,349290,2003,11,2,43.2,54.1,36.7
267,349290,2003,11,3,42.4,50.0,36.3
268,349290,2003,12,26,32.6,38.5,25.3
269,349290,2003,6,26,68.3,82.2,58.3
270,349290,2003,10,3,61.2,72.3,50.0
271,349290,2003,12,19,32.7,33.8,31.3
272,349290,2003,1,15,33.0,37.4,18.0
273,349290,2003,2,19,23.8,30.2,14.0
274,349290,2003,3,29,34.9,46.4,22.1
275,349290,2003,3,31,46.1,62.6,26.2
276,349290,2003,4,28,49.2,61.7,33.8
277,349290,2003,4,29,54.6,67.1,37.0
278,349290,2003,5,8,59.6,75.6,42.8
279,349290,2003,5,13,71.9,84.7,56.8
280,349290,2003,3,7,39.5,46.6,32.4
281,349290,2003,4,8,53.9,72.9,36.5
282,349290,2003,3,8,39.9,48.4,31.6
283,349290,2003,5,26,73.2,83.1,62.6
284,349290,2003,11,30,42.0,49.8,36.7
285,349290,2003,11,12,41.3,43.0,37.8
286,349290,2003,11,17,43.9,48.6,37.8
287,349290,2003,10,21,58.3,67.3,46.0
288,349290,2003,12,21,39.5,44.2,32.4
289,349290,2003,8,14,71.2,81.1,60.4
290,349290,2003,9,6,51.0,54.1,50.0
291,349290,2003,9,11,60.1,70.5,47.5
292,349290,2003,12,4,32.4,33.8,31.6
293,349290,2003,5,23,75.2,86.4,64.4
294,349290,2003,5,25,76.4,88.0,65.8
295,349290,2003,5,29,70.7,82.4,56.5
296,349290,2003,6,8,71.5,84.2,57.2
297,349290,2003,7,1,70.0,81.3,54.3
298,349290,2003,7,21,75.2,86.0,60.1
299,349290,2003,8,25,74.6,87.6,59.9
300,349290,2003,9,27,65.6,77.4,55.4
301,349290,2003,10,15,53.2,62.6,44.6
302,349290,2003,12,23,31.5,44.6,24.4
303,349290,2003,12,27,33.3,34.5,30.6
304,349290,2003,8,8,74.6,83.1,67.3
305,349290,2003,9,26,63.9,77.0,53.6
306,349290,2003,11,10,40.3,42.8,38.8
307,349290,2003,11,16,37.1,42.8,30.6
308,349290,2003,12,20,34.7,38.3,31.1
309,349290,2003,3,12,38.5,41.7,35.6
310,349290,2003,4,3,42.8,50.0,32.0
311,349290,2003,4,6,47.9,51.8,44.6
312,349290,2003,2,18,19.6,31.1,10.4
313,349290,2003,5,6,54.1,61.3,46.4
314,349290,2003,5,9,61.0,73.4,48.2
315,349290,2003,2,26,28.1,39.2,19.4
316,349290,2003,4,7,45.0,48.2,37.4
317,349290,2003,4,25,52.2,57.2,48.2
318,349290,2003,12,7,41.1,53.6,32.0
319,349290,2003,9,7,53.9,61.9,46.4
320,349290,2003,9,18,59.9,68.2,55.4
321,349290,2003,10,10,55.6,60.8,50.0
322,349290,2003,10,17,50.2,52.5,48.2
323,349290,2003,11,22,40.3,53.2,30.2
324,349290,2003,6,3,66.2,79.0,53.6
325,349290,2003,5,22,76.3,87.8,64.4
326,349290,2003,6,9,73.0,86.0,55.4
327,349290,2003,7,14,74.7,86.0,60.8
328,349290,2003,9,10,60.4,75.2,48.2
329,349290,2003,11,6,48.5,56.1,37.4
330,349290,2003,11,7,46.5,48.6,44.6
331,349290,2003,11,8,42.3,45.3,39.0
332,349290,2003,12,3,34.5,36.3,32.0
333,349290,2003,12,11,23.1,31.5,15.8
334,349290,2003,6,13,72.0,82.4,57.2
335,349290,2003,7,18,68.5,73.4,64.4
336,349290,2003,7,25,67.5,73.4,62.6
337,349290,2003,9,8,57.4,66.2,49.5
338,349290,2003,1,19,31.8,33.8,30.2
339,349290,2003,2,12,27.3,34.7,17.6
340,349290,2003,2,15,25.1,33.3,14.0
341,349290,2003,3,24,34.4,44.6,26.6
342,349290,2003,4,12,48.4,63.1,32.9
343,349290,2003,2,8,38.1,44.1,33.8
344,349290,2003,12,22,40.6,51.8,30.2
345,349290,2003,10,28,39.3,41.0,37.4
346,349290,2003,11,14,34.6,39.2,33.3
347,349290,2003,9,14,64.1,75.2,55.4
348,349290,2003,9,29,61.0,71.1,50.0
349,349290,2003,12,29,30.6,32.2,28.4
350,349290,2003,6,15,72.3,84.2,55.4
351,349290,2003,8,23,72.5,84.2,60.8
352,349290,2003,8,28,74.9,88.3,59.0
353,349290,2003,11,15,36.4,45.0,30.2
354,349290,2003,11,24,35.5,45.1,28.4
355,349290,2003,12,24,33.1,48.4,23.0
356,349290,2003,12,28,32.8,34.7,30.2
357,349290,2003,7,8,72.4,83.1,60.8
358,349290,2003,7,13,72.4,82.9,60.8
359,349290,2003,7,24,67.2,73.8,62.6
360,349290,2003,8,6,71.8,79.2,66.2
361,349290,2003,11,9,39.5,41.9,35.6
362,349290,2003,12,5,38.6,45.3,32.0
363,349290,2003,12,10,30.3,36.7,19.4
0,349290,2004,12,20,30.9,41.5,23.5
1,349290,2004,7,16,62.8,65.1,59.0
2,349290,2004,4,7,55.9,71.6,44.6
3,349290,2004,1,7,34.5,38.5,32.0
4,349290,2004,2,3,38.3,46.4,32.0
5,349290,2004,2,9,44.8,50.9,40.5
6,349290,2004,1,22,45.2,53.2,39.2
7,349290,2004,7,13,75.2,86.0,66.2
8,349290,2004,9,24,63.2,79.9,51.8
9,349290,2004,12,21,35.5,44.4,26.6
10,349290,2004,1,8,32.2,37.2,26.6
11,349290,2004,10,26,53.3,66.2,41.0
12,349290,2004,10,3,53.6,62.8,44.6
13,349290,2004,3,17,39.6,48.2,28.0
14,349290,2004,11,29,40.9,45.0,37.4
15,349290,2004,6,25,69.9,79.9,66.2
16,349290,2004,10,21,51.1,55.9,44.6
17,349290,2004,9,18,64.6,81.1,51.6
18,349290,2004,1,27,38.0,43.2,33.8
19,349290,2004,9,9,62.9,74.7,50.0
20,349290,2004,12,29,42.6,50.0,37.4
21,349290,2004,3,13,35.7,44.6,26.6
22,349290,2004,2,20,34.0,39.4,28.2
23,349290,2004,5,11,62.5,70.5,55.4
24,349290,2004,5,7,59.8,65.5,53.2
25,349290,2004,2,6,42.5,43.5,39.7
26,349290,2004,8,19,73.2,81.5,67.5
27,349290,2004,5,29,65.0,72.9,59.0
28,349290,2004,4,5,37.6,46.4,29.7
29,349290,2004,8,18,75.2,83.7,67.6
30,349290,2004,1,18,33.0,45.0,23.0
31,349290,2004,7,31,82.3,94.6,68.2
32,349290,2004,8,1,81.9,93.9,67.1
33,349290,2004,9,15,62.3,78.8,46.9
34,349290,2004,9,26,70.7,87.8,55.0
35,349290,2004,7,22,70.5,81.0,59.7
36,349290,2004,11,15,53.7,66.2,41.0
37,349290,2004,1,16,46.9,60.3,37.4
38,349290,2004,3,26,53.0,61.5,48.2
39,349290,2004,11,2,56.0,59.9,50.0
40,349290,2004,11,3,45.7,49.1,41.0
41,349290,2004,12,14,27.1,34.0,17.6
42,349290,2004,10,10,62.2,72.0,55.4
43,349290,2004,1,17,34.3,41.9,24.8
44,349290,2004,6,10,59.0,65.1,51.8
45,349290,2004,3,16,36.0,43.9,30.2
46,349290,2004,3,18,43.0,50.7,35.6
47,349290,2004,9,29,67.5,78.8,59.0
48,349290,2004,9,5,61.1,74.3,50.0
49,349290,2004,9,30,72.2,87.1,60.1
50,349290,2004,1,4,41.1,47.1,34.5
51,349290,2004,1,24,39.4,41.7,37.4
52,349290,2004,3,30,44.7,51.8,37.2
53,349290,2004,5,28,59.7,64.9,53.4
54,349290,2004,11,1,56.0,61.0,50.9
55,349290,2004,12,15,20.3,23.7,15.1
56,349290,2004,5,2,55.9,66.9,45.9
57,349290,2004,3,11,40.0,41.5,38.3
58,349290,2004,4,19,52.7,61.9,41.7
59,349290,2004,5,30,63.8,74.1,56.5
60,349290,2004,6,26,73.5,84.2,63.5
61,349290,2004,10,31,51.8,54.1,46.4
62,349290,2004,5,1,57.7,65.1,53.6
63,349290,2004,1,30,40.5,52.2,33.1
64,349290,2004,4,21,54.1,64.4,42.8
65,349290,2004,5,17,52.5,54.5,48.2
66,349290,2004,8,15,72.0,84.7,64.0
67,349290,2004,2,27,50.3,62.6,32.7
68,349290,2004,4,12,68.5,82.8,53.2
69,349290,2004,5,3,59.6,71.6,42.4
70,349290,2004,5,5,63.3,75.2,50.0
71,349290,2004,6,13,66.9,81.7,50.5
72,349290,2004,7,3,69.4,78.8,56.7
73,349290,2004,7,18,69.2,78.1,57.2
74,349290,2004,8,6,74.8,84.7,64.8
75,349290,2004,8,7,75.0,84.2,64.0
76,349290,2004,10,6,51.1,63.9,38.7
77,349290,2004,11,14,50.4,66.2,40.3
78,349290,2004,11,22,33.7,35.6,31.6
79,349290,2004,9,25,70.6,87.8,57.0
80,349290,2004,5,18,59.0,68.0,51.1
81,349290,2004,8,10,74.9,87.8,66.4
82,349290,2004,10,8,59.5,73.6,44.2
83,349290,2004,12,23,32.6,33.8,30.9
84,349290,2004,4,24,52.5,57.2,49.1
85,349290,2004,12,24,32.1,33.8,30.2
86,349290,2004,3,31,47.2,56.3,41.0
87,349290,2004,4,17,49.3,55.0,44.6
88,349290,2004,4,30,54.3,57.9,51.8
89,349290,2004,5,15,56.4,59.2,53.6
90,349290,2004,8,20,71.8,80.6,66.2
91,349290,2004,10,9,60.9,69.8,57.2
92,349290,2004,10,20,52.4,55.9,44.6
93,349290,2004,11,13,48.4,57.2,41.0
94,349290,2004,11,17,43.8,49.8,40.5
95,349290,2004,2,1,34.0,37.9,32.0
96,349290,2004,5,8,65.2,79.2,51.8
97,349290,2004,5,16,56.8,66.6,48.2
98,349290,2004,6,15,70.2,81.1,59.0
99,349290,2004,9,11,54.6,63.3,44.6
100,349290,2004,10,22,44.0,50.4,35.6
101,349290,2004,6,21,76.0,87.8,62.6
102,349290,2004,10,19,54.9,61.3,46.4
103,349290,2004,11,25,36.1,39.2,30.2
104,349290,2004,1,21,48.3,56.3,42.8
105,349290,2004,4,20,52.9,62.8,42.8
106,349290,2004,7,21,71.9,82.6,57.2
107,349290,2004,11,20,50.6,63.0,35.6
108,349290,2004,2,21,27.6,30.9,23.0
109,349290,2004,3,12,38.9,44.6,32.0
110,349290,2004,6,1,63.5,70.9,59.0
111,349290,2004,11,26,28.6,33.8,24.4
112,349290,2004,12,4,47.6,53.6,39.2
113,349290,2004,2,4,34.5,37.4,32.0
114,349290,2004,5,21,60.7,69.6,53.6
115,349290,2004,1,26,37.4,42.1,33.8
116,349290,2004,3,15,38.7,46.4,32.0
117,349290,2004,3,22,58.5,68.0,50.0
118,349290,2004,4,1,45.7,51.8,37.4
119,349290,2004,6,4,61.2,70.2,50.0
120,349290,2004,6,16,69.7,81.1,55.4
121,349290,2004,7,6,71.8,83.1,57.2
122,349290,2004,7,11,71.8,83.1,57.2
123,349290,2004,7,26,73.0,82.0,60.8
124,349290,2004,7,30,80.9,93.2,68.0
125,349290,2004,8,16,71.8,78.8,64.4
126,349290,2004,11,4,40.0,50.7,32.0
127,349290,2004,11,18,45.0,51.8,35.6
128,349290,2004,1,31,38.9,45.0,30.2
129,349290,2004,4,2,35.8,44.6,24.6
130,349290,2004,4,29,57.3,65.1,51.8
131,349290,2004,6,20,73.2,86.0,64.4
132,349290,2004,7,17,64.0,71.1,57.2
133,349290,2004,8,4,70.6,81.9,64.4
134,349290,2004,10,1,65.3,75.7,53.6
135,349290,2004,4,8,57.1,74.7,38.1
136,349290,2004,7,2,61.1,75.4,57.2
137,349290,2004,5,22,64.2,79.3,49.6
138,349290,2004,2,8,49.4,55.8,42.8
139,349290,2004,6,9,63.8,71.6,60.8
140,349290,2004,2,12,38.5,46.4,30.9
141,349290,2004,8,3,70.8,85.5,64.4
142,349290,2004,4,26,55.5,66.6,40.8
143,349290,2004,8,28,77.1,89.6,64.8
144,349290,2004,3,7,31.2,37.4,21.6
145,349290,2004,10,24,49.9,64.6,34.0
146,349290,2004,7,24,65.3,75.7,60.6
147,349290,2004,6,5,64.2,76.6,47.3
148,349290,2004,12,19,30.2,39.4,19.8
149,349290,2004,5,19,52.9,61.0,48.2
150,349290,2004,6,7,68.4,80.6,59.0
151,349290,2004,9,1,75.1,85.1,64.4
152,349290,2004,4,25,54.5,62.6,46.8
153,349290,2004,2,13,38.1,45.3,30.4
154,349290,2004,1,20,45.1,48.7,33.6
155,349290,2004,7,14,73.6,83.8,63.7
156,349290,2004,1,25,36.3,41.0,33.4
157,349290,2004,7,15,70.5,75.7,66.2
158,349290,2004,7,1,63.0,72.0,56.3
159,349290,2004,4,9,58.7,72.9,45.5
160,349290,2004,10,14,41.6,51.8,33.3
161,349290,2004,11,30,44.9,48.7,37.4
162,349290,2004,9,2,73.6,84.2,64.9
163,349290,2004,6,23,72.8,82.4,62.6
164,349290,2004,4,14,57.3,69.8,44.6
165,349290,2004,12,10,36.7,41.7,33.8
166,349290,2004,8,11,71.4,80.6,66.2
167,349290,2004,12,5,39.9,43.0,37.4
168,349290,2004,11,23,30.3,34.7,27.3
169,349290,2004,2,10,40.6,46.4,33.8
170,349290,2004,2,15,25.6,32.2,15.8
171,349290,2004,8,24,70.6,78.3,66.2
172,349290,2004,1,15,40.3,48.2,30.4
173,349290,2004,2,17,30.6,36.3,24.3
174,349290,2004,4,28,59.7,65.7,55.4
175,349290,2004,7,23,67.6,76.8,59.0
176,349290,2004,12,30,45.8,55.4,38.1
177,349290,2004,5,4,61.2,73.4,46.4
178,349290,2004,11,10,49.0,59.7,42.1
179,349290,2004,1,1,30.1,39.9,22.5
180,349290,2004,1,9,31.0,41.0,24.6
181,349290,2004,3,14,37.8,45.5,29.1
182,349290,2004,4,22,56.8,64.9,47.8
183,349290,2004,5,9,65.8,81.0,47.1
184,349290,2004,5,24,67.7,83.1,51.8
185,349290,2004,11,8,47.2,61.7,34.5
186,349290,2004,1,13,35.6,39.9,31.5
187,349290,2004,5,12,59.7,66.9,54.9
188,349290,2004,5,31,66.7,77.0,55.2
189,349290,2004,8,5,74.3,85.1,64.4
190,349290,2004,2,18,34.5,41.2,26.2
191,349290,2004,3,21,55.6,64.9,46.8
192,349290,2004,5,14,61.7,71.6,44.6
193,349290,2004,6,17,68.3,80.6,55.0
194,349290,2004,8,27,75.1,86.0,61.9
195,349290,2004,9,17,64.9,80.6,51.6
196,349290,2004,9,22,67.5,84.4,51.8
197,349290,2004,10,23,46.7,58.5,35.8
198,349290,2004,12,26,34.7,48.2,24.8
199,349290,2004,2,5,37.4,41.5,30.2
200,349290,2004,1,5,40.9,44.6,37.8
201,349290,2004,2,25,41.2,47.1,35.6
202,349290,2004,4,15,43.2,45.0,37.4
203,349290,2004,4,27,59.7,75.2,44.6
204,349290,2004,7,8,71.7,82.4,60.8
205,349290,2004,9,4,68.9,78.3,59.0
206,349290,2004,7,5,70.9,83.1,59.0
207,349290,2004,3,25,59.4,72.7,50.0
208,349290,2004,6,11,59.5,68.0,50.0
209,349290,2004,6,24,69.2,74.1,64.4
210,349290,2004,12,6,42.0,48.2,37.4
211,349290,2004,1,10,33.4,39.9,26.6
212,349290,2004,1,6,38.6,41.0,35.6
213,349290,2004,9,6,54.9,65.5,45.9
214,349290,2004,6,30,65.4,76.1,59.0
215,349290,2004,12,9,39.1,41.7,37.2
216,349290,2004,4,23,53.7,59.7,50.0
217,349290,2004,1,2,32.4,41.0,23.0
218,349290,2004,1,29,46.0,59.0,35.6
219,349290,2004,9,7,57.3,70.3,42.8
220,349290,2004,10,25,55.8,69.8,44.6
221,349290,2004,5,27,56.1,59.7,53.6
222,349290,2004,8,8,74.4,83.5,66.6
223,349290,2004,9,23,59.9,68.7,51.8
224,349290,2004,10,30,52.4,55.4,48.2
225,349290,2004,10,13,38.4,48.2,29.7
226,349290,2004,1,23,39.9,42.8,33.8
227,349290,2004,1,28,41.9,50.9,35.4
228,349290,2004,2,14,25.8,30.2,24.1
229,349290,2004,3,20,48.2,54.5,41.5
230,349290,2004,2,22,24.4,27.0,20.3
231,349290,2004,12,8,40.8,46.4,35.8
232,349290,2004,7,25,71.2,81.5,60.8
233,349290,2004,2,29,51.1,66.4,40.3
234,349290,2004,4,4,29.1,33.8,18.9
235,349290,2004,5,20,54.8,59.0,48.4
236,349290,2004,7,4,71.8,82.8,58.8
237,349290,2004,12,3,47.9,51.8,32.4
238,349290,2004,2,23,29.9,32.0,25.9
239,349290,2004,3,8,34.8,42.8,28.0
240,349290,2004,3,24,59.3,77.0,40.6
241,349290,2004,4,6,49.2,61.7,32.5
242,349290,2004,4,10,60.2,74.3,40.8
243,349290,2004,5,23,67.5,82.6,49.5
244,349290,2004,6,19,72.7,86.0,60.8
245,349290,2004,8,2,80.9,93.7,70.2
246,349290,2004,9,8,60.0,74.8,44.6
247,349290,2004,9,12,54.5,66.9,39.6
248,349290,2004,9,19,69.2,84.2,54.3
249,349290,2004,9,28,71.0,86.7,56.5
250,349290,2004,10,2,61.7,75.2,52.2
251,349290,2004,10,5,49.2,57.2,37.0
252,349290,2004,10,7,55.6,68.7,40.6
253,349290,2004,11,9,48.5,59.9,39.9
254,349290,2004,12,17,28.9,41.0,18.7
255,349290,2004,12,18,31.7,39.9,23.9
256,349290,2004,12,25,35.0,46.9,28.4
257,349290,2004,12,27,35.9,44.6,25.9
258,349290,2004,11,27,34.6,41.0,22.8
259,349290,2004,2,24,35.1,39.2,28.8
260,349290,2004,6,14,70.4,82.9,53.2
261,349290,2004,6,29,66.3,78.1,57.0
262,349290,2004,8,29,70.6,78.1,64.8
263,349290,2004,10,17,56.1,66.2,42.4
264,349290,2004,12,12,33.9,41.0,24.1
265,349290,2004,3,27,52.5,57.9,47.8
266,349290,2004,3,3,43.5,48.4,38.3
267,349290,2004,5,26,57.9,65.8,49.3
268,349290,2004,8,13,71.7,80.8,63.3
269,349290,2004,8,21,72.6,80.2,65.7
270,349290,2004,10,18,64.4,78.3,54.3
271,349290,2004,8,14,73.6,86.0,62.6
272,349290,2004,11,19,52.5,57.6,44.8
273,349290,2004,8,26,71.5,80.2,64.4
274,349290,2004,1,11,30.8,37.4,22.1
275,349290,2004,2,2,37.5,43.2,32.2
276,349290,2004,1,19,40.8,51.8,27.5
277,349290,2004,3,9,36.3,44.6,27.9
278,349290,2004,3,10,40.6,46.4,34.9
279,349290,2004,4,11,65.5,79.9,55.4
280,349290,2004,5,10,65.3,77.2,52.9
281,349290,2004,7,12,75.5,86.2,61.7
282,349290,2004,7,20,70.3,81.0,57.7
283,349290,2004,7,27,76.6,86.7,64.0
284,349290,2004,7,28,78.4,90.0,66.2
285,349290,2004,7,29,79.8,91.6,65.3
286,349290,2004,8,9,75.1,86.4,63.3
287,349290,2004,9,14,59.4,74.5,43.9
288,349290,2004,9,16,65.2,78.3,52.2
289,349290,2004,10,15,45.1,56.1,30.9
290,349290,2004,10,16,51.4,61.2,44.1
291,349290,2004,11,6,42.2,58.1,31.6
292,349290,2004,11,7,46.3,64.4,31.3
293,349290,2004,12,28,42.1,52.7,33.8
294,349290,2004,2,19,38.2,44.8,30.7
295,349290,2004,5,6,61.8,71.8,50.9
296,349290,2004,4,16,48.3,57.2,33.3
297,349290,2004,6,6,63.7,69.8,58.3
298,349290,2004,6,8,66.2,74.5,55.4
299,349290,2004,11,24,30.4,37.4,27.0
300,349290,2004,2,7,46.3,52.9,41.0
301,349290,2004,3,5,32.1,35.6,28.4
302,349290,2004,8,12,70.0,76.3,64.4
303,349290,2004,9,10,56.1,66.2,46.4
304,349290,2004,6,3,59.1,61.2,55.4
305,349290,2004,6,28,67.4,76.6,59.0
306,349290,2004,8,25,69.9,77.0,64.4
307,349290,2004,10,12,43.4,49.5,35.6
308,349290,2004,11,16,56.8,61.5,53.6
309,349290,2004,11,28,40.3,42.8,37.4
310,349290,2004,12,7,41.4,47.1,35.6
311,349290,2004,12,11,32.1,37.4,26.6
312,349290,2004,2,16,26.3,40.1,8.6
313,349290,2004,10,29,53.3,56.7,50.0
314,349290,2004,9,27,69.6,84.2,55.4
315,349290,2004,2,11,32.8,38.1,28.4
316,349290,2004,8,22,74.2,83.1,66.2
317,349290,2004,3,28,55.5,66.2,46.4
318,349290,2004,6,18,68.5,77.0,58.8
319,349290,2004,7,9,69.6,82.4,55.4
320,349290,2004,7,10,71.1,82.4,59.0
321,349290,2004,7,19,72.6,84.7,59.0
322,349290,2004,8,17,76.8,89.6,62.6
323,349290,2004,8,31,73.2,84.2,60.8
324,349290,2004,9,13,57.7,72.5,41.0
325,349290,2004,9,20,67.5,79.5,55.4
326,349290,2004,9,21,68.1,81.0,55.4
327,349290,2004,10,28,56.4,69.8,42.8
328,349290,2004,11,5,40.4,53.6,28.4
329,349290,2004,11,11,47.9,55.4,39.2
330,349290,2004,12,16,21.1,24.3,18.7
331,349290,2004,3,2,46.5,59.2,32.0
332,349290,2004,3,6,28.5,37.4,23.0
333,349290,2004,6,22,73.7,86.0,64.4
334,349290,2004,10,11,65.6,75.2,50.0
335,349290,2004,12,31,39.1,42.8,35.4
336,349290,2004,11,12,47.2,48.9,41.9
337,349290,2004,2,28,51.8,65.3,41.0
338,349290,2004,3,1,48.7,59.4,37.4
339,349290,2004,3,29,43.0,48.2,37.4
340,349290,2004,4,3,27.5,34.7,21.2
341,349290,2004,5,13,59.6,70.3,44.6
342,349290,2004,8,30,72.5,82.4,64.4
343,349290,2004,12,13,36.5,39.0,33.8
344,349290,2004,6,27,73.9,86.0,62.6
345,349290,2004,12,22,32.0,33.8,30.2
346,349290,2004,10,4,48.7,57.4,39.2
347,349290,2004,12,1,32.9,39.2,30.2
348,349290,2004,2,26,44.4,50.9,35.6
349,349290,2004,11,21,35.0,37.4,32.0
350,349290,2004,3,4,40.8,44.6,32.0
351,349290,2004,3,23,58.9,73.4,44.6
352,349290,2004,6,2,61.3,66.9,57.2
353,349290,2004,6,12,63.1,74.3,51.8
354,349290,2004,1,3,35.6,43.5,32.0
355,349290,2004,1,12,31.4,37.4,21.2
356,349290,2004,1,14,32.8,34.5,30.2
357,349290,2004,4,13,59.6,65.7,55.4
358,349290,2004,4,18,49.7,61.9,35.6
359,349290,2004,7,7,75.4,88.5,59.0
360,349290,2004,8,23,75.8,86.7,64.4
361,349290,2004,10,27,54.2,69.8,44.6
362,349290,2004,12,2,34.2,41.0,28.4
363,349290,2004,3,19,42.0,53.6,30.2
364,349290,2004,5,25,62.6,73.4,50.0
365,349290,2004,9,3,70.7,81.0,62.6
0,349290,2005,2,24,34.8,39.4,31.6
1,349290,2005,2,25,41.6,46.4,32.0
2,349290,2005,1,5,34.1,39.2,31.6
3,349290,2005,1,17,39.2,43.5,33.8
4,349290,2005,11,14,30.6,35.6,25.5
5,349290,2005,3,2,27.7,30.2,24.8
6,349290,2005,8,15,80.8,94.1,66.2
7,349290,2005,12,2,47.1,50.0,43.5
8,349290,2005,1,9,44.6,50.4,39.2
9,349290,2005,8,7,86.3,99.9,71.8
10,349290,2005,1,15,41.6,50.0,32.0
11,349290,2005,5,6,58.2,68.2,44.6
12,349290,2005,8,9,78.5,89.6,68.0
13,349290,2005,11,5,46.8,51.8,42.8
14,349290,2005,8,30,72.5,87.4,57.0
15,349290,2005,9,12,67.3,73.6,62.6
16,349290,2005,9,11,67.9,81.5,57.2
17,349290,2005,12,23,33.2,34.3,31.5
18,349290,2005,1,29,39.2,41.5,37.4
19,349290,2005,2,21,38.1,46.4,30.4
20,349290,2005,7,19,72.3,84.2,64.2
21,349290,2005,12,16,38.1,41.0,35.2
22,349290,2005,3,10,34.0,41.0,28.4
23,349290,2005,1,16,40.5,46.9,33.8
24,349290,2005,8,4,76.7,86.5,68.0
25,349290,2005,3,9,35.3,41.9,30.7
26,349290,2005,3,20,28.0,32.0,24.8
27,349290,2005,4,19,57.7,66.2,51.8
28,349290,2005,7,6,70.7,78.8,60.8
29,349290,2005,5,1,54.7,62.6,46.4
30,349290,2005,10,22,43.9,58.8,30.2
31,349290,2005,8,6,81.7,93.2,66.9
32,349290,2005,10,18,52.1,60.8,46.4
33,349290,2005,9,13,70.4,80.6,64.4
34,349290,2005,11,29,49.4,54.5,44.6
35,349290,2005,9,17,70.6,79.9,62.6
36,349290,2005,12,26,35.8,43.2,29.1
37,349290,2005,3,31,34.4,41.7,28.4
38,349290,2005,4,3,37.6,46.4,26.6
39,349290,2005,6,29,71.3,81.3,59.0
40,349290,2005,5,22,74.3,86.4,59.0
41,349290,2005,6,12,69.4,78.1,57.2
42,349290,2005,2,6,16.8,27.0,11.1
43,349290,2005,12,8,46.8,59.7,36.5
44,349290,2005,12,14,40.8,49.1,32.0
45,349290,2005,12,28,36.3,46.6,30.2
46,349290,2005,4,30,54.3,62.6,40.5
47,349290,2005,6,20,66.0,73.4,59.7
48,349290,2005,9,16,71.6,83.3,60.6
49,349290,2005,11,13,35.8,43.3,29.7
50,349290,2005,12,4,45.8,50.2,41.0
51,349290,2005,8,3,74.4,83.1,67.3
52,349290,2005,12,1,41.2,48.2,29.1
53,349290,2005,2,5,18.0,26.8,10.4
54,349290,2005,10,29,40.0,44.6,37.2
55,349290,2005,7,1,72.2,84.9,57.2
56,349290,2005,2,8,17.5,29.1,8.6
57,349290,2005,4,2,37.9,43.2,30.2
58,349290,2005,4,13,65.0,78.8,50.0
59,349290,2005,5,11,64.2,78.8,48.2
60,349290,2005,7,11,78.6,87.8,68.0
61,349290,2005,1,10,41.8,48.2,35.1
62,349290,2005,2,27,47.9,53.6,42.6
63,349290,2005,10,5,57.1,70.5,46.4
64,349290,2005,7,22,77.0,86.0,68.0
65,349290,2005,9,2,64.4,75.2,51.8
66,349290,2005,9,15,70.9,82.4,60.8
67,349290,2005,10,12,60.7,69.8,51.8
68,349290,2005,10,19,51.1,60.8,42.8
69,349290,2005,9,30,66.0,75.2,57.0
70,349290,2005,8,25,76.2,87.8,63.3
71,349290,2005,8,27,74.3,87.1,59.7
72,349290,2005,9,20,70.5,81.5,60.1
73,349290,2005,9,24,71.2,81.9,59.4
74,349290,2005,8,12,75.3,88.2,62.6
75,349290,2005,10,9,51.0,60.8,41.0
76,349290,2005,8,19,83.9,96.1,75.4
77,349290,2005,8,17,86.9,103.1,71.8
78,349290,2005,9,21,64.4,73.2,58.3
79,349290,2005,12,11,33.9,35.6,32.0
80,349290,2005,7,29,77.8,89.6,68.0
81,349290,2005,11,9,37.4,41.4,35.4
82,349290,2005,1,27,35.4,42.8,32.0
83,349290,2005,6,6,65.9,73.4,55.4
84,349290,2005,9,3,66.4,79.3,52.5
85,349290,2005,9,22,68.0,78.8,56.1
86,349290,2005,3,22,32.0,39.2,24.8
87,349290,2005,6,7,68.5,78.8,56.3
88,349290,2005,12,19,45.9,59.7,32.0
89,349290,2005,11,3,47.1,51.8,41.0
90,349290,2005,11,7,44.0,50.0,41.0
91,349290,2005,7,24,80.6,92.1,68.7
92,349290,2005,2,28,42.5,53.6,30.2
93,349290,2005,6,23,63.2,75.2,55.0
94,349290,2005,5,9,57.5,69.8,48.2
95,349290,2005,5,14,59.7,66.2,51.8
96,349290,2005,4,17,58.9,64.8,51.4
97,349290,2005,4,1,35.7,42.8,27.9
98,349290,2005,2,4,23.3,35.6,17.1
99,349290,2005,2,7,17.7,28.4,10.4
100,349290,2005,8,1,81.3,91.4,72.1
101,349290,2005,7,26,76.5,86.4,66.2
102,349290,2005,9,23,69.9,82.8,57.9
103,349290,2005,2,1,33.1,39.2,26.6
104,349290,2005,11,1,46.4,52.3,41.0
105,349290,2005,11,2,48.3,54.0,40.6
106,349290,2005,5,4,55.7,64.4,50.0
107,349290,2005,6,21,62.9,71.6,55.9
108,349290,2005,11,20,48.2,52.0,42.8
109,349290,2005,1,31,37.5,45.0,28.4
110,349290,2005,3,18,47.2,50.7,44.4
111,349290,2005,3,19,42.0,48.2,32.0
112,349290,2005,4,15,58.2,66.2,50.0
113,349290,2005,5,5,57.3,69.6,46.4
114,349290,2005,6,2,68.0,77.0,60.8
115,349290,2005,10,31,44.8,46.6,39.4
116,349290,2005,11,21,41.6,47.1,33.8
117,349290,2005,12,24,30.1,32.0,24.8
118,349290,2005,6,1,74.0,86.2,62.2
119,349290,2005,2,19,42.2,50.0,35.6
120,349290,2005,3,4,28.8,32.0,24.8
121,349290,2005,3,8,37.1,39.2,35.6
122,349290,2005,6,3,63.3,71.6,51.8
123,349290,2005,5,28,72.3,86.0,59.0
124,349290,2005,8,11,77.5,88.7,68.0
125,349290,2005,7,3,79.0,91.9,67.6
126,349290,2005,4,29,52.7,59.9,42.8
127,349290,2005,11,16,40.6,50.0,31.6
128,349290,2005,12,22,31.6,37.4,23.2
129,349290,2005,4,27,53.6,62.8,46.6
130,349290,2005,3,30,34.5,39.4,28.4
131,349290,2005,6,27,72.9,86.0,63.5
132,349290,2005,7,10,76.7,88.5,64.4
133,349290,2005,3,13,46.1,55.4,36.5
134,349290,2005,6,26,72.3,83.5,57.9
135,349290,2005,5,31,73.8,89.6,60.8
136,349290,2005,11,25,37.2,43.3,23.7
137,349290,2005,12,29,35.1,43.9,26.2
138,349290,2005,10,1,67.1,73.9,60.8
139,349290,2005,10,21,43.1,49.6,33.8
140,349290,2005,12,10,36.0,45.0,30.2
141,349290,2005,3,14,41.9,48.4,33.8
142,349290,2005,3,1,29.1,34.2,24.8
143,349290,2005,4,21,62.4,78.8,42.8
144,349290,2005,7,13,76.4,86.0,62.6
145,349290,2005,2,11,22.3,37.4,17.4
146,349290,2005,10,14,59.9,64.9,55.0
147,349290,2005,3,11,30.8,35.8,23.0
148,349290,2005,3,25,31.0,39.2,24.8
149,349290,2005,1,7,34.4,42.8,28.4
150,349290,2005,5,17,62.8,73.8,46.4
151,349290,2005,5,20,70.8,82.4,57.2
152,349290,2005,6,10,76.4,88.2,60.8
153,349290,2005,6,24,67.1,75.2,51.8
154,349290,2005,7,9,76.1,87.8,60.8
155,349290,2005,2,15,42.4,60.8,32.0
156,349290,2005,4,6,48.5,60.8,37.4
157,349290,2005,4,8,53.9,68.0,41.0
158,349290,2005,5,10,59.8,69.8,46.4
159,349290,2005,6,8,71.3,84.2,55.4
160,349290,2005,6,13,67.3,78.8,55.4
161,349290,2005,10,25,52.7,62.6,39.2
162,349290,2005,6,15,71.9,80.8,59.0
163,349290,2005,1,28,39.0,44.6,30.6
164,349290,2005,6,22,60.2,69.8,51.8
165,349290,2005,7,23,78.4,87.8,68.5
166,349290,2005,7,27,75.5,86.0,64.4
167,349290,2005,11,6,42.9,44.6,41.0
168,349290,2005,7,30,79.4,91.4,66.2
169,349290,2005,8,2,80.8,93.2,68.0
170,349290,2005,10,13,60.7,68.9,50.4
171,349290,2005,11,23,32.9,42.8,26.6
172,349290,2005,7,28,79.5,91.4,66.2
173,349290,2005,11,12,39.6,50.0,30.2
174,349290,2005,11,15,31.7,33.8,25.9
175,349290,2005,10,3,68.4,75.2,62.6
176,349290,2005,9,29,66.5,77.7,57.2
177,349290,2005,9,28,65.3,80.6,49.5
178,349290,2005,9,26,65.8,78.4,53.6
179,349290,2005,8,24,76.5,91.9,63.7
180,349290,2005,9,27,64.5,79.9,51.8
181,349290,2005,8,18,85.9,98.8,73.2
182,349290,2005,8,29,74.1,87.8,60.8
183,349290,2005,10,8,53.8,64.4,46.4
184,349290,2005,11,28,53.9,67.3,41.0
185,349290,2005,1,18,34.9,42.8,28.4
186,349290,2005,7,15,73.3,83.3,67.5
187,349290,2005,10,4,59.8,68.2,50.0
188,349290,2005,11,30,44.0,50.0,33.3
189,349290,2005,3,3,28.7,30.2,26.6
190,349290,2005,6,16,68.0,78.3,62.6
191,349290,2005,5,24,75.1,86.0,59.0
192,349290,2005,3,27,49.4,60.8,39.2
193,349290,2005,6,28,72.0,81.5,60.8
194,349290,2005,12,18,59.5,66.2,44.6
195,349290,2005,1,22,50.1,55.4,44.6
196,349290,2005,4,26,50.9,62.6,38.5
197,349290,2005,3,6,36.7,41.5,31.8
198,349290,2005,4,22,64.4,77.0,46.4
199,349290,2005,11,8,41.6,46.4,37.4
200,349290,2005,11,17,45.0,57.2,33.8
201,349290,2005,10,2,67.6,80.6,55.4
202,349290,2005,8,16,84.2,96.8,68.7
203,349290,2005,8,26,72.0,79.5,64.4
204,349290,2005,11,11,36.7,42.4,30.2
205,349290,2005,5,8,68.0,79.0,59.2
206,349290,2005,5,29,74.8,86.7,62.2
207,349290,2005,2,12,26.1,37.4,17.4
208,349290,2005,2,20,39.4,48.6,30.2
209,349290,2005,3,5,30.7,35.8,19.4
210,349290,2005,1,4,35.9,40.5,32.0
211,349290,2005,6,17,67.0,75.2,60.8
212,349290,2005,7,16,68.6,80.6,64.4
213,349290,2005,10,16,56.6,59.5,54.7
214,349290,2005,10,17,56.5,62.6,51.8
215,349290,2005,12,5,47.0,50.0,44.1
216,349290,2005,1,3,35.6,41.0,32.0
217,349290,2005,2,26,46.2,53.6,39.2
218,349290,2005,4,20,55.7,62.6,48.2
219,349290,2005,4,23,50.9,56.1,46.4
220,349290,2005,10,15,58.8,62.6,55.4
221,349290,2005,2,3,30.0,37.4,21.2
222,349290,2005,2,2,33.5,40.5,30.2
223,349290,2005,11,26,47.9,56.3,37.4
224,349290,2005,11,19,48.6,57.4,42.8
225,349290,2005,12,9,42.2,51.1,32.0
226,349290,2005,12,13,41.8,44.8,34.2
227,349290,2005,4,25,49.0,59.0,37.8
228,349290,2005,3,28,49.3,61.2,32.0
229,349290,2005,9,7,66.2,79.7,51.8
230,349290,2005,12,12,35.1,40.6,29.5
231,349290,2005,9,8,69.4,86.0,52.0
232,349290,2005,10,20,47.8,57.2,37.4
233,349290,2005,10,30,38.6,41.2,35.6
234,349290,2005,12,7,43.5,50.5,37.4
235,349290,2005,12,30,35.4,45.9,28.4
236,349290,2005,11,10,36.3,37.9,34.5
237,349290,2005,9,6,65.4,78.1,53.1
238,349290,2005,4,7,50.6,64.4,33.1
239,349290,2005,2,10,19.3,32.0,6.8
240,349290,2005,4,9,57.4,73.4,44.1
241,349290,2005,4,18,65.2,75.2,54.0
242,349290,2005,7,7,72.3,84.2,57.2
243,349290,2005,11,22,35.8,39.2,32.0
244,349290,2005,5,25,73.3,86.0,62.6
245,349290,2005,1,23,38.9,42.6,35.6
246,349290,2005,1,25,32.2,37.6,22.8
247,349290,2005,2,23,37.8,49.3,30.2
248,349290,2005,4,10,57.7,74.8,41.2
249,349290,2005,5,19,68.6,81.3,53.6
250,349290,2005,6,18,71.4,80.6,62.6
251,349290,2005,1,1,36.8,39.2,35.1
252,349290,2005,3,15,36.9,46.6,28.4
253,349290,2005,4,11,59.4,75.2,41.9
254,349290,2005,6,5,65.3,75.2,49.3
255,349290,2005,7,2,77.3,86.0,64.4
256,349290,2005,3,23,31.7,37.9,23.0
257,349290,2005,1,11,41.5,46.4,32.0
258,349290,2005,3,17,40.9,48.2,29.8
259,349290,2005,4,14,66.6,78.8,52.9
260,349290,2005,5,3,53.5,59.0,48.7
261,349290,2005,7,18,74.5,86.0,64.4
262,349290,2005,5,7,66.7,77.0,55.4
263,349290,2005,9,18,71.4,84.2,60.1
264,349290,2005,12,15,34.9,39.2,29.7
265,349290,2005,8,8,80.9,91.4,70.7
266,349290,2005,8,22,71.3,83.1,59.0
267,349290,2005,8,23,72.5,86.4,56.8
268,349290,2005,8,28,75.7,86.4,63.7
269,349290,2005,9,19,73.3,86.0,64.0
270,349290,2005,8,13,74.2,86.7,60.1
271,349290,2005,9,25,69.7,77.2,61.9
272,349290,2005,8,14,77.7,89.6,60.8
273,349290,2005,7,31,81.7,93.7,66.0
274,349290,2005,5,23,76.4,88.9,62.6
275,349290,2005,12,3,47.4,53.6,42.8
276,349290,2005,10,23,49.6,68.0,36.5
277,349290,2005,10,28,47.5,52.3,42.8
278,349290,2005,5,30,75.6,88.2,60.8
279,349290,2005,9,1,68.3,81.9,57.2
280,349290,2005,2,17,46.3,63.0,33.3
281,349290,2005,1,8,39.3,46.4,26.6
282,349290,2005,8,31,72.8,86.7,57.2
283,349290,2005,7,17,71.2,78.4,64.4
284,349290,2005,9,10,68.0,77.0,62.2
285,349290,2005,1,24,32.9,38.1,26.6
286,349290,2005,12,6,48.7,57.2,42.8
287,349290,2005,12,21,21.3,33.3,10.4
288,349290,2005,8,5,78.0,87.8,68.0
289,349290,2005,12,31,37.6,41.7,30.2
290,349290,2005,2,22,36.2,42.8,32.0
291,349290,2005,11,18,46.8,57.2,41.0
292,349290,2005,1,30,42.3,46.0,39.2
293,349290,2005,6,19,66.8,77.9,60.8
294,349290,2005,9,9,73.5,86.0,57.2
295,349290,2005,11,4,49.2,54.7,39.6
296,349290,2005,7,14,78.5,88.2,68.0
297,349290,2005,5,12,68.6,78.8,55.4
298,349290,2005,6,25,71.9,82.4,59.0
299,349290,2005,4,12,62.9,77.0,48.0
300,349290,2005,4,24,48.2,54.3,41.0
301,349290,2005,12,20,29.7,34.7,23.0
302,349290,2005,9,14,70.6,80.6,62.2
303,349290,2005,12,27,38.0,46.8,32.0
304,349290,2005,5,27,69.2,80.6,60.8
305,349290,2005,7,8,74.5,86.0,59.0
306,349290,2005,3,7,40.3,47.3,35.2
307,349290,2005,3,29,36.6,46.6,32.0
308,349290,2005,5,26,69.9,80.6,62.6
309,349290,2005,12,17,45.8,51.8,37.9
310,349290,2005,1,6,35.3,41.0,30.2
311,349290,2005,3,21,31.7,38.7,24.1
312,349290,2005,3,24,30.9,37.4,24.6
313,349290,2005,1,21,45.4,55.4,35.6
314,349290,2005,4,4,40.4,51.8,26.2
315,349290,2005,3,12,34.6,42.8,23.0
316,349290,2005,1,12,46.4,51.1,42.8
317,349290,2005,12,25,28.4,32.0,20.8
318,349290,2005,10,27,54.4,59.7,48.2
319,349290,2005,11,27,46.1,50.0,36.9
320,349290,2005,5,15,59.8,70.3,46.4
321,349290,2005,2,13,33.7,42.8,21.2
322,349290,2005,6,30,72.6,84.2,59.0
323,349290,2005,4,28,53.0,59.0,45.0
324,349290,2005,10,24,54.6,71.6,37.4
325,349290,2005,10,26,47.0,59.4,32.5
326,349290,2005,11,24,27.1,32.2,20.5
327,349290,2005,9,4,66.9,77.7,55.9
328,349290,2005,6,11,75.1,84.2,64.4
329,349290,2005,1,14,37.2,50.0,30.0
330,349290,2005,1,26,36.3,43.2,32.0
331,349290,2005,4,16,57.2,69.1,48.0
332,349290,2005,7,12,74.1,82.6,64.4
333,349290,2005,8,10,78.0,89.6,69.8
334,349290,2005,7,25,73.8,82.4,68.4
335,349290,2005,10,6,50.7,60.8,39.2
336,349290,2005,1,2,35.7,38.5,32.0
337,349290,2005,2,18,46.9,54.3,41.0
338,349290,2005,7,5,75.2,84.2,68.0
339,349290,2005,1,13,39.6,47.5,33.1
340,349290,2005,1,20,36.6,41.0,31.3
341,349290,2005,2,14,37.9,50.5,26.6
342,349290,2005,2,16,41.0,56.3,30.2
343,349290,2005,3,26,40.0,50.0,24.8
344,349290,2005,5,16,59.8,69.8,48.2
345,349290,2005,5,18,64.7,75.2,50.0
346,349290,2005,5,21,71.3,84.2,57.2
347,349290,2005,6,4,62.1,73.4,50.0
348,349290,2005,6,9,75.0,87.8,57.2
349,349290,2005,6,14,70.4,80.6,53.6
350,349290,2005,1,19,31.6,37.4,26.6
351,349290,2005,2,9,18.7,32.0,8.6
352,349290,2005,4,5,47.7,62.1,33.8
353,349290,2005,7,4,81.0,93.2,66.2
354,349290,2005,5,2,53.2,62.6,44.6
355,349290,2005,3,16,37.2,48.2,28.4
356,349290,2005,5,13,60.8,69.8,55.4
357,349290,2005,9,5,63.6,75.2,51.8
358,349290,2005,7,20,75.4,86.0,64.0
359,349290,2005,7,21,76.6,87.1,66.2
360,349290,2005,10,11,56.0,65.5,42.8
361,349290,2005,8,20,73.8,82.4,66.2
362,349290,2005,10,7,48.1,53.6,37.2
363,349290,2005,8,21,70.6,78.8,60.8
364,349290,2005,10,10,49.2,59.7,39.7
0,349290,2006,1,4,37.5,47.7,32.7
1,349290,2006,1,1,39.6,46.9,31.8
2,349290,2006,1,10,24.1,26.6,21.2
3,349290,2006,2,9,18.2,21.4,15.6
4,349290,2006,1,9,19.6,23.7,11.5
5,349290,2006,6,27,76.1,87.3,65.8
6,349290,2006,9,7,65.4,75.2,57.2
7,349290,2006,5,17,65.0,75.2,51.8
8,349290,2006,1,15,26.9,30.2,21.7
9,349290,2006,1,19,25.9,37.4,10.9
10,349290,2006,9,6,65.8,75.9,60.3
11,349290,2006,1,16,28.5,30.2,25.5
12,349290,2006,10,16,52.4,62.2,39.2
13,349290,2006,4,6,51.8,63.0,41.0
14,349290,2006,6,28,80.3,91.2,66.2
15,349290,2006,2,20,33.7,42.8,25.3
16,349290,2006,6,25,71.9,84.7,65.8
17,349290,2006,5,8,55.7,63.7,48.2
18,349290,2006,12,15,35.4,39.9,32.0
19,349290,2006,12,31,31.4,35.6,26.6
20,349290,2006,12,11,29.9,32.0,28.4
21,349290,2006,4,13,62.2,76.1,50.0
22,349290,2006,3,8,48.3,63.3,35.6
23,349290,2006,6,7,66.4,73.0,57.2
24,349290,2006,12,28,34.5,37.4,18.9
25,349290,2006,5,29,61.4,65.7,56.1
26,349290,2006,11,16,49.5,53.6,42.6
27,349290,2006,8,18,83.1,95.7,71.6
28,349290,2006,11,3,58.8,68.5,45.9
29,349290,2006,5,5,53.6,65.3,40.6
30,349290,2006,7,14,75.1,82.4,66.2
31,349290,2006,2,14,10.2,19.8,-2.6
32,349290,2006,5,7,59.0,66.2,54.3
33,349290,2006,5,26,73.9,87.1,58.3
34,349290,2006,9,8,66.5,79.5,54.9
35,349290,2006,4,2,50.8,57.9,42.8
36,349290,2006,4,14,58.7,68.0,46.4
37,349290,2006,10,26,57.2,60.8,50.7
38,349290,2006,5,1,52.2,61.3,43.5
39,349290,2006,5,31,75.7,91.4,60.3
40,349290,2006,6,4,82.2,95.0,67.5
41,349290,2006,6,15,69.3,79.2,57.2
42,349290,2006,7,24,73.6,84.2,62.6
43,349290,2006,8,22,80.5,93.2,67.3
44,349290,2006,11,13,44.8,48.9,38.8
45,349290,2006,4,12,61.7,72.9,51.8
46,349290,2006,5,2,48.5,52.5,43.9
47,349290,2006,5,11,62.5,74.7,44.4
48,349290,2006,8,8,83.1,96.1,69.4
49,349290,2006,9,4,72.9,82.4,63.3
50,349290,2006,9,23,70.5,80.6,60.8
51,349290,2006,10,5,64.3,81.1,49.8
52,349290,2006,10,22,55.6,68.9,44.6
53,349290,2006,12,8,30.0,35.6,24.6
54,349290,2006,7,20,72.8,84.2,60.3
55,349290,2006,7,21,72.7,82.4,62.2
56,349290,2006,8,3,78.9,91.4,66.2
57,349290,2006,9,12,65.1,77.7,50.5
58,349290,2006,9,25,67.9,81.3,55.8
59,349290,2006,11,21,30.1,37.4,24.1
60,349290,2006,12,5,36.0,50.0,24.1
61,349290,2006,1,26,7.8,14.9,-2.4
62,349290,2006,1,31,33.3,37.4,23.0
63,349290,2006,3,20,43.2,50.7,35.4
64,349290,2006,3,15,46.1,52.2,40.3
65,349290,2006,3,25,35.1,41.0,30.2
66,349290,2006,1,27,13.5,15.8,7.7
67,349290,2006,3,27,45.7,51.8,40.3
68,349290,2006,9,10,62.3,75.2,50.0
69,349290,2006,6,6,67.9,74.1,59.0
70,349290,2006,10,17,50.7,54.3,46.2
71,349290,2006,1,7,23.1,25.3,14.0
72,349290,2006,5,10,58.3,69.8,46.4
73,349290,2006,12,14,36.0,39.6,30.2
74,349290,2006,1,17,19.8,30.2,1.4
75,349290,2006,2,5,31.3,37.4,21.2
76,349290,2006,7,28,73.4,87.6,59.0
77,349290,2006,6,10,65.0,74.1,60.8
78,349290,2006,11,10,54.2,60.8,46.4
79,349290,2006,12,13,32.4,33.8,30.2
80,349290,2006,9,27,68.3,80.6,55.4
81,349290,2006,12,2,42.0,48.2,35.1
82,349290,2006,8,23,74.7,85.3,64.4
83,349290,2006,11,1,62.1,70.5,55.4
84,349290,2006,2,3,35.5,40.3,30.2
85,349290,2006,7,12,77.5,91.4,62.6
86,349290,2006,10,14,51.2,63.3,41.0
87,349290,2006,1,11,23.9,30.6,15.8
88,349290,2006,6,29,80.9,91.4,68.0
89,349290,2006,7,25,75.2,84.9,64.4
90,349290,2006,8,10,77.6,88.5,66.2
91,349290,2006,9,1,71.6,80.6,64.4
92,349290,2006,7,29,67.7,78.8,55.4
93,349290,2006,8,4,81.8,95.0,66.2
94,349290,2006,8,5,83.1,97.9,68.0
95,349290,2006,10,19,41.7,52.7,32.0
96,349290,2006,11,27,43.8,50.4,39.2
97,349290,2006,1,22,5.1,16.3,-9.4
98,349290,2006,3,2,35.0,49.8,30.2
99,349290,2006,3,4,36.6,45.3,30.2
100,349290,2006,6,18,66.9,76.1,57.0
101,349290,2006,4,8,55.0,64.4,46.4
102,349290,2006,10,25,55.3,69.6,46.4
103,349290,2006,5,9,55.9,66.2,42.1
104,349290,2006,8,25,75.5,87.4,57.6
105,349290,2006,7,15,70.0,81.5,62.6
106,349290,2006,6,5,78.7,90.3,68.0
107,349290,2006,2,16,12.4,23.0,-0.4
108,349290,2006,4,21,57.3,66.9,49.5
109,349290,2006,1,2,36.8,43.3,31.8
110,349290,2006,1,29,25.7,30.2,19.4
111,349290,2006,2,21,30.6,43.2,21.0
112,349290,2006,6,21,76.7,89.6,60.8
113,349290,2006,3,18,43.7,53.6,32.0
114,349290,2006,3,22,48.1,61.9,32.0
115,349290,2006,9,11,61.2,74.1,44.2
116,349290,2006,11,8,43.9,48.6,36.3
117,349290,2006,11,15,44.9,48.2,39.2
118,349290,2006,2,8,15.3,18.0,9.3
119,349290,2006,2,11,32.3,36.1,28.0
120,349290,2006,12,24,37.1,41.0,32.4
121,349290,2006,4,22,57.1,64.8,51.8
122,349290,2006,6,24,69.7,75.6,66.2
123,349290,2006,4,10,58.2,65.3,51.1
124,349290,2006,10,31,58.3,68.0,49.1
125,349290,2006,4,25,43.9,53.6,35.1
126,349290,2006,5,23,67.2,78.8,55.0
127,349290,2006,6,3,80.1,92.1,66.9
128,349290,2006,6,13,67.9,78.8,53.2
129,349290,2006,7,3,65.0,74.1,55.4
130,349290,2006,7,23,70.9,77.0,62.2
131,349290,2006,8,11,82.3,96.8,64.0
132,349290,2006,8,27,80.4,98.6,64.2
133,349290,2006,8,31,79.6,98.6,61.9
134,349290,2006,11,23,38.6,55.4,27.7
135,349290,2006,4,1,53.8,69.8,38.3
136,349290,2006,5,24,69.0,80.8,53.6
137,349290,2006,6,30,81.1,92.1,68.4
138,349290,2006,7,5,72.1,83.8,58.5
139,349290,2006,8,6,85.0,99.3,72.7
140,349290,2006,8,26,77.7,92.1,63.0
141,349290,2006,9,17,55.7,71.6,40.8
142,349290,2006,7,6,72.2,82.0,56.1
143,349290,2006,9,28,68.9,82.8,55.0
144,349290,2006,10,4,62.7,78.6,45.9
145,349290,2006,11,22,35.1,44.6,26.8
146,349290,2006,12,17,45.8,55.8,36.3
147,349290,2006,3,17,44.0,50.5,36.3
148,349290,2006,3,3,38.6,44.6,31.5
149,349290,2006,2,18,31.5,37.4,17.4
150,349290,2006,3,5,47.4,59.0,35.6
151,349290,2006,3,11,42.2,53.2,28.4
152,349290,2006,3,13,46.1,55.4,38.7
153,349290,2006,9,21,65.8,81.7,53.6
154,349290,2006,11,2,58.5,63.3,55.4
155,349290,2006,6,8,66.5,77.0,59.0
156,349290,2006,12,10,29.8,33.1,28.4
157,349290,2006,10,1,60.9,71.1,51.8
158,349290,2006,1,6,28.2,30.4,24.8
159,349290,2006,11,6,44.2,51.8,32.0
160,349290,2006,7,13,78.7,88.9,66.2
161,349290,2006,4,3,48.0,50.7,44.6
162,349290,2006,6,23,75.0,84.7,68.0
163,349290,2006,11,7,43.6,47.3,35.6
164,349290,2006,1,5,34.6,37.6,28.4
165,349290,2006,7,26,76.0,86.7,62.6
166,349290,2006,8,28,81.5,91.8,71.6
167,349290,2006,8,30,78.0,91.4,64.4
168,349290,2006,9,26,67.8,83.7,53.6
169,349290,2006,10,13,54.6,63.1,46.4
170,349290,2006,5,25,72.1,84.2,55.4
171,349290,2006,7,2,69.5,78.1,59.0
172,349290,2006,8,1,76.0,88.5,60.8
173,349290,2006,10,3,59.2,73.4,48.2
174,349290,2006,10,10,56.1,64.8,46.4
175,349290,2006,8,24,71.8,80.8,62.6
176,349290,2006,1,8,15.5,23.5,10.4
177,349290,2006,7,18,70.8,81.0,62.6
178,349290,2006,7,27,76.7,91.8,62.6
179,349290,2006,11,20,32.6,41.5,26.6
180,349290,2006,3,1,39.3,47.1,35.2
181,349290,2006,3,21,46.1,54.7,37.4
182,349290,2006,3,19,42.5,47.1,35.6
183,349290,2006,3,31,50.1,59.4,39.2
184,349290,2006,3,29,49.5,65.1,35.6
185,349290,2006,7,16,71.5,82.8,63.3
186,349290,2006,12,6,37.3,53.6,28.4
187,349290,2006,12,30,33.3,36.1,28.4
188,349290,2006,3,14,47.6,62.6,37.0
189,349290,2006,11,4,44.7,64.0,38.7
190,349290,2006,4,17,52.4,61.5,35.4
191,349290,2006,2,13,15.3,26.6,-2.2
192,349290,2006,2,10,27.7,34.3,17.2
193,349290,2006,4,26,43.1,50.9,35.6
194,349290,2006,9,20,65.8,81.1,51.1
195,349290,2006,9,18,61.5,78.3,41.0
196,349290,2006,10,15,47.6,62.6,33.1
197,349290,2006,2,26,36.8,43.2,33.3
198,349290,2006,3,23,55.4,68.0,41.7
199,349290,2006,5,4,49.2,54.0,42.8
200,349290,2006,6,14,65.4,71.6,59.0
201,349290,2006,1,20,18.5,40.5,8.6
202,349290,2006,9,3,72.2,84.2,60.8
203,349290,2006,9,13,63.2,77.2,48.2
204,349290,2006,3,24,52.5,68.7,32.0
205,349290,2006,11,9,51.3,58.1,45.9
206,349290,2006,4,9,54.1,61.0,44.4
207,349290,2006,5,6,58.9,68.9,50.0
208,349290,2006,4,4,47.9,50.7,45.7
209,349290,2006,5,28,62.4,71.8,56.5
210,349290,2006,12,29,41.0,44.6,34.3
211,349290,2006,7,31,73.3,87.1,56.7
212,349290,2006,9,22,65.8,74.7,59.0
213,349290,2006,11,5,37.9,39.6,36.7
214,349290,2006,10,30,55.4,63.0,50.0
215,349290,2006,1,13,23.0,25.5,17.1
216,349290,2006,4,7,53.4,63.0,42.8
217,349290,2006,4,20,60.1,69.8,47.5
218,349290,2006,6,12,65.4,75.9,54.5
219,349290,2006,5,18,59.1,63.3,56.3
220,349290,2006,12,12,31.9,35.8,28.6
221,349290,2006,5,16,63.9,77.0,49.3
222,349290,2006,5,22,66.9,78.8,53.2
223,349290,2006,5,30,68.2,78.8,52.9
224,349290,2006,7,17,74.1,84.2,64.0
225,349290,2006,7,30,67.9,81.0,52.7
226,349290,2006,8,12,83.8,97.2,70.7
227,349290,2006,8,13,84.4,97.5,71.2
228,349290,2006,9,15,64.6,81.5,49.5
229,349290,2006,10,7,67.9,82.4,58.5
230,349290,2006,12,16,41.5,50.0,30.0
231,349290,2006,4,29,49.4,59.5,36.0
232,349290,2006,6,19,69.2,79.5,58.8
233,349290,2006,7,10,70.9,81.3,56.8
234,349290,2006,8,17,84.6,99.3,73.0
235,349290,2006,9,14,63.6,79.3,48.2
236,349290,2006,10,11,55.7,69.8,43.2
237,349290,2006,12,18,43.0,53.8,33.8
238,349290,2006,12,27,16.9,26.6,4.8
239,349290,2006,6,1,76.0,88.2,62.1
240,349290,2006,8,14,86.3,96.8,73.4
241,349290,2006,8,15,85.9,96.1,77.7
242,349290,2006,9,29,69.2,80.6,56.8
243,349290,2006,10,20,44.1,58.3,32.2
244,349290,2006,3,26,38.5,41.2,33.1
245,349290,2006,1,28,23.6,34.2,13.3
246,349290,2006,2,28,36.8,41.0,32.4
247,349290,2006,1,25,-4.2,3.2,-22.0
248,349290,2006,1,24,-18.3,-5.8,-28.7
249,349290,2006,3,7,51.3,69.1,39.2
250,349290,2006,9,30,64.8,67.3,60.8
251,349290,2006,10,27,57.3,62.6,53.6
252,349290,2006,11,14,43.9,47.3,39.2
253,349290,2006,2,7,11.2,14.4,8.6
254,349290,2006,7,7,68.5,75.4,59.0
255,349290,2006,10,18,46.4,53.6,39.2
256,349290,2006,11,17,45.8,51.8,37.4
257,349290,2006,5,19,63.3,74.1,53.6
258,349290,2006,12,25,37.6,39.9,33.8
259,349290,2006,12,21,28.5,31.8,23.5
260,349290,2006,12,9,30.2,32.2,28.4
261,349290,2006,7,9,67.9,76.3,59.0
262,349290,2006,7,1,80.6,91.4,66.2
263,349290,2006,4,16,52.2,61.5,41.0
264,349290,2006,6,11,62.6,71.2,55.4
265,349290,2006,8,7,85.0,101.7,68.0
266,349290,2006,4,23,57.1,66.9,50.0
267,349290,2006,12,19,42.1,49.1,37.4
268,349290,2006,3,9,31.7,34.7,28.4
269,349290,2006,2,25,34.0,35.6,32.0
270,349290,2006,2,24,35.2,37.9,33.8
271,349290,2006,3,28,48.6,59.5,39.2
272,349290,2006,10,9,58.3,65.5,53.6
273,349290,2006,10,12,56.9,69.8,46.4
274,349290,2006,8,19,83.8,97.0,68.5
275,349290,2006,3,30,54.1,70.5,34.5
276,349290,2006,11,24,38.2,54.0,28.4
277,349290,2006,4,11,59.5,68.4,52.9
278,349290,2006,5,13,59.1,68.4,46.4
279,349290,2006,11,25,36.8,47.7,28.4
280,349290,2006,6,26,75.2,84.6,63.9
281,349290,2006,6,20,72.9,84.2,58.5
282,349290,2006,5,20,65.8,77.0,52.5
283,349290,2006,8,21,81.7,95.0,68.7
284,349290,2006,1,18,7.2,13.3,-2.2
285,349290,2006,7,8,63.0,66.9,59.0
286,349290,2006,1,21,7.1,32.4,3.6
287,349290,2006,12,22,25.0,30.6,19.4
288,349290,2006,12,7,29.1,34.7,24.8
289,349290,2006,4,24,49.0,59.7,35.6
290,349290,2006,4,19,56.6,66.2,44.6
291,349290,2006,5,21,68.1,79.2,55.4
292,349290,2006,8,20,80.6,95.0,68.0
293,349290,2006,1,30,26.9,32.4,21.2
294,349290,2006,2,15,18.3,21.2,12.6
295,349290,2006,2,2,34.7,39.6,23.7
296,349290,2006,11,28,44.4,46.4,42.4
297,349290,2006,5,15,61.8,72.7,51.1
298,349290,2006,10,29,55.2,59.0,51.8
299,349290,2006,5,3,48.0,50.5,46.0
300,349290,2006,10,8,64.8,72.0,56.8
301,349290,2006,2,4,32.8,35.6,30.2
302,349290,2006,4,28,46.6,55.8,38.3
303,349290,2006,5,14,59.3,70.9,50.0
304,349290,2006,6,16,66.4,75.6,59.0
305,349290,2006,12,1,38.5,42.8,27.9
306,349290,2006,4,30,51.8,61.5,39.9
307,349290,2006,7,19,70.2,80.6,60.1
308,349290,2006,8,2,76.9,91.4,67.3
309,349290,2006,8,16,85.5,98.2,76.3
310,349290,2006,9,2,74.0,88.3,59.4
311,349290,2006,10,6,65.5,82.8,50.5
312,349290,2006,6,2,78.0,90.3,65.1
313,349290,2006,6,22,78.0,91.4,67.1
314,349290,2006,9,9,68.6,84.6,52.9
315,349290,2006,9,19,65.5,82.4,49.3
316,349290,2006,7,4,67.9,79.3,53.2
317,349290,2006,8,29,77.8,89.6,68.0
318,349290,2006,10,2,59.4,70.9,49.1
319,349290,2006,10,21,50.1,65.5,37.4
320,349290,2006,11,19,31.1,39.2,24.4
321,349290,2006,12,23,32.1,37.8,20.1
322,349290,2006,2,27,38.7,45.9,33.8
323,349290,2006,3,10,31.4,38.1,25.5
324,349290,2006,2,22,29.1,38.1,21.2
325,349290,2006,3,6,50.1,64.4,40.6
326,349290,2006,3,12,47.7,66.6,38.5
327,349290,2006,2,23,35.3,50.0,21.7
328,349290,2006,3,16,44.5,48.2,32.9
329,349290,2006,2,1,30.4,34.0,23.0
330,349290,2006,7,11,73.3,84.2,64.4
331,349290,2006,10,28,55.3,59.0,51.8
332,349290,2006,2,6,16.7,19.6,14.0
333,349290,2006,2,12,29.6,33.3,23.0
334,349290,2006,4,15,55.2,66.6,46.4
335,349290,2006,4,27,47.7,56.8,41.0
336,349290,2006,5,12,60.9,71.6,51.8
337,349290,2006,12,26,21.4,31.1,8.6
338,349290,2006,5,27,63.6,67.1,59.0
339,349290,2006,9,5,71.3,80.2,64.4
340,349290,2006,11,11,42.1,46.4,32.0
341,349290,2006,4,5,49.1,57.2,41.0
342,349290,2006,12,20,37.1,42.8,32.0
343,349290,2006,9,24,66.6,77.0,62.6
344,349290,2006,1,3,36.4,41.2,32.0
345,349290,2006,1,14,24.3,26.6,21.2
346,349290,2006,6,9,67.3,75.4,55.4
347,349290,2006,10,24,57.7,70.2,48.2
348,349290,2006,11,12,39.5,45.7,28.4
349,349290,2006,11,18,32.9,38.1,28.4
350,349290,2006,11,30,31.9,38.7,28.4
351,349290,2006,4,18,54.6,63.3,48.2
352,349290,2006,7,22,71.1,80.6,62.6
353,349290,2006,8,9,79.6,90.9,69.8
354,349290,2006,9,16,55.6,65.7,42.8
355,349290,2006,1,12,23.6,32.0,15.8
356,349290,2006,6,17,66.3,76.1,57.2
357,349290,2006,10,23,56.5,71.4,46.4
358,349290,2006,11,26,40.5,54.1,28.4
359,349290,2006,11,29,38.6,47.7,30.2
360,349290,2006,12,3,43.0,52.3,28.4
361,349290,2006,12,4,35.6,49.3,26.6
362,349290,2006,2,19,35.5,44.6,26.4
363,349290,2006,2,17,14.5,28.4,-2.2
364,349290,2006,1,23,-14.4,-7.6,-25.6
0,349290,2007,9,23,68.5,83.3,59.7
1,349290,2007,3,6,41.9,46.4,38.5
2,349290,2007,9,13,67.7,82.9,60.1
3,349290,2007,3,8,41.6,49.3,35.6
4,349290,2007,9,17,57.0,67.6,48.2
5,349290,2007,9,19,67.1,81.9,48.4
6,349290,2007,8,17,77.3,88.9,66.6
7,349290,2007,8,11,79.8,92.5,66.9
8,349290,2007,4,14,45.3,53.6,36.3
9,349290,2007,2,24,7.4,14.5,-4.0
10,349290,2007,7,14,67.4,73.9,57.9
11,349290,2007,10,14,54.4,62.6,47.1
12,349290,2007,4,25,50.1,63.1,35.6
13,349290,2007,10,6,68.0,80.6,57.2
14,349290,2007,5,15,62.8,73.9,46.4
15,349290,2007,7,26,81.0,93.9,68.0
16,349290,2007,4,16,46.9,55.4,40.6
17,349290,2007,1,7,34.7,44.1,26.2
18,349290,2007,3,21,48.8,63.1,34.0
19,349290,2007,3,29,41.8,53.6,30.4
20,349290,2007,7,13,81.7,96.1,68.0
21,349290,2007,9,15,63.0,76.6,51.4
22,349290,2007,2,7,38.9,46.6,28.8
23,349290,2007,6,3,72.2,85.1,64.0
24,349290,2007,6,26,71.6,81.3,63.0
25,349290,2007,9,10,69.5,80.8,61.7
26,349290,2007,1,21,40.1,46.4,32.0
27,349290,2007,1,31,23.2,28.4,17.1
28,349290,2007,12,15,38.7,50.0,34.3
29,349290,2007,2,6,31.3,37.8,19.9
30,349290,2007,3,30,45.4,58.5,28.6
31,349290,2007,6,28,78.1,91.4,62.2
32,349290,2007,8,4,76.9,86.4,65.8
33,349290,2007,11,24,31.2,49.1,18.5
34,349290,2007,12,7,39.7,42.8,34.0
35,349290,2007,6,25,71.5,80.4,62.6
36,349290,2007,9,5,81.9,93.9,69.1
37,349290,2007,6,1,76.4,85.5,67.5
38,349290,2007,6,18,70.9,77.0,67.3
39,349290,2007,11,2,54.2,59.5,48.7
40,349290,2007,3,9,41.7,47.1,34.5
41,349290,2007,3,15,40.4,51.8,29.5
42,349290,2007,4,21,52.8,60.3,43.2
43,349290,2007,5,18,71.1,88.0,52.2
44,349290,2007,6,15,79.7,91.8,65.5
45,349290,2007,7,12,80.5,96.4,62.6
46,349290,2007,7,24,84.5,98.1,72.0
47,349290,2007,7,28,79.3,92.7,61.5
48,349290,2007,9,27,66.6,82.4,53.6
49,349290,2007,10,1,66.2,78.3,54.9
50,349290,2007,10,20,56.3,72.3,41.7
51,349290,2007,11,23,28.0,52.2,18.9
52,349290,2007,2,12,43.0,55.4,31.5
53,349290,2007,3,28,41.9,52.2,33.6
54,349290,2007,4,10,46.3,61.3,30.6
55,349290,2007,5,16,66.2,79.2,49.3
56,349290,2007,6,30,68.9,77.7,57.0
57,349290,2007,7,6,78.7,91.0,62.1
58,349290,2007,9,2,76.4,87.8,64.4
59,349290,2007,9,20,67.5,84.0,51.1
60,349290,2007,11,15,42.6,52.5,30.6
61,349290,2007,9,25,63.8,69.8,59.0
62,349290,2007,2,5,27.7,34.2,19.4
63,349290,2007,3,25,46.1,50.2,42.8
64,349290,2007,11,5,46.6,52.2,33.8
65,349290,2007,11,27,44.2,57.6,33.4
66,349290,2007,11,12,44.8,50.0,37.4
67,349290,2007,1,9,42.5,47.5,39.2
68,349290,2007,2,23,22.0,27.3,15.8
69,349290,2007,5,23,76.1,92.1,60.8
70,349290,2007,1,19,49.1,54.7,44.6
71,349290,2007,4,12,52.6,66.6,37.4
72,349290,2007,11,13,44.1,63.3,32.0
73,349290,2007,1,27,40.6,44.8,36.7
74,349290,2007,3,26,36.3,41.7,28.4
75,349290,2007,4,4,48.7,54.1,44.6
76,349290,2007,10,29,53.2,59.9,48.2
77,349290,2007,11,29,32.3,39.2,26.8
78,349290,2007,2,11,44.2,59.7,32.0
79,349290,2007,3,16,39.5,48.2,30.2
80,349290,2007,5,13,65.4,79.5,50.0
81,349290,2007,6,23,72.0,82.4,59.0
82,349290,2007,9,9,72.7,82.4,62.6
83,349290,2007,11,14,37.7,45.1,32.0
84,349290,2007,8,10,75.8,86.0,64.4
85,349290,2007,11,18,37.8,45.0,30.2
86,349290,2007,12,17,28.4,33.8,21.2
87,349290,2007,6,16,82.0,95.4,66.2
88,349290,2007,11,1,55.5,68.2,44.6
89,349290,2007,1,11,39.8,53.6,28.4
90,349290,2007,2,22,26.5,30.4,23.0
91,349290,2007,5,5,54.2,68.4,32.0
92,349290,2007,8,23,79.7,95.9,68.0
93,349290,2007,9,8,78.0,90.3,69.8
94,349290,2007,10,2,64.2,78.1,51.8
95,349290,2007,3,18,41.6,44.6,36.7
96,349290,2007,11,8,38.2,43.7,31.6
97,349290,2007,11,26,42.7,54.7,26.6
98,349290,2007,10,18,54.2,69.1,37.9
99,349290,2007,7,21,86.2,100.4,66.2
100,349290,2007,4,11,49.1,63.0,33.3
101,349290,2007,8,25,81.5,97.9,66.2
102,349290,2007,1,26,51.5,60.8,46.0
103,349290,2007,6,21,68.4,77.0,62.6
104,349290,2007,5,11,58.3,69.8,44.6
105,349290,2007,3,22,48.5,60.4,39.2
106,349290,2007,1,5,38.2,42.8,37.0
107,349290,2007,5,1,53.0,61.7,47.1
108,349290,2007,11,11,44.2,52.5,38.1
109,349290,2007,12,13,42.2,45.1,33.3
110,349290,2007,12,20,32.7,37.4,27.0
111,349290,2007,1,1,38.1,41.0,25.7
112,349290,2007,10,7,66.4,80.1,54.5
113,349290,2007,12,2,35.3,39.2,31.5
114,349290,2007,10,11,58.8,71.6,45.1
115,349290,2007,12,24,37.2,41.0,32.4
116,349290,2007,3,3,41.8,48.2,33.1
117,349290,2007,9,16,57.2,68.5,49.3
118,349290,2007,3,13,39.4,42.1,33.1
119,349290,2007,3,31,45.9,59.0,33.1
120,349290,2007,4,18,46.7,57.6,28.8
121,349290,2007,8,13,84.1,98.6,71.2
122,349290,2007,8,22,77.1,91.0,67.1
123,349290,2007,8,26,81.2,97.5,64.2
124,349290,2007,9,6,82.1,95.2,70.9
125,349290,2007,9,21,70.8,84.2,57.4
126,349290,2007,12,3,33.9,36.7,27.7
127,349290,2007,12,6,32.2,37.4,26.2
128,349290,2007,1,8,41.6,46.8,33.1
129,349290,2007,3,24,46.5,51.8,41.7
130,349290,2007,12,10,34.6,36.1,33.3
131,349290,2007,2,8,42.9,51.8,35.6
132,349290,2007,2,16,37.0,48.6,28.0
133,349290,2007,3,20,44.5,59.4,28.9
134,349290,2007,4,7,48.3,55.4,42.3
135,349290,2007,4,23,47.7,59.4,36.1
136,349290,2007,5,28,78.9,89.6,67.3
137,349290,2007,6,6,70.2,82.4,53.2
138,349290,2007,6,11,74.4,86.4,58.1
139,349290,2007,10,25,61.1,69.1,55.8
140,349290,2007,1,12,44.8,52.7,36.9
141,349290,2007,3,27,38.8,48.2,28.0
142,349290,2007,4,27,55.1,68.0,39.9
143,349290,2007,5,20,73.9,86.4,55.4
144,349290,2007,9,12,70.8,86.0,54.0
145,349290,2007,9,26,66.0,78.4,56.5
146,349290,2007,10,3,67.1,81.9,54.7
147,349290,2007,10,21,58.0,74.1,41.5
148,349290,2007,11,21,31.6,42.1,21.7
149,349290,2007,4,6,48.1,53.6,41.0
150,349290,2007,5,2,49.5,53.6,44.6
151,349290,2007,6,4,66.0,72.1,60.8
152,349290,2007,10,26,59.1,68.2,53.6
153,349290,2007,12,11,37.8,41.9,33.8
154,349290,2007,12,12,41.3,46.4,33.8
155,349290,2007,1,6,35.9,37.6,28.4
156,349290,2007,1,30,30.0,37.8,21.0
157,349290,2007,6,2,73.6,84.2,64.4
158,349290,2007,9,14,62.2,69.3,55.4
159,349290,2007,6,13,73.7,86.2,62.6
160,349290,2007,7,5,79.1,94.1,64.2
161,349290,2007,8,14,80.0,93.7,69.8
162,349290,2007,7,9,72.1,84.9,60.8
163,349290,2007,10,27,53.4,57.7,48.2
164,349290,2007,11,10,44.3,50.4,37.4
165,349290,2007,5,10,56.1,61.9,48.2
166,349290,2007,1,28,33.5,39.9,26.6
167,349290,2007,1,29,31.3,36.1,24.8
168,349290,2007,2,2,36.2,39.6,32.0
169,349290,2007,2,21,39.0,47.1,30.2
170,349290,2007,11,28,34.3,41.9,30.2
171,349290,2007,2,25,2.7,16.3,-13.0
172,349290,2007,6,8,66.1,76.1,57.2
173,349290,2007,6,10,72.0,84.2,56.1
174,349290,2007,7,22,84.7,98.6,68.0
175,349290,2007,11,22,27.8,35.2,23.0
176,349290,2007,4,8,52.2,62.6,44.6
177,349290,2007,5,3,50.9,60.8,41.0
178,349290,2007,10,4,67.0,82.9,54.5
179,349290,2007,4,2,48.3,53.6,43.2
180,349290,2007,7,27,76.2,87.8,62.6
181,349290,2007,12,5,35.7,45.1,30.2
182,349290,2007,4,22,50.0,57.2,41.0
183,349290,2007,5,17,68.9,86.0,48.2
184,349290,2007,12,27,29.2,36.3,21.2
185,349290,2007,8,28,75.1,88.9,69.8
186,349290,2007,3,5,44.2,50.0,39.2
187,349290,2007,8,29,77.0,87.8,59.5
188,349290,2007,3,19,43.2,53.4,35.6
189,349290,2007,2,28,28.5,36.3,17.6
190,349290,2007,3,1,34.9,37.6,32.7
191,349290,2007,9,24,67.3,73.4,60.8
192,349290,2007,8,3,75.9,86.0,69.4
193,349290,2007,10,9,58.9,70.0,46.4
194,349290,2007,5,31,77.3,90.7,65.5
195,349290,2007,8,15,79.7,91.9,69.1
196,349290,2007,9,28,67.6,80.6,54.0
197,349290,2007,10,23,57.2,69.1,46.4
198,349290,2007,11,6,34.1,35.8,32.0
199,349290,2007,3,7,41.3,44.6,37.4
200,349290,2007,12,14,40.1,44.6,35.6
201,349290,2007,9,4,80.8,96.8,68.0
202,349290,2007,4,5,52.4,63.1,42.8
203,349290,2007,10,15,48.4,53.6,42.8
204,349290,2007,1,17,40.1,48.2,35.6
205,349290,2007,3,11,40.5,54.5,26.6
206,349290,2007,2,26,14.2,23.0,-1.1
207,349290,2007,1,4,45.9,50.0,33.8
208,349290,2007,6,24,71.1,80.6,60.3
209,349290,2007,8,16,75.7,90.9,69.3
210,349290,2007,4,19,48.3,58.1,37.0
211,349290,2007,12,22,37.5,40.1,35.1
212,349290,2007,6,20,70.7,79.5,64.0
213,349290,2007,2,10,42.9,60.8,27.0
214,349290,2007,2,15,40.8,57.7,26.6
215,349290,2007,6,9,70.6,83.1,56.3
216,349290,2007,7,10,72.6,84.2,55.0
217,349290,2007,7,11,77.8,91.9,57.2
218,349290,2007,7,20,82.1,96.8,64.2
219,349290,2007,7,30,83.9,98.6,67.3
220,349290,2007,8,5,81.0,91.9,67.6
221,349290,2007,8,6,86.1,102.2,69.6
222,349290,2007,8,12,82.4,93.2,71.2
223,349290,2007,8,24,82.0,95.5,68.0
224,349290,2007,11,25,35.6,52.2,22.1
225,349290,2007,12,31,26.8,28.6,22.8
226,349290,2007,8,19,81.2,95.4,65.7
227,349290,2007,11,9,41.2,49.6,34.5
228,349290,2007,3,17,42.2,50.0,29.8
229,349290,2007,12,1,42.7,53.4,32.4
230,349290,2007,12,28,32.3,33.8,28.0
231,349290,2007,5,27,77.8,90.3,68.7
232,349290,2007,7,3,77.5,90.7,61.2
233,349290,2007,7,4,79.1,93.2,63.7
234,349290,2007,7,31,86.4,101.1,69.3
235,349290,2007,11,20,32.4,40.1,27.5
236,349290,2007,1,18,41.8,49.1,31.1
237,349290,2007,4,28,55.5,69.1,39.9
238,349290,2007,5,29,77.4,87.8,68.4
239,349290,2007,8,20,81.6,93.7,70.9
240,349290,2007,9,22,65.9,77.5,55.2
241,349290,2007,9,30,66.1,76.6,57.9
242,349290,2007,10,12,56.8,68.9,46.0
243,349290,2007,10,13,61.8,77.9,45.5
244,349290,2007,12,30,27.2,30.2,23.0
245,349290,2007,6,5,65.3,77.0,57.2
246,349290,2007,8,9,77.8,91.4,68.0
247,349290,2007,12,23,38.1,42.8,35.2
248,349290,2007,4,20,47.9,53.6,42.8
249,349290,2007,4,17,44.0,53.6,33.8
250,349290,2007,4,30,52.6,58.3,47.1
251,349290,2007,7,16,72.6,83.5,60.8
252,349290,2007,12,18,21.7,26.8,17.6
253,349290,2007,4,29,58.0,72.0,44.6
254,349290,2007,3,4,45.3,53.6,39.2
255,349290,2007,8,2,77.5,93.2,69.8
256,349290,2007,12,29,30.4,32.0,26.6
257,349290,2007,5,12,63.5,77.4,42.8
258,349290,2007,10,10,58.4,70.3,50.0
259,349290,2007,10,17,52.3,64.0,42.8
260,349290,2007,1,10,41.1,51.1,33.8
261,349290,2007,1,24,51.0,62.6,42.1
262,349290,2007,2,14,41.2,57.4,30.2
263,349290,2007,4,1,49.2,63.3,37.4
264,349290,2007,5,21,72.2,86.0,57.2
265,349290,2007,7,2,75.7,86.5,60.8
266,349290,2007,7,19,77.5,89.8,59.0
267,349290,2007,6,29,76.8,86.4,67.5
268,349290,2007,7,18,77.2,88.9,66.2
269,349290,2007,12,25,34.0,37.4,28.4
270,349290,2007,3,2,38.7,47.1,30.7
271,349290,2007,5,30,75.4,88.7,66.2
272,349290,2007,10,19,55.7,70.0,42.1
273,349290,2007,7,7,69.2,75.7,66.0
274,349290,2007,10,16,48.3,57.7,37.9
275,349290,2007,2,1,31.4,39.2,13.3
276,349290,2007,11,4,48.6,54.7,34.2
277,349290,2007,5,24,75.0,88.7,63.9
278,349290,2007,9,18,61.8,77.0,47.3
279,349290,2007,5,26,80.8,93.2,67.1
280,349290,2007,10,22,57.7,69.8,49.8
281,349290,2007,1,23,43.7,51.8,36.5
282,349290,2007,5,14,65.2,77.0,53.2
283,349290,2007,6,12,74.9,86.2,59.9
284,349290,2007,9,7,81.7,95.7,70.5
285,349290,2007,5,8,64.9,80.6,46.4
286,349290,2007,1,20,40.9,46.4,35.6
287,349290,2007,2,4,30.1,32.0,28.4
288,349290,2007,5,9,63.6,72.0,55.4
289,349290,2007,4,3,50.7,57.7,42.8
290,349290,2007,1,22,45.7,51.4,39.9
291,349290,2007,1,13,45.5,50.0,41.7
292,349290,2007,7,15,69.4,82.4,55.9
293,349290,2007,6,22,69.3,80.4,58.3
294,349290,2007,7,1,72.4,83.3,58.3
295,349290,2007,7,29,80.9,93.6,66.7
296,349290,2007,3,12,35.9,39.7,33.8
297,349290,2007,10,28,53.9,61.7,48.7
298,349290,2007,10,30,52.3,59.4,44.2
299,349290,2007,12,21,35.5,37.9,33.1
300,349290,2007,2,27,16.5,25.9,4.8
301,349290,2007,3,23,47.2,56.3,40.1
302,349290,2007,6,7,67.4,77.2,58.1
303,349290,2007,9,29,66.5,77.7,56.5
304,349290,2007,10,24,59.6,69.1,51.3
305,349290,2007,1,2,42.8,48.2,29.3
306,349290,2007,8,1,83.0,93.7,71.6
307,349290,2007,2,20,36.7,41.0,30.9
308,349290,2007,4,15,47.0,57.4,31.3
309,349290,2007,5,7,60.2,73.4,48.0
310,349290,2007,1,25,52.9,64.4,41.7
311,349290,2007,5,6,58.5,70.7,45.3
312,349290,2007,5,22,74.0,86.5,60.4
313,349290,2007,7,23,84.7,97.0,69.4
314,349290,2007,8,21,80.4,95.4,69.8
315,349290,2007,8,27,80.9,96.8,66.7
316,349290,2007,8,30,76.2,92.3,59.4
317,349290,2007,9,1,73.0,85.3,63.9
318,349290,2007,9,3,77.1,90.9,63.5
319,349290,2007,11,30,36.2,45.9,24.6
320,349290,2007,4,26,52.6,64.6,38.5
321,349290,2007,5,19,72.6,86.2,55.8
322,349290,2007,6,14,76.2,87.8,61.2
323,349290,2007,7,25,84.9,100.4,67.8
324,349290,2007,8,7,88.4,102.7,74.3
325,349290,2007,10,5,67.1,80.6,52.9
326,349290,2007,11,7,33.8,36.3,31.3
327,349290,2007,12,4,35.8,46.4,30.2
328,349290,2007,9,11,68.6,80.4,59.0
329,349290,2007,11,3,42.9,50.7,33.8
330,349290,2007,12,16,34.7,40.1,32.0
331,349290,2007,1,16,39.0,41.4,37.4
332,349290,2007,2,3,29.9,31.1,28.4
333,349290,2007,6,19,70.9,86.9,64.4
334,349290,2007,8,31,74.8,89.8,66.2
335,349290,2007,12,8,37.0,39.2,35.6
336,349290,2007,2,17,32.5,39.6,24.8
337,349290,2007,6,17,78.6,90.3,68.0
338,349290,2007,10,8,60.3,66.4,51.8
339,349290,2007,11,17,46.9,52.5,41.0
340,349290,2007,12,19,26.3,32.0,15.8
341,349290,2007,4,13,46.6,53.6,39.2
342,349290,2007,1,14,43.7,46.4,41.0
343,349290,2007,10,31,55.1,63.3,48.2
344,349290,2007,2,9,43.5,57.2,33.8
345,349290,2007,2,19,35.5,50.0,17.6
346,349290,2007,4,9,47.6,57.2,33.8
347,349290,2007,5,4,52.0,64.6,39.2
348,349290,2007,5,25,78.9,92.1,62.6
349,349290,2007,7,8,73.4,84.2,62.6
350,349290,2007,8,8,82.0,93.9,71.6
351,349290,2007,1,15,42.5,45.7,39.2
352,349290,2007,1,3,43.0,51.8,33.8
353,349290,2007,2,13,44.3,59.0,33.8
354,349290,2007,3,10,41.5,48.2,33.8
355,349290,2007,6,27,74.7,88.9,59.0
356,349290,2007,8,18,79.2,93.2,68.0
357,349290,2007,12,9,38.4,43.2,33.8
358,349290,2007,12,26,27.1,30.2,23.0
359,349290,2007,2,18,26.5,36.1,17.6
360,349290,2007,3,14,42.5,50.0,33.8
361,349290,2007,4,24,47.8,57.6,37.4
362,349290,2007,7,17,75.9,90.0,60.8
363,349290,2007,11,16,51.7,69.4,35.6
364,349290,2007,11,19,33.7,41.7,28.4
0,349290,2008,10,29,49.9,64.4,38.3
1,349290,2008,11,4,47.9,55.2,38.1
2,349290,2008,11,3,47.4,62.6,32.9
3,349290,2008,11,12,41.3,55.6,31.8
4,349290,2008,11,14,46.2,59.0,36.7
5,349290,2008,12,3,40.3,55.4,31.1
6,349290,2008,12,12,31.0,39.7,21.9
7,349290,2008,12,13,33.1,35.6,26.4
8,349290,2008,10,28,49.7,64.4,39.2
9,349290,2008,12,26,28.2,32.2,21.7
10,349290,2008,11,9,37.4,50.4,26.2
11,349290,2008,12,29,19.4,23.2,14.0
12,349290,2008,10,31,49.3,66.4,37.4
13,349290,2008,11,29,39.6,43.5,33.6
14,349290,2008,6,25,73.8,84.2,63.5
15,349290,2008,3,22,43.3,49.8,37.4
16,349290,2008,2,16,23.1,32.2,11.1
17,349290,2008,5,20,68.1,79.3,54.5
18,349290,2008,10,7,60.6,67.6,56.8
19,349290,2008,10,14,57.9,72.3,46.4
20,349290,2008,4,5,50.0,59.4,39.2
21,349290,2008,5,27,63.2,72.0,55.4
22,349290,2008,6,13,68.6,77.2,59.0
23,349290,2008,2,10,30.5,36.5,24.8
24,349290,2008,1,3,13.0,21.2,8.4
25,349290,2008,6,21,73.2,86.0,64.4
26,349290,2008,2,5,32.6,43.5,22.8
27,349290,2008,5,1,57.1,67.1,43.3
28,349290,2008,3,4,48.1,54.7,36.0
29,349290,2008,6,3,57.9,67.8,51.6
30,349290,2008,4,21,61.6,75.2,50.0
31,349290,2008,7,15,78.4,91.9,66.2
32,349290,2008,1,12,15.5,29.3,1.4
33,349290,2008,5,24,73.3,86.0,62.6
34,349290,2008,10,1,56.5,67.5,44.6
35,349290,2008,2,15,29.1,34.2,24.8
36,349290,2008,8,9,75.8,90.0,59.9
37,349290,2008,6,19,73.0,83.1,59.9
38,349290,2008,8,6,78.7,92.5,64.0
39,349290,2008,7,5,72.9,84.2,60.8
40,349290,2008,1,19,18.2,24.8,12.2
41,349290,2008,3,24,64.5,82.4,51.6
42,349290,2008,4,9,54.8,66.2,43.7
43,349290,2008,4,13,63.9,75.7,50.9
44,349290,2008,5,21,69.7,81.5,56.1
45,349290,2008,7,9,72.0,83.8,57.7
46,349290,2008,7,31,74.2,86.5,55.8
47,349290,2008,8,28,72.5,86.4,56.8
48,349290,2008,9,1,63.3,77.5,48.0
49,349290,2008,1,8,15.0,27.5,4.8
50,349290,2008,1,13,24.7,40.3,12.2
51,349290,2008,3,30,51.9,59.7,44.2
52,349290,2008,5,17,62.6,74.7,48.7
53,349290,2008,6,4,61.6,73.4,46.6
54,349290,2008,6,16,71.4,82.4,58.1
55,349290,2008,6,28,76.2,89.8,58.5
56,349290,2008,8,3,78.1,89.8,64.9
57,349290,2008,8,24,85.7,99.0,73.0
58,349290,2008,4,6,52.1,61.0,35.4
59,349290,2008,4,22,64.0,80.1,44.4
60,349290,2008,5,16,59.4,69.6,49.6
61,349290,2008,6,10,69.2,79.2,54.3
62,349290,2008,7,16,80.2,92.5,65.5
63,349290,2008,8,10,77.8,91.9,59.9
64,349290,2008,8,23,83.4,98.6,64.6
65,349290,2008,8,25,81.2,92.1,70.3
66,349290,2008,9,25,59.5,72.3,47.5
67,349290,2008,2,11,28.8,37.2,21.2
68,349290,2008,1,2,20.4,27.7,14.0
69,349290,2008,8,26,77.4,91.2,64.4
70,349290,2008,1,5,12.0,20.8,6.8
71,349290,2008,1,9,15.2,23.7,5.0
72,349290,2008,5,19,66.8,78.3,53.6
73,349290,2008,6,26,72.3,83.3,59.0
74,349290,2008,5,18,66.3,79.0,48.7
75,349290,2008,6,11,69.3,79.9,58.3
76,349290,2008,6,22,73.7,86.9,58.8
77,349290,2008,7,25,85.4,97.2,73.8
78,349290,2008,2,3,34.3,48.6,22.1
79,349290,2008,4,23,65.9,75.6,55.4
80,349290,2008,1,7,13.9,23.2,6.6
81,349290,2008,2,26,42.1,54.1,31.6
82,349290,2008,3,1,43.1,54.9,28.6
83,349290,2008,7,11,71.2,82.4,60.3
84,349290,2008,7,21,79.5,90.7,63.3
85,349290,2008,8,18,83.0,99.1,68.0
86,349290,2008,9,17,68.4,82.4,53.6
87,349290,2008,2,2,30.5,37.9,21.6
88,349290,2008,2,27,42.3,54.9,30.9
89,349290,2008,3,12,47.1,61.9,32.4
90,349290,2008,6,14,71.0,81.1,56.1
91,349290,2008,9,3,72.0,86.9,54.7
92,349290,2008,10,3,60.7,77.0,44.6
93,349290,2008,2,17,23.0,27.3,16.9
94,349290,2008,2,22,40.8,47.5,29.3
95,349290,2008,2,28,49.6,64.2,29.8
96,349290,2008,4,18,56.3,68.0,42.8
97,349290,2008,4,19,57.1,66.2,45.0
98,349290,2008,5,2,58.5,69.3,45.9
99,349290,2008,7,1,70.9,81.7,59.9
100,349290,2008,8,1,73.8,85.3,63.9
101,349290,2008,8,22,83.0,97.3,67.5
102,349290,2008,8,27,71.9,85.6,59.7
103,349290,2008,9,26,55.6,59.0,50.4
104,349290,2008,9,29,54.5,64.8,42.1
105,349290,2008,3,7,38.9,49.6,30.2
106,349290,2008,9,2,67.5,81.3,48.2
107,349290,2008,1,4,12.1,17.6,7.9
108,349290,2008,4,14,57.5,64.4,50.0
109,349290,2008,4,15,59.5,69.8,46.4
110,349290,2008,7,23,84.2,96.1,71.6
111,349290,2008,1,25,26.0,30.2,21.2
112,349290,2008,3,5,52.5,63.3,41.0
113,349290,2008,5,31,60.6,70.2,51.8
114,349290,2008,7,27,77.5,88.2,68.0
115,349290,2008,8,7,72.5,84.4,62.6
116,349290,2008,11,22,58.2,68.0,49.1
117,349290,2008,12,21,32.0,34.3,26.4
118,349290,2008,11,30,41.2,48.2,32.9
119,349290,2008,11,19,38.5,44.6,27.9
120,349290,2008,12,10,36.3,39.4,30.2
121,349290,2008,11,6,46.0,53.6,35.6
122,349290,2008,12,24,35.1,37.6,33.8
123,349290,2008,10,15,57.4,64.8,45.0
124,349290,2008,3,3,42.7,52.7,37.0
125,349290,2008,5,5,51.2,58.8,46.4
126,349290,2008,9,23,62.2,67.5,57.2
127,349290,2008,10,9,57.6,65.1,51.8
128,349290,2008,1,24,32.4,38.3,24.8
129,349290,2008,5,30,58.8,71.1,49.3
130,349290,2008,7,18,71.6,77.7,63.0
131,349290,2008,9,7,70.1,81.9,57.9
132,349290,2008,9,20,63.8,70.2,57.9
133,349290,2008,7,7,68.7,80.6,60.8
134,349290,2008,2,19,27.4,32.2,22.6
135,349290,2008,4,29,58.4,64.9,53.2
136,349290,2008,7,26,78.8,90.3,73.4
137,349290,2008,1,22,41.9,52.2,30.2
138,349290,2008,1,27,39.3,44.8,33.8
139,349290,2008,3,11,44.8,54.9,35.6
140,349290,2008,4,8,55.4,63.7,46.4
141,349290,2008,9,24,59.5,69.6,51.8
142,349290,2008,7,29,73.3,81.0,68.0
143,349290,2008,10,8,58.3,63.5,53.6
144,349290,2008,2,29,43.5,53.6,32.0
145,349290,2008,3,15,46.3,54.9,41.0
146,349290,2008,3,20,35.7,42.8,32.0
147,349290,2008,4,17,53.6,60.8,46.4
148,349290,2008,5,8,50.3,57.6,42.8
149,349290,2008,9,10,65.4,70.9,60.6
150,349290,2008,8,20,81.7,92.3,71.2
151,349290,2008,3,26,46.9,53.6,39.2
152,349290,2008,5,7,55.2,67.1,47.3
153,349290,2008,5,29,55.5,62.2,34.0
154,349290,2008,5,6,54.2,63.1,46.2
155,349290,2008,5,10,52.4,57.2,48.6
156,349290,2008,5,13,52.9,57.0,49.1
157,349290,2008,8,21,79.9,92.5,67.1
158,349290,2008,3,27,43.8,53.6,35.6
159,349290,2008,6,12,67.0,76.6,62.6
160,349290,2008,4,2,48.1,50.0,46.4
161,349290,2008,3,14,52.6,66.2,42.8
162,349290,2008,8,31,66.1,75.2,53.6
163,349290,2008,7,6,68.5,80.2,58.6
164,349290,2008,4,28,61.9,78.8,51.8
165,349290,2008,7,28,75.5,85.8,67.1
166,349290,2008,3,9,48.7,57.6,42.3
167,349290,2008,3,13,50.4,66.9,32.9
168,349290,2008,8,17,83.3,97.5,69.8
169,349290,2008,3,18,55.7,64.0,46.0
170,349290,2008,9,22,62.3,66.6,59.0
171,349290,2008,3,31,48.1,51.1,44.6
172,349290,2008,4,16,61.2,72.0,51.8
173,349290,2008,9,14,62.7,75.6,50.0
174,349290,2008,8,30,76.1,91.0,63.7
175,349290,2008,5,9,53.2,62.2,43.0
176,349290,2008,8,16,78.8,88.5,71.1
177,349290,2008,3,21,41.5,46.4,32.0
178,349290,2008,6,24,68.0,77.5,56.3
179,349290,2008,9,9,71.2,84.2,59.9
180,349290,2008,10,13,56.4,69.8,42.4
181,349290,2008,4,7,54.2,57.2,51.8
182,349290,2008,3,6,43.4,54.9,37.4
183,349290,2008,3,25,62.5,78.8,49.6
184,349290,2008,6,29,70.7,86.0,62.6
185,349290,2008,11,15,45.5,50.0,41.5
186,349290,2008,12,7,46.9,59.0,37.2
187,349290,2008,12,18,22.5,31.5,14.2
188,349290,2008,11,1,49.4,66.2,34.7
189,349290,2008,12,5,47.2,65.1,33.1
190,349290,2008,12,6,48.6,67.3,37.0
191,349290,2008,12,17,22.4,31.5,16.3
192,349290,2008,11,2,48.4,66.7,35.1
193,349290,2008,11,26,52.7,65.1,37.4
194,349290,2008,12,19,26.1,37.8,16.7
195,349290,2008,12,28,21.0,23.4,17.6
196,349290,2008,12,30,11.9,18.3,5.0
197,349290,2008,12,14,31.5,34.0,28.4
198,349290,2008,12,16,22.6,30.9,14.0
199,349290,2008,12,27,23.2,25.3,19.4
200,349290,2008,10,22,50.5,61.3,41.0
201,349290,2008,12,11,32.2,42.1,24.8
202,349290,2008,11,8,36.3,46.4,28.4
203,349290,2008,12,2,42.6,56.1,33.8
204,349290,2008,12,20,29.3,36.5,24.8
205,349290,2008,10,30,52.3,68.4,38.8
206,349290,2008,11,13,43.0,55.6,30.9
207,349290,2008,11,11,44.1,60.3,29.7
208,349290,2008,10,20,49.5,61.0,38.5
209,349290,2008,10,24,50.9,59.4,41.0
210,349290,2008,10,26,54.1,61.5,48.2
211,349290,2008,11,10,41.3,56.1,27.7
212,349290,2008,12,4,43.1,59.0,31.5
213,349290,2008,10,17,57.8,66.9,51.8
214,349290,2008,11,5,45.0,53.6,37.4
215,349290,2008,11,28,36.6,39.2,33.8
216,349290,2008,10,19,50.0,59.9,41.0
217,349290,2008,10,21,49.7,59.0,42.8
218,349290,2008,10,23,51.2,61.2,41.0
219,349290,2008,11,7,39.0,46.9,32.0
220,349290,2008,12,15,26.4,32.0,21.2
221,349290,2008,10,27,52.9,63.1,44.6
222,349290,2008,12,31,5.3,12.9,1.4
223,349290,2008,8,19,81.3,96.1,70.2
224,349290,2008,9,19,67.3,77.4,59.0
225,349290,2008,6,1,62.8,73.8,52.2
226,349290,2008,6,30,71.1,82.9,59.0
227,349290,2008,1,14,20.3,35.4,8.4
228,349290,2008,7,8,70.5,80.2,57.0
229,349290,2008,1,11,8.1,18.5,-0.4
230,349290,2008,9,30,57.3,64.4,53.1
231,349290,2008,6,7,68.8,77.9,56.5
232,349290,2008,3,17,53.1,64.0,38.1
233,349290,2008,9,8,73.2,86.4,61.5
234,349290,2008,4,25,55.1,62.6,48.7
235,349290,2008,8,11,80.8,92.3,67.5
236,349290,2008,4,12,59.6,69.8,51.8
237,349290,2008,5,14,56.8,65.5,44.6
238,349290,2008,8,13,77.1,89.8,68.0
239,349290,2008,7,12,72.5,83.7,59.0
240,349290,2008,7,13,77.9,88.3,63.5
241,349290,2008,7,14,77.1,88.0,68.0
242,349290,2008,1,29,28.7,33.1,24.1
243,349290,2008,2,18,23.5,26.1,20.5
244,349290,2008,2,7,29.6,39.2,20.8
245,349290,2008,2,12,25.1,34.2,16.5
246,349290,2008,2,23,45.9,52.0,39.4
247,349290,2008,3,28,48.4,59.2,35.4
248,349290,2008,5,23,73.5,86.4,59.2
249,349290,2008,7,22,84.6,96.8,69.8
250,349290,2008,7,30,74.2,85.1,63.7
251,349290,2008,9,27,60.7,67.6,55.6
252,349290,2008,10,4,60.4,74.3,48.7
253,349290,2008,1,23,41.3,59.5,27.5
254,349290,2008,2,14,28.3,41.0,19.6
255,349290,2008,2,25,38.6,49.6,27.9
256,349290,2008,6,15,71.9,84.2,59.4
257,349290,2008,8,5,77.2,90.1,62.8
258,349290,2008,9,21,66.3,73.4,60.8
259,349290,2008,10,2,59.1,71.8,45.5
260,349290,2008,3,8,47.9,64.4,29.3
261,349290,2008,5,15,58.2,69.1,44.6
262,349290,2008,6,5,66.0,79.3,49.1
263,349290,2008,6,18,69.4,79.7,58.5
264,349290,2008,7,4,69.4,78.8,61.9
265,349290,2008,9,15,56.1,66.7,44.8
266,349290,2008,9,16,61.9,75.7,48.2
267,349290,2008,10,11,48.4,61.0,33.8
268,349290,2008,1,6,12.2,21.4,3.2
269,349290,2008,2,9,31.4,36.3,26.6
270,349290,2008,6,23,69.1,80.6,57.2
271,349290,2008,7,20,77.5,89.8,66.2
272,349290,2008,1,1,23.3,26.6,17.6
273,349290,2008,2,4,35.8,47.8,28.4
274,349290,2008,2,6,30.4,40.1,23.0
275,349290,2008,10,12,50.4,64.6,39.2
276,349290,2008,1,17,21.3,37.0,9.0
277,349290,2008,1,31,27.4,29.5,25.5
278,349290,2008,4,4,48.7,62.8,33.4
279,349290,2008,4,26,59.5,65.3,50.7
280,349290,2008,6,9,67.8,79.2,54.5
281,349290,2008,7,10,72.1,82.6,59.5
282,349290,2008,7,19,76.6,86.4,64.4
283,349290,2008,8,8,72.2,82.9,58.3
284,349290,2008,1,18,24.3,40.1,11.7
285,349290,2008,3,29,50.5,59.7,42.6
286,349290,2008,4,10,55.4,68.0,42.4
287,349290,2008,5,3,59.4,70.3,45.7
288,349290,2008,5,4,56.8,64.9,50.0
289,349290,2008,8,12,81.0,94.3,63.0
290,349290,2008,8,15,84.3,99.0,69.8
291,349290,2008,8,29,76.2,92.3,57.9
292,349290,2008,9,12,67.5,75.9,57.7
293,349290,2008,10,5,66.2,84.0,51.8
294,349290,2008,1,16,21.1,32.9,13.3
295,349290,2008,1,20,28.0,45.5,11.8
296,349290,2008,2,1,26.9,36.1,18.7
297,349290,2008,2,13,26.5,37.4,18.1
298,349290,2008,7,24,83.5,98.4,66.0
299,349290,2008,8,4,75.0,85.1,64.4
300,349290,2008,8,14,78.7,94.3,63.3
301,349290,2008,9,4,75.4,86.9,64.0
302,349290,2008,1,30,27.7,30.7,26.1
303,349290,2008,6,27,72.8,84.7,55.4
304,349290,2008,8,2,72.9,84.4,59.0
305,349290,2008,1,10,15.9,28.4,6.8
306,349290,2008,1,15,21.9,37.2,10.4
307,349290,2008,2,8,32.0,38.7,24.8
308,349290,2008,5,22,71.6,84.2,55.4
309,349290,2008,9,13,66.4,73.9,59.0
310,349290,2008,9,28,56.7,67.3,46.4
311,349290,2008,10,10,51.6,61.0,38.5
312,349290,2008,4,3,48.8,57.9,37.4
313,349290,2008,11,20,46.3,52.2,42.4
314,349290,2008,11,21,52.9,57.6,44.6
315,349290,2008,11,17,50.0,58.6,42.8
316,349290,2008,12,8,51.3,59.0,44.8
317,349290,2008,12,23,35.0,37.0,33.8
318,349290,2008,12,22,35.1,38.3,32.7
319,349290,2008,10,25,53.6,57.2,48.2
320,349290,2008,11,24,39.8,44.6,37.4
321,349290,2008,12,1,45.8,57.2,35.6
322,349290,2008,11,16,45.4,50.4,42.8
323,349290,2008,11,27,44.2,55.4,35.6
324,349290,2008,10,16,56.9,59.2,55.0
325,349290,2008,11,18,45.2,51.8,33.8
326,349290,2008,11,23,49.9,68.4,41.0
327,349290,2008,12,9,43.1,47.1,39.2
328,349290,2008,11,25,43.8,48.2,37.6
329,349290,2008,10,18,57.6,71.8,48.2
330,349290,2008,12,25,31.1,33.8,23.0
331,349290,2008,4,30,57.8,66.2,50.0
332,349290,2008,3,23,55.1,66.6,41.7
333,349290,2008,1,28,33.4,39.6,27.9
334,349290,2008,2,20,28.9,32.7,21.6
335,349290,2008,5,26,64.8,76.1,57.2
336,349290,2008,2,24,38.3,44.6,30.2
337,349290,2008,3,16,42.2,49.6,37.4
338,349290,2008,5,25,62.5,65.3,59.0
339,349290,2008,6,2,54.7,57.2,51.8
340,349290,2008,3,19,51.5,60.4,42.8
341,349290,2008,1,26,36.6,40.6,21.7
342,349290,2008,4,1,48.4,53.6,40.8
343,349290,2008,6,8,66.3,77.7,57.2
344,349290,2008,3,10,52.3,63.7,42.8
345,349290,2008,5,11,52.4,63.3,44.6
346,349290,2008,5,28,58.5,64.4,51.8
347,349290,2008,9,6,71.7,84.2,62.6
348,349290,2008,9,5,72.0,89.1,64.4
349,349290,2008,5,12,54.1,63.7,43.2
350,349290,2008,1,21,39.6,48.4,24.6
351,349290,2008,2,21,34.9,39.2,21.2
352,349290,2008,6,20,75.2,87.8,61.5
353,349290,2008,7,3,67.9,77.7,57.7
354,349290,2008,6,6,65.1,76.6,57.0
355,349290,2008,9,11,64.7,74.5,58.1
356,349290,2008,6,17,70.7,81.1,60.8
357,349290,2008,7,2,64.1,77.2,57.2
358,349290,2008,4,27,62.0,70.9,55.4
359,349290,2008,3,2,51.5,60.1,39.9
360,349290,2008,4,11,56.5,66.7,46.2
361,349290,2008,4,20,58.8,70.7,49.6
362,349290,2008,10,6,62.1,73.9,52.9
363,349290,2008,9,18,67.4,76.5,59.0
364,349290,2008,4,24,58.5,71.1,49.6
365,349290,2008,7,17,73.6,84.2,64.4
0,349290,2009,2,5,46.3,61.7,33.4
1,349290,2009,2,25,39.7,48.9,31.8
2,349290,2009,3,7,50.9,68.5,39.6
3,349290,2009,1,18,32.0,37.4,24.8
4,349290,2009,2,22,28.4,30.7,26.1
5,349290,2009,2,28,39.9,44.6,35.2
6,349290,2009,3,19,46.1,55.9,37.2
7,349290,2009,3,17,38.5,48.4,27.5
8,349290,2009,2,21,32.6,43.5,22.8
9,349290,2009,1,1,11.8,26.6,-0.6
10,349290,2009,1,26,39.2,43.5,35.6
11,349290,2009,1,28,44.9,56.8,39.2
12,349290,2009,1,31,39.9,41.0,37.4
13,349290,2009,2,23,33.3,45.1,26.6
14,349290,2009,5,3,55.3,64.4,44.6
15,349290,2009,5,9,52.1,60.8,44.6
16,349290,2009,5,14,53.4,57.2,46.4
17,349290,2009,5,29,60.6,69.8,53.6
18,349290,2009,6,12,75.4,87.8,64.4
19,349290,2009,9,26,60.0,69.8,48.2
20,349290,2009,10,1,52.6,60.8,39.2
21,349290,2009,11,17,48.9,51.8,44.6
22,349290,2009,11,22,46.3,50.0,37.4
23,349290,2009,12,20,42.3,48.2,33.8
24,349290,2009,12,21,42.8,57.2,28.4
25,349290,2009,1,5,26.1,30.2,6.8
26,349290,2009,2,3,34.1,36.5,30.2
27,349290,2009,4,16,48.9,53.6,44.6
28,349290,2009,6,14,65.8,73.4,60.8
29,349290,2009,7,17,78.9,87.8,69.8
30,349290,2009,7,29,70.6,78.8,60.8
31,349290,2009,8,2,70.9,86.0,64.4
32,349290,2009,11,30,47.1,51.8,39.2
33,349290,2009,1,9,17.7,25.3,5.0
34,349290,2009,1,20,36.1,42.1,32.0
35,349290,2009,2,10,42.8,46.4,39.2
36,349290,2009,3,12,42.0,43.5,37.4
37,349290,2009,4,18,50.8,64.4,42.8
38,349290,2009,4,21,50.5,64.4,33.8
39,349290,2009,5,1,57.1,68.0,46.4
40,349290,2009,5,10,52.4,60.8,44.6
41,349290,2009,5,11,56.2,64.4,50.0
42,349290,2009,5,26,56.9,66.2,48.2
43,349290,2009,8,12,62.5,73.4,51.8
44,349290,2009,8,18,75.0,86.0,66.2
45,349290,2009,9,2,69.3,77.0,62.6
46,349290,2009,10,29,49.9,59.0,39.2
47,349290,2009,11,20,47.8,51.8,44.6
48,349290,2009,11,25,45.1,55.4,33.8
49,349290,2009,12,17,35.1,37.4,33.8
50,349290,2009,12,30,40.2,48.2,30.2
51,349290,2009,2,2,38.0,41.2,33.8
52,349290,2009,1,24,33.9,41.4,26.6
53,349290,2009,2,20,34.3,45.1,24.8
54,349290,2009,2,26,36.7,41.0,33.8
55,349290,2009,3,25,49.2,57.2,39.2
56,349290,2009,6,20,71.8,82.4,55.4
57,349290,2009,6,25,83.6,96.8,69.8
58,349290,2009,7,7,75.8,86.0,62.6
59,349290,2009,7,9,80.0,89.6,69.8
60,349290,2009,7,12,81.3,95.0,68.0
61,349290,2009,7,26,82.5,96.8,69.8
62,349290,2009,7,30,73.5,82.4,64.4
63,349290,2009,7,31,74.2,84.2,64.4
64,349290,2009,8,20,70.3,84.2,57.2
65,349290,2009,8,24,66.4,78.8,48.2
66,349290,2009,9,16,65.3,73.4,60.8
67,349290,2009,10,26,46.6,53.6,41.0
68,349290,2009,10,31,46.9,53.6,39.2
69,349290,2009,11,7,48.6,57.2,42.8
70,349290,2009,3,30,51.4,66.2,37.4
71,349290,2009,4,6,50.4,64.4,35.6
72,349290,2009,4,26,53.5,66.2,37.4
73,349290,2009,5,19,60.3,69.8,50.0
74,349290,2009,5,20,63.2,75.2,50.0
75,349290,2009,5,21,65.8,78.8,48.2
76,349290,2009,5,23,69.2,80.6,53.6
77,349290,2009,6,1,70.0,82.4,59.0
78,349290,2009,6,7,72.0,84.2,57.2
79,349290,2009,6,28,79.2,87.8,71.6
80,349290,2009,7,8,78.6,91.4,66.2
81,349290,2009,8,21,64.7,75.2,53.6
82,349290,2009,9,7,72.1,82.4,60.8
83,349290,2009,9,22,59.5,68.0,53.6
84,349290,2009,10,5,64.9,77.0,51.8
85,349290,2009,10,6,60.9,69.8,48.2
86,349290,2009,10,23,59.7,68.0,51.8
87,349290,2009,11,24,44.4,59.0,33.8
88,349290,2009,11,28,43.6,55.4,32.0
89,349290,2009,12,2,40.1,51.8,32.0
90,349290,2009,12,6,43.2,48.2,39.2
91,349290,2009,12,25,45.7,59.0,37.4
92,349290,2009,1,22,28.2,30.4,23.0
93,349290,2009,4,7,54.5,64.4,39.2
94,349290,2009,5,4,59.2,69.8,42.8
95,349290,2009,5,15,58.5,69.8,44.6
96,349290,2009,6,26,81.9,95.0,69.8
97,349290,2009,7,6,72.6,84.2,62.6
98,349290,2009,7,22,75.5,86.0,64.4
99,349290,2009,8,3,74.8,86.0,62.6
100,349290,2009,8,31,74.0,87.8,60.8
101,349290,2009,9,8,71.8,82.4,62.6
102,349290,2009,9,9,71.2,78.8,60.8
103,349290,2009,9,11,71.8,86.0,59.0
104,349290,2009,9,24,64.2,80.6,48.2
105,349290,2009,9,28,53.5,64.4,42.8
106,349290,2009,10,15,60.1,66.2,51.8
107,349290,2009,10,27,46.4,59.0,37.4
108,349290,2009,11,6,52.2,62.6,42.8
109,349290,2009,12,10,34.7,41.0,28.4
110,349290,2009,6,27,76.4,80.6,71.6
111,349290,2009,1,2,32.7,41.7,18.1
112,349290,2009,3,6,38.1,43.2,31.6
113,349290,2009,1,4,16.7,28.4,0.5
114,349290,2009,2,8,50.3,59.9,40.6
115,349290,2009,1,10,31.8,35.6,4.3
116,349290,2009,2,24,35.4,45.5,25.5
117,349290,2009,2,27,36.8,39.2,33.8
118,349290,2009,3,18,43.7,50.5,36.1
119,349290,2009,1,23,29.7,39.4,20.8
120,349290,2009,1,25,36.4,45.3,25.3
121,349290,2009,1,14,21.9,35.6,9.0
122,349290,2009,2,15,47.8,64.2,36.5
123,349290,2009,2,18,34.4,43.5,23.0
124,349290,2009,2,4,36.2,42.8,29.3
125,349290,2009,2,6,48.7,57.6,33.8
126,349290,2009,3,11,46.4,52.5,42.8
127,349290,2009,4,8,54.8,66.2,44.6
128,349290,2009,5,24,59.8,69.8,50.0
129,349290,2009,7,1,75.4,84.2,66.2
130,349290,2009,9,14,64.1,69.8,60.8
131,349290,2009,9,21,57.9,64.4,53.6
132,349290,2009,11,2,34.9,37.4,32.0
133,349290,2009,11,5,47.7,53.6,42.8
134,349290,2009,11,19,48.6,51.8,44.6
135,349290,2009,12,5,46.0,53.6,42.8
136,349290,2009,12,18,36.0,39.2,33.8
137,349290,2009,1,17,36.3,43.9,32.0
138,349290,2009,3,3,33.7,36.7,30.2
139,349290,2009,3,26,50.2,62.6,39.2
140,349290,2009,4,30,54.4,60.8,42.8
141,349290,2009,5,31,68.5,80.6,53.6
142,349290,2009,7,4,72.3,87.8,64.4
143,349290,2009,7,13,78.4,93.2,68.0
144,349290,2009,7,18,77.4,84.2,69.8
145,349290,2009,7,19,80.2,89.6,69.8
146,349290,2009,9,13,64.9,66.2,62.6
147,349290,2009,10,4,64.6,75.2,57.2
148,349290,2009,10,25,55.6,60.8,44.6
149,349290,2009,11,4,41.9,48.2,33.8
150,349290,2009,11,12,53.2,66.2,44.6
151,349290,2009,1,11,22.3,30.2,14.0
152,349290,2009,2,7,48.0,61.3,32.0
153,349290,2009,2,17,34.0,43.7,24.8
154,349290,2009,3,1,37.5,46.4,31.8
155,349290,2009,7,5,69.3,82.4,62.6
156,349290,2009,7,14,75.9,84.2,68.0
157,349290,2009,10,28,52.3,62.6,37.4
158,349290,2009,11,13,55.5,64.4,50.0
159,349290,2009,11,15,44.1,46.4,41.0
160,349290,2009,12,13,38.4,41.0,32.0
161,349290,2009,12,14,26.1,32.0,23.0
162,349290,2009,2,19,36.8,48.2,26.6
163,349290,2009,4,23,44.2,55.4,28.4
164,349290,2009,4,24,47.8,59.0,30.2
165,349290,2009,6,2,71.2,82.4,60.8
166,349290,2009,6,23,78.1,91.4,62.6
167,349290,2009,7,2,76.0,87.8,64.4
168,349290,2009,8,15,74.1,86.0,57.2
169,349290,2009,8,17,75.7,87.8,64.4
170,349290,2009,8,29,70.3,86.0,53.6
171,349290,2009,9,17,64.4,75.2,55.4
172,349290,2009,9,27,52.8,60.8,42.8
173,349290,2009,10,3,63.5,80.6,46.4
174,349290,2009,10,7,58.0,68.0,48.2
175,349290,2009,10,10,63.9,73.4,57.2
176,349290,2009,10,21,61.3,78.8,48.2
177,349290,2009,11,9,49.1,60.8,41.0
178,349290,2009,11,27,42.6,53.6,33.8
179,349290,2009,11,29,42.0,53.6,30.2
180,349290,2009,5,7,59.9,68.0,51.8
181,349290,2009,6,21,74.3,84.2,62.6
182,349290,2009,7,11,78.3,89.6,66.2
183,349290,2009,7,16,81.6,89.6,75.2
184,349290,2009,7,21,75.7,86.0,66.2
185,349290,2009,7,25,81.3,93.2,66.2
186,349290,2009,8,13,67.7,80.6,55.4
187,349290,2009,9,19,63.5,78.8,50.0
188,349290,2009,9,29,56.7,68.0,41.0
189,349290,2009,10,20,62.4,78.8,50.0
190,349290,2009,4,14,52.4,66.2,37.4
191,349290,2009,4,15,51.3,59.0,39.2
192,349290,2009,4,22,40.0,48.2,30.2
193,349290,2009,4,25,51.1,64.4,35.6
194,349290,2009,5,30,64.6,77.0,50.0
195,349290,2009,6,10,77.8,91.4,62.6
196,349290,2009,6,16,68.3,78.8,55.4
197,349290,2009,6,18,68.7,77.0,57.2
198,349290,2009,7,24,79.6,93.2,62.6
199,349290,2009,8,6,76.0,86.0,66.2
200,349290,2009,9,10,71.8,82.4,62.6
201,349290,2009,10,19,64.2,78.8,50.0
202,349290,2009,10,30,46.6,55.4,33.8
203,349290,2009,11,26,44.8,51.8,37.4
204,349290,2009,12,23,32.0,37.4,28.4
205,349290,2009,1,30,42.1,52.9,35.2
206,349290,2009,2,12,44.8,54.5,33.4
207,349290,2009,2,13,48.8,66.9,34.2
208,349290,2009,3,24,42.6,53.8,31.1
209,349290,2009,1,15,28.4,39.2,12.6
210,349290,2009,1,27,42.0,51.3,32.2
211,349290,2009,2,1,39.9,47.5,37.0
212,349290,2009,3,15,40.9,46.9,34.3
213,349290,2009,3,5,34.6,47.5,22.5
214,349290,2009,1,12,21.6,33.8,4.3
215,349290,2009,2,9,45.1,47.1,42.8
216,349290,2009,4,2,50.3,59.0,35.6
217,349290,2009,5,25,59.2,68.0,50.0
218,349290,2009,6,15,66.2,75.2,57.2
219,349290,2009,8,11,59.7,69.8,48.2
220,349290,2009,9,20,60.4,64.4,57.2
221,349290,2009,11,14,49.1,53.6,41.0
222,349290,2009,12,12,40.2,42.8,35.6
223,349290,2009,12,26,47.1,55.4,39.2
224,349290,2009,3,16,38.9,47.1,30.2
225,349290,2009,3,23,39.0,42.8,33.8
226,349290,2009,5,5,59.2,62.6,57.2
227,349290,2009,7,20,75.5,89.6,68.0
228,349290,2009,3,9,47.1,52.7,41.0
229,349290,2009,4,29,56.6,66.2,46.4
230,349290,2009,5,2,57.9,71.6,44.6
231,349290,2009,5,13,59.7,68.0,50.0
232,349290,2009,6,5,66.7,75.2,57.2
233,349290,2009,7,15,82.3,87.8,71.6
234,349290,2009,8,8,67.2,77.0,57.2
235,349290,2009,8,23,63.4,73.4,51.8
236,349290,2009,10,9,61.4,73.4,50.0
237,349290,2009,10,22,60.5,68.0,55.4
238,349290,2009,11,3,36.5,41.0,32.0
239,349290,2009,12,7,38.3,41.0,37.4
240,349290,2009,12,15,30.0,30.2,28.4
241,349290,2009,12,28,48.8,57.2,41.0
242,349290,2009,12,31,46.6,53.6,39.2
243,349290,2009,1,7,3.2,11.5,-9.4
244,349290,2009,2,11,40.1,43.7,35.6
245,349290,2009,4,13,47.9,60.8,33.8
246,349290,2009,5,22,67.4,77.0,55.4
247,349290,2009,6,8,74.4,87.8,59.0
248,349290,2009,6,17,72.0,82.4,57.2
249,349290,2009,7,23,76.6,87.8,62.6
250,349290,2009,10,11,63.1,75.2,51.8
251,349290,2009,10,13,67.3,87.8,50.0
252,349290,2009,10,14,68.2,82.4,57.2
253,349290,2009,11,23,42.7,50.0,33.8
254,349290,2009,3,31,53.1,66.2,39.2
255,349290,2009,4,10,40.5,50.0,26.6
256,349290,2009,4,20,46.6,57.2,35.6
257,349290,2009,6,6,70.2,80.6,57.2
258,349290,2009,8,5,78.9,89.6,68.0
259,349290,2009,8,9,63.1,73.4,51.8
260,349290,2009,9,18,63.7,77.0,51.8
261,349290,2009,10,17,66.0,87.8,50.0
262,349290,2009,11,21,44.3,48.2,39.2
263,349290,2009,12,4,39.6,48.2,28.4
264,349290,2009,12,22,28.1,30.2,24.8
265,349290,2009,1,6,7.7,15.8,-2.2
266,349290,2009,1,13,27.9,44.6,10.4
267,349290,2009,1,21,31.6,33.8,30.2
268,349290,2009,3,29,44.3,50.0,39.2
269,349290,2009,4,11,39.7,48.2,32.0
270,349290,2009,6,9,76.5,87.8,62.6
271,349290,2009,7,10,77.8,87.8,68.0
272,349290,2009,8,25,71.4,86.0,55.4
273,349290,2009,8,26,69.7,82.4,57.2
274,349290,2009,8,28,68.5,82.4,51.8
275,349290,2009,9,6,68.8,80.6,57.2
276,349290,2009,9,12,69.7,82.4,53.6
277,349290,2009,10,2,59.0,77.0,39.2
278,349290,2009,10,8,57.9,69.8,48.2
279,349290,2009,10,18,62.1,77.0,50.0
280,349290,2009,11,11,50.4,62.6,41.0
281,349290,2009,11,18,45.2,48.2,41.0
282,349290,2009,3,2,31.5,37.9,23.5
283,349290,2009,3,10,49.3,57.7,41.5
284,349290,2009,1,19,36.0,40.5,29.5
285,349290,2009,3,13,47.0,59.2,34.0
286,349290,2009,3,22,41.0,53.6,26.2
287,349290,2009,1,16,36.6,44.6,27.5
288,349290,2009,2,14,50.8,63.5,38.1
289,349290,2009,1,3,18.8,24.8,1.4
290,349290,2009,3,4,34.9,39.7,26.6
291,349290,2009,3,8,54.3,66.7,46.2
292,349290,2009,5,8,55.3,62.6,50.0
293,349290,2009,6,4,74.5,86.0,62.6
294,349290,2009,6,22,73.5,86.0,64.4
295,349290,2009,6,30,76.2,91.4,66.2
296,349290,2009,8,22,65.5,73.4,51.8
297,349290,2009,9,3,66.7,75.2,60.8
298,349290,2009,9,15,62.9,68.0,60.8
299,349290,2009,12,8,39.6,42.8,35.6
300,349290,2009,12,11,33.0,35.6,30.2
301,349290,2009,12,19,37.9,44.6,33.8
302,349290,2009,1,8,11.6,37.4,-13.0
303,349290,2009,1,29,38.5,46.4,35.6
304,349290,2009,3,20,43.4,48.4,37.4
305,349290,2009,3,21,38.5,43.0,30.2
306,349290,2009,4,17,50.4,59.0,42.8
307,349290,2009,5,6,59.5,69.8,51.8
308,349290,2009,5,28,58.9,71.6,46.4
309,349290,2009,6,13,72.7,84.2,66.2
310,349290,2009,7,28,65.4,78.8,57.2
311,349290,2009,8,1,73.3,86.0,64.4
312,349290,2009,9,30,60.6,69.8,48.2
313,349290,2009,12,9,39.0,44.6,32.0
314,349290,2009,2,16,42.9,50.4,35.6
315,349290,2009,3,14,41.1,46.8,34.7
316,349290,2009,3,27,46.5,53.6,41.0
317,349290,2009,4,19,51.8,62.6,41.0
318,349290,2009,5,27,57.1,66.2,50.0
319,349290,2009,6,11,75.4,93.2,62.6
320,349290,2009,7,27,70.4,79.9,59.0
321,349290,2009,8,10,60.9,71.6,50.0
322,349290,2009,8,19,74.8,87.8,64.4
323,349290,2009,9,1,74.2,87.8,57.2
324,349290,2009,11,1,40.7,44.6,35.6
325,349290,2009,11,16,48.3,53.6,44.6
326,349290,2009,12,27,42.7,53.6,39.2
327,349290,2009,12,29,44.7,57.2,39.2
328,349290,2009,4,4,47.8,60.8,32.0
329,349290,2009,4,5,50.2,64.4,37.4
330,349290,2009,4,9,40.3,44.6,28.4
331,349290,2009,4,12,43.3,55.4,26.6
332,349290,2009,7,3,75.3,87.8,59.0
333,349290,2009,8,16,74.1,86.0,60.8
334,349290,2009,8,27,67.9,80.6,51.8
335,349290,2009,9,25,67.1,80.6,57.2
336,349290,2009,12,3,38.2,50.0,30.2
337,349290,2009,12,16,30.2,33.8,26.6
338,349290,2009,3,28,46.2,51.8,37.4
339,349290,2009,4,1,55.3,64.4,48.2
340,349290,2009,4,3,43.6,51.8,33.8
341,349290,2009,4,27,57.0,71.6,39.2
342,349290,2009,8,14,71.8,84.2,57.2
343,349290,2009,8,30,72.9,87.8,55.4
344,349290,2009,9,5,67.3,78.8,55.4
345,349290,2009,9,23,59.2,71.6,48.2
346,349290,2009,10,12,64.5,82.4,50.0
347,349290,2009,10,24,59.5,75.2,48.2
348,349290,2009,11,8,49.9,59.0,44.6
349,349290,2009,11,10,48.9,59.0,41.0
350,349290,2009,12,24,38.2,46.4,30.2
351,349290,2009,4,28,61.0,75.2,44.6
352,349290,2009,5,12,57.2,68.0,48.2
353,349290,2009,5,16,65.5,77.0,55.4
354,349290,2009,5,17,67.3,78.8,55.4
355,349290,2009,5,18,63.7,75.2,51.8
356,349290,2009,6,3,74.6,86.0,59.0
357,349290,2009,6,19,66.8,77.0,53.6
358,349290,2009,6,24,80.2,91.4,68.0
359,349290,2009,6,29,77.2,87.8,68.0
360,349290,2009,8,4,78.3,89.6,66.2
361,349290,2009,8,7,75.1,84.2,64.4
362,349290,2009,9,4,67.8,77.0,59.0
363,349290,2009,10,16,61.9,75.2,50.0
364,349290,2009,12,1,43.5,55.4,33.8
0,349290,2010,7,3,78.2,87.8,66.2
1,349290,2010,1,3,36.4,48.2,30.2
2,349290,2010,1,17,26.0,28.4,23.0
3,349290,2010,1,30,34.0,39.2,32.0
4,349290,2010,2,12,33.3,35.6,32.0
5,349290,2010,3,12,40.9,48.2,33.8
6,349290,2010,3,16,34.2,44.6,26.6
7,349290,2010,3,29,53.1,68.0,37.4
8,349290,2010,4,18,51.7,60.8,39.2
9,349290,2010,5,22,63.6,75.2,50.0
10,349290,2010,7,5,76.7,86.0,68.0
11,349290,2010,10,4,46.3,50.0,42.8
12,349290,2010,10,9,55.8,62.6,51.8
13,349290,2010,10,20,60.3,64.4,57.2
14,349290,2010,12,3,47.2,62.6,37.4
15,349290,2010,2,1,38.2,48.2,32.0
16,349290,2010,3,22,53.9,62.6,46.4
17,349290,2010,5,12,61.8,71.6,50.0
18,349290,2010,5,19,63.2,71.6,53.6
19,349290,2010,5,20,63.5,73.4,51.8
20,349290,2010,5,21,60.4,69.8,50.0
21,349290,2010,6,7,72.8,77.0,66.2
22,349290,2010,6,23,74.8,89.6,64.4
23,349290,2010,11,24,51.3,64.4,39.2
24,349290,2010,11,27,55.8,60.8,46.4
25,349290,2010,1,5,24.8,28.4,21.2
26,349290,2010,1,8,42.0,50.0,33.8
27,349290,2010,1,12,43.9,48.2,39.2
28,349290,2010,2,9,34.8,37.4,30.2
29,349290,2010,3,2,43.8,50.0,33.8
30,349290,2010,3,6,42.1,46.4,37.4
31,349290,2010,4,1,51.8,60.8,39.2
32,349290,2010,4,11,50.5,59.0,44.6
33,349290,2010,6,8,71.5,82.4,62.6
34,349290,2010,7,4,77.2,84.2,69.8
35,349290,2010,10,5,48.1,50.0,44.6
36,349290,2010,10,8,52.6,57.2,48.2
37,349290,2010,10,13,55.8,68.0,41.0
38,349290,2010,10,15,49.9,55.4,44.6
39,349290,2010,11,28,49.4,57.2,39.2
40,349290,2010,11,29,53.5,69.8,41.0
41,349290,2010,11,30,58.4,69.8,48.2
42,349290,2010,12,5,52.6,69.8,42.8
43,349290,2010,12,12,41.8,48.2,35.6
44,349290,2010,12,31,33.4,35.6,30.2
45,349290,2010,1,19,27.9,32.0,26.6
46,349290,2010,2,2,38.3,53.6,32.0
47,349290,2010,2,5,20.9,26.6,12.2
48,349290,2010,2,8,30.0,35.6,23.0
49,349290,2010,4,6,55.6,64.4,42.8
50,349290,2010,5,27,69.4,80.6,57.2
51,349290,2010,7,1,75.3,86.0,66.2
52,349290,2010,7,8,78.9,87.8,66.2
53,349290,2010,8,8,86.5,102.2,69.8
54,349290,2010,8,14,83.4,98.6,68.0
55,349290,2010,9,6,74.0,86.0,62.6
56,349290,2010,9,18,70.8,86.0,57.2
57,349290,2010,9,29,70.8,82.4,60.8
58,349290,2010,10,19,58.5,64.4,53.6
59,349290,2010,5,25,65.0,73.4,57.2
60,349290,2010,5,30,72.1,84.2,59.0
61,349290,2010,6,3,77.7,84.2,69.8
62,349290,2010,6,5,74.9,86.0,64.4
63,349290,2010,6,18,71.2,78.8,64.4
64,349290,2010,6,20,79.8,91.4,69.8
65,349290,2010,7,30,85.2,96.8,73.4
66,349290,2010,8,24,74.2,91.4,57.2
67,349290,2010,8,26,77.2,93.2,64.4
68,349290,2010,9,23,62.0,71.6,50.0
69,349290,2010,12,8,46.5,51.8,39.2
70,349290,2010,12,25,42.2,57.2,30.2
71,349290,2010,12,29,42.0,48.2,37.4
72,349290,2010,1,27,-0.7,12.2,-16.6
73,349290,2010,2,13,37.7,48.2,32.0
74,349290,2010,2,28,38.5,50.0,30.2
75,349290,2010,3,28,47.2,62.6,30.2
76,349290,2010,4,5,51.8,62.6,41.0
77,349290,2010,4,30,56.4,69.8,41.0
78,349290,2010,7,17,80.6,93.2,64.4
79,349290,2010,7,20,81.7,93.2,68.0
80,349290,2010,7,31,85.3,98.6,71.6
81,349290,2010,8,17,78.1,89.6,68.0
82,349290,2010,9,1,84.1,98.6,71.6
83,349290,2010,9,12,73.0,84.2,60.8
84,349290,2010,9,20,72.8,87.8,59.0
85,349290,2010,9,24,61.6,73.4,46.4
86,349290,2010,9,26,70.0,84.2,59.0
87,349290,2010,10,26,55.3,68.0,42.8
88,349290,2010,10,29,39.4,46.4,33.8
89,349290,2010,10,30,39.4,46.4,32.0
90,349290,2010,11,2,40.9,55.4,30.2
91,349290,2010,11,5,56.5,66.2,44.6
92,349290,2010,11,11,58.0,77.0,41.0
93,349290,2010,2,22,39.2,51.8,30.2
94,349290,2010,3,4,37.9,46.4,32.0
95,349290,2010,3,5,39.2,44.6,32.0
96,349290,2010,3,14,37.7,42.8,33.8
97,349290,2010,4,3,53.1,62.6,42.8
98,349290,2010,4,13,46.5,51.8,39.2
99,349290,2010,5,16,71.7,84.2,62.6
100,349290,2010,6,16,79.3,87.8,69.8
101,349290,2010,6,24,71.7,80.6,66.2
102,349290,2010,7,14,75.2,89.6,68.0
103,349290,2010,8,20,73.5,87.8,64.4
104,349290,2010,12,17,46.8,57.2,41.0
105,349290,2010,1,29,33.2,44.6,23.0
106,349290,2010,2,16,42.8,50.0,35.6
107,349290,2010,2,18,36.6,39.2,33.8
108,349290,2010,3,9,32.1,33.8,30.2
109,349290,2010,4,4,49.4,57.2,41.0
110,349290,2010,6,21,71.9,78.8,64.4
111,349290,2010,7,7,77.1,86.0,68.0
112,349290,2010,9,27,70.8,87.8,59.0
113,349290,2010,9,30,65.5,73.4,57.2
114,349290,2010,12,19,42.7,53.6,33.8
115,349290,2010,12,26,47.5,59.0,35.6
116,349290,2010,1,2,51.9,57.2,46.4
117,349290,2010,1,22,27.5,32.0,23.0
118,349290,2010,1,23,21.8,23.0,19.4
119,349290,2010,2,10,36.4,39.2,32.0
120,349290,2010,2,17,37.4,41.0,33.8
121,349290,2010,3,10,27.9,32.0,23.0
122,349290,2010,3,17,32.6,44.6,15.8
123,349290,2010,5,10,60.6,66.2,55.4
124,349290,2010,6,27,69.7,77.0,64.4
125,349290,2010,10,17,56.9,60.8,53.6
126,349290,2010,11,25,54.9,62.6,50.0
127,349290,2010,1,25,0.4,3.2,-4.0
128,349290,2010,3,24,50.0,68.0,32.0
129,349290,2010,4,2,54.7,66.2,46.4
130,349290,2010,4,7,56.1,66.2,46.4
131,349290,2010,5,7,67.0,82.4,50.0
132,349290,2010,5,28,70.2,84.2,53.6
133,349290,2010,5,29,72.0,86.0,55.4
134,349290,2010,6,4,74.6,82.4,66.2
135,349290,2010,6,9,72.9,84.2,62.6
136,349290,2010,8,6,86.0,100.4,73.4
137,349290,2010,8,9,85.8,100.4,69.8
138,349290,2010,8,11,85.3,100.4,71.6
139,349290,2010,8,29,79.3,95.0,62.6
140,349290,2010,8,31,80.5,95.0,64.4
141,349290,2010,10,12,52.0,60.8,41.0
142,349290,2010,10,23,48.8,57.2,39.2
143,349290,2010,11,3,44.4,62.6,28.4
144,349290,2010,11,12,55.5,73.4,42.8
145,349290,2010,12,4,52.9,66.2,42.8
146,349290,2010,2,11,33.3,39.2,30.2
147,349290,2010,3,21,46.5,59.0,30.2
148,349290,2010,3,31,50.8,59.0,44.6
149,349290,2010,4,24,55.9,68.0,39.2
150,349290,2010,5,9,63.4,73.4,53.6
151,349290,2010,6,2,77.0,89.6,62.6
152,349290,2010,6,11,80.4,93.2,62.6
153,349290,2010,7,10,82.5,91.4,73.4
154,349290,2010,7,23,74.6,80.6,66.2
155,349290,2010,11,7,55.2,71.6,41.0
156,349290,2010,11,15,50.1,66.2,41.0
157,349290,2010,11,18,47.1,57.2,41.0
158,349290,2010,12,15,38.8,42.8,35.6
159,349290,2010,1,6,31.8,33.8,26.6
160,349290,2010,3,20,42.0,53.6,33.8
161,349290,2010,5,2,59.0,69.8,46.4
162,349290,2010,5,4,60.2,69.8,50.0
163,349290,2010,8,23,71.3,86.0,51.8
164,349290,2010,9,7,72.1,84.2,60.8
165,349290,2010,9,16,70.6,82.4,59.0
166,349290,2010,9,28,69.1,78.8,60.8
167,349290,2010,10,22,52.2,60.8,39.2
168,349290,2010,11,9,55.0,75.2,37.4
169,349290,2010,1,4,27.6,30.2,21.2
170,349290,2010,1,20,29.5,32.0,26.6
171,349290,2010,5,17,66.4,80.6,51.8
172,349290,2010,5,24,61.7,71.6,57.2
173,349290,2010,6,28,68.5,73.4,62.6
174,349290,2010,7,9,78.0,86.0,73.4
175,349290,2010,7,22,78.5,87.8,69.8
176,349290,2010,10,6,46.1,48.2,42.8
177,349290,2010,11,22,45.2,46.4,42.8
178,349290,2010,12,10,48.7,60.8,39.2
179,349290,2010,12,11,36.4,41.0,33.8
180,349290,2010,12,16,40.2,42.8,35.6
181,349290,2010,12,18,39.8,46.4,32.0
182,349290,2010,1,11,41.0,46.4,37.4
183,349290,2010,1,21,29.7,30.2,24.8
184,349290,2010,2,21,54.4,59.0,48.2
185,349290,2010,4,8,47.5,50.0,44.6
186,349290,2010,8,13,82.0,96.8,71.6
187,349290,2010,12,1,40.1,48.2,37.4
188,349290,2010,12,6,39.9,44.6,37.4
189,349290,2010,12,14,36.9,44.6,26.6
190,349290,2010,1,16,37.2,39.2,28.4
191,349290,2010,3,8,33.0,35.6,30.2
192,349290,2010,3,13,44.0,53.6,37.4
193,349290,2010,4,9,49.0,51.8,44.6
194,349290,2010,4,14,46.8,53.6,37.4
195,349290,2010,6,22,71.3,84.2,64.4
196,349290,2010,6,25,71.6,82.4,66.2
197,349290,2010,8,15,82.0,96.8,69.8
198,349290,2010,8,21,69.4,78.8,59.0
199,349290,2010,10,3,48.1,50.0,42.8
200,349290,2010,10,11,52.7,59.0,48.2
201,349290,2010,11,20,42.0,44.6,37.4
202,349290,2010,11,26,48.8,51.8,44.6
203,349290,2010,1,26,-1.2,8.6,-13.0
204,349290,2010,2,23,36.2,46.4,28.4
205,349290,2010,3,19,35.8,39.2,32.0
206,349290,2010,4,16,58.2,68.0,44.6
207,349290,2010,5,3,58.6,66.2,48.2
208,349290,2010,6,26,75.1,86.0,64.4
209,349290,2010,7,15,77.2,87.8,64.4
210,349290,2010,8,2,84.2,98.6,69.8
211,349290,2010,8,3,83.9,96.8,69.8
212,349290,2010,8,25,76.5,91.4,59.0
213,349290,2010,9,3,71.2,82.4,60.8
214,349290,2010,9,8,66.7,78.8,53.6
215,349290,2010,9,13,69.1,77.0,62.6
216,349290,2010,11,6,59.5,66.2,46.4
217,349290,2010,11,8,51.4,69.8,39.2
218,349290,2010,12,24,41.4,57.2,30.2
219,349290,2010,12,28,49.3,55.4,42.8
220,349290,2010,1,13,41.9,53.6,33.8
221,349290,2010,1,18,29.1,33.8,26.6
222,349290,2010,5,8,66.7,82.4,53.6
223,349290,2010,5,26,67.0,75.2,55.4
224,349290,2010,6,10,77.8,91.4,60.8
225,349290,2010,7,18,79.0,89.6,68.0
226,349290,2010,7,26,82.2,93.2,68.0
227,349290,2010,7,29,84.0,91.4,77.0
228,349290,2010,8,16,83.0,93.2,71.6
229,349290,2010,8,28,76.3,91.4,57.2
230,349290,2010,8,30,78.1,91.4,66.2
231,349290,2010,9,9,58.9,71.6,51.8
232,349290,2010,9,19,71.6,84.2,59.0
233,349290,2010,10,18,59.9,69.8,55.4
234,349290,2010,11,10,56.8,75.2,44.6
235,349290,2010,11,21,42.9,44.6,41.0
236,349290,2010,12,7,40.7,42.8,37.4
237,349290,2010,12,20,36.8,42.8,28.4
238,349290,2010,12,27,48.3,53.6,44.6
239,349290,2010,1,28,16.4,23.0,5.0
240,349290,2010,2,3,35.4,42.8,32.0
241,349290,2010,2,4,33.0,37.4,26.6
242,349290,2010,2,25,38.1,50.0,30.2
243,349290,2010,2,27,37.8,48.2,28.4
244,349290,2010,3,11,29.6,35.6,17.6
245,349290,2010,3,26,45.6,53.6,37.4
246,349290,2010,4,20,60.1,73.4,44.6
247,349290,2010,4,25,56.8,66.2,44.6
248,349290,2010,4,29,53.9,68.0,37.4
249,349290,2010,7,11,81.7,89.6,71.6
250,349290,2010,7,27,85.6,96.8,73.4
251,349290,2010,8,10,86.4,100.4,69.8
252,349290,2010,9,10,61.1,69.8,51.8
253,349290,2010,9,15,65.2,73.4,60.8
254,349290,2010,10,24,52.8,64.4,44.6
255,349290,2010,11,1,41.1,51.8,32.0
256,349290,2010,11,4,50.2,69.8,32.0
257,349290,2010,11,19,45.3,53.6,37.4
258,349290,2010,11,23,47.9,55.4,42.8
259,349290,2010,2,19,41.2,44.6,37.4
260,349290,2010,2,14,43.0,55.4,33.8
261,349290,2010,2,15,49.0,66.2,39.2
262,349290,2010,3,3,40.9,42.8,33.8
263,349290,2010,3,7,38.7,42.8,32.0
264,349290,2010,3,23,47.5,55.4,33.8
265,349290,2010,5,14,70.4,82.4,51.8
266,349290,2010,7,6,77.5,86.0,69.8
267,349290,2010,8,19,74.5,84.2,68.0
268,349290,2010,9,22,69.1,77.0,62.6
269,349290,2010,10,10,54.7,62.6,48.2
270,349290,2010,12,13,33.9,39.2,24.8
271,349290,2010,12,21,47.6,62.6,37.4
272,349290,2010,1,14,38.8,41.0,37.4
273,349290,2010,3,18,30.8,39.2,17.6
274,349290,2010,4,17,58.6,69.8,51.8
275,349290,2010,5,23,63.1,75.2,53.6
276,349290,2010,6,29,70.2,78.8,64.4
277,349290,2010,7,2,73.0,82.4,64.4
278,349290,2010,8,12,82.2,95.0,73.4
279,349290,2010,9,2,71.2,75.2,66.2
280,349290,2010,10,27,57.8,64.4,50.0
281,349290,2010,10,28,44.4,48.2,33.8
282,349290,2010,12,2,37.0,39.2,35.6
283,349290,2010,12,30,36.6,37.4,33.8
284,349290,2010,1,1,50.5,57.2,46.4
285,349290,2010,1,7,35.2,39.2,32.0
286,349290,2010,2,20,51.7,60.8,42.8
287,349290,2010,3,30,50.7,57.2,44.6
288,349290,2010,4,10,49.2,53.6,46.4
289,349290,2010,4,12,46.4,51.8,41.0
290,349290,2010,4,21,57.7,64.4,53.6
291,349290,2010,4,22,53.8,57.2,50.0
292,349290,2010,6,6,78.3,87.8,68.0
293,349290,2010,7,24,76.3,86.0,66.2
294,349290,2010,7,25,77.6,86.0,71.6
295,349290,2010,10,1,58.5,66.2,51.8
296,349290,2010,10,16,52.4,53.6,48.2
297,349290,2010,1,9,39.6,48.2,33.8
298,349290,2010,1,10,42.7,55.4,33.8
299,349290,2010,1,15,41.1,46.4,39.2
300,349290,2010,2,7,24.4,32.0,15.8
301,349290,2010,2,24,37.6,48.2,26.6
302,349290,2010,3,15,40.6,46.4,33.8
303,349290,2010,4,23,55.2,64.4,44.6
304,349290,2010,4,26,53.2,60.8,41.0
305,349290,2010,4,27,50.2,60.8,37.4
306,349290,2010,4,28,53.3,66.2,41.0
307,349290,2010,6,1,72.7,80.6,62.6
308,349290,2010,6,12,81.2,95.0,66.2
309,349290,2010,6,13,82.3,93.2,69.8
310,349290,2010,6,15,84.3,96.8,71.6
311,349290,2010,6,19,76.3,86.0,60.8
312,349290,2010,7,12,79.8,89.6,69.8
313,349290,2010,7,19,78.7,89.6,69.8
314,349290,2010,8,4,84.8,100.4,69.8
315,349290,2010,8,22,67.7,78.8,57.2
316,349290,2010,8,27,74.1,86.0,60.8
317,349290,2010,9,25,68.1,80.6,55.4
318,349290,2010,10,7,51.2,59.0,44.6
319,349290,2010,10,21,65.5,75.2,59.0
320,349290,2010,10,31,40.8,51.8,32.0
321,349290,2010,11,14,54.6,73.4,41.0
322,349290,2010,11,16,49.7,68.0,35.6
323,349290,2010,12,22,49.2,64.4,37.4
324,349290,2010,12,23,44.1,59.0,33.8
325,349290,2010,1,24,12.8,17.6,-0.4
326,349290,2010,1,31,35.7,41.0,32.0
327,349290,2010,3,25,47.3,59.0,35.6
328,349290,2010,3,27,44.6,59.0,33.8
329,349290,2010,4,15,47.2,57.2,33.8
330,349290,2010,4,19,52.2,64.4,35.6
331,349290,2010,5,1,58.2,71.6,41.0
332,349290,2010,5,6,64.3,78.8,51.8
333,349290,2010,5,18,67.5,77.0,50.0
334,349290,2010,6,14,83.8,96.8,69.8
335,349290,2010,6,30,73.2,82.4,64.4
336,349290,2010,7,16,76.2,87.8,60.8
337,349290,2010,8,7,84.3,100.4,69.8
338,349290,2010,8,18,78.9,89.6,68.0
339,349290,2010,9,11,68.1,78.8,55.4
340,349290,2010,9,17,70.4,84.2,59.0
341,349290,2010,10,14,46.5,53.6,41.0
342,349290,2010,10,25,50.7,64.4,41.0
343,349290,2010,11,17,47.8,64.4,39.2
344,349290,2010,12,9,47.6,59.0,39.2
345,349290,2010,2,6,16.4,24.8,10.4
346,349290,2010,2,26,35.1,44.6,30.2
347,349290,2010,3,1,40.9,57.2,26.6
348,349290,2010,5,5,62.0,75.2,50.0
349,349290,2010,5,11,61.8,69.8,53.6
350,349290,2010,5,13,64.9,77.0,50.0
351,349290,2010,5,15,70.1,82.4,59.0
352,349290,2010,5,31,72.9,84.2,60.8
353,349290,2010,6,17,77.4,87.8,68.0
354,349290,2010,7,13,79.7,89.6,71.6
355,349290,2010,7,21,80.1,93.2,73.4
356,349290,2010,7,28,87.1,100.4,71.6
357,349290,2010,8,1,86.6,102.2,75.2
358,349290,2010,8,5,86.2,100.4,71.6
359,349290,2010,9,4,74.8,87.8,59.0
360,349290,2010,9,5,77.1,89.6,64.4
361,349290,2010,9,14,68.1,73.4,62.6
362,349290,2010,9,21,73.8,89.6,59.0
363,349290,2010,10,2,54.0,62.6,48.2
364,349290,2010,11,13,56.2,73.4,41.0
0,349290,2011,1,17,31.3,35.6,28.4
1,349290,2011,2,4,28.7,30.2,26.6
2,349290,2011,2,21,25.9,28.4,21.2
3,349290,2011,3,12,35.5,39.2,32.0
4,349290,2011,3,30,48.0,51.8,41.0
5,349290,2011,6,11,69.2,78.8,60.8
6,349290,2011,8,14,73.3,86.0,68.0
7,349290,2011,9,9,64.3,73.4,57.2
8,349290,2011,10,13,59.7,66.2,53.6
9,349290,2011,11,2,40.9,50.0,32.0
10,349290,2011,12,2,37.5,42.8,33.8
11,349290,2011,12,9,39.8,41.0,35.6
12,349290,2011,12,11,43.9,50.0,33.8
13,349290,2011,1,12,30.6,32.0,28.4
14,349290,2011,1,16,38.4,42.8,33.8
15,349290,2011,2,13,28.8,35.6,24.8
16,349290,2011,2,16,17.7,23.0,10.4
17,349290,2011,3,11,37.3,42.8,32.0
18,349290,2011,5,3,59.6,69.8,48.2
19,349290,2011,5,8,53.7,60.8,46.4
20,349290,2011,5,15,57.1,64.4,50.0
21,349290,2011,11,24,19.2,24.8,10.4
22,349290,2011,12,28,43.8,46.4,41.0
23,349290,2011,3,19,36.3,39.2,33.8
24,349290,2011,3,22,34.6,39.2,30.2
25,349290,2011,4,6,42.9,44.6,41.0
26,349290,2011,4,7,46.2,50.0,42.8
27,349290,2011,4,16,47.6,53.6,44.6
28,349290,2011,5,13,58.4,66.2,53.6
29,349290,2011,5,20,63.2,68.0,59.0
30,349290,2011,6,21,69.3,77.0,59.0
31,349290,2011,7,22,81.3,95.0,71.6
32,349290,2011,8,15,76.8,87.8,68.0
33,349290,2011,9,4,65.1,73.4,55.4
34,349290,2011,10,1,54.0,62.6,39.2
35,349290,2011,10,14,50.1,57.2,42.8
36,349290,2011,11,12,29.9,33.8,23.0
37,349290,2011,11,17,34.5,37.4,28.4
38,349290,2011,12,7,48.9,55.4,41.0
39,349290,2011,12,19,43.9,50.0,35.6
40,349290,2011,1,30,19.9,23.0,15.8
41,349290,2011,2,25,32.8,39.2,26.6
42,349290,2011,3,26,53.9,60.8,46.4
43,349290,2011,4,13,44.1,53.6,32.0
44,349290,2011,4,18,48.7,60.8,33.8
45,349290,2011,4,26,56.6,69.8,41.0
46,349290,2011,4,28,61.1,73.4,46.4
47,349290,2011,5,18,66.8,77.0,51.8
48,349290,2011,6,2,71.9,84.2,59.0
49,349290,2011,6,10,71.8,84.2,59.0
50,349290,2011,6,25,75.2,86.0,62.6
51,349290,2011,7,4,73.8,86.0,60.8
52,349290,2011,7,7,78.1,87.8,68.0
53,349290,2011,7,18,81.1,91.4,69.8
54,349290,2011,7,24,76.2,86.0,68.0
55,349290,2011,7,26,85.2,98.6,69.8
56,349290,2011,7,27,87.7,100.4,75.2
57,349290,2011,9,14,70.0,82.4,59.0
58,349290,2011,9,25,60.4,71.6,46.4
59,349290,2011,10,11,68.6,84.2,53.6
60,349290,2011,10,26,39.7,48.2,32.0
61,349290,2011,10,30,34.0,44.6,24.8
62,349290,2011,11,15,28.5,37.4,19.4
63,349290,2011,12,26,34.8,37.4,30.2
64,349290,2011,1,21,22.5,30.2,17.6
65,349290,2011,1,29,19.0,21.2,15.8
66,349290,2011,2,17,16.0,24.8,8.6
67,349290,2011,2,19,22.1,30.2,12.2
68,349290,2011,3,9,35.2,42.8,30.2
69,349290,2011,4,23,47.6,53.6,41.0
70,349290,2011,5,11,55.9,66.2,44.6
71,349290,2011,6,5,68.2,77.0,59.0
72,349290,2011,7,1,68.7,78.8,57.2
73,349290,2011,7,10,77.4,89.6,64.4
74,349290,2011,7,16,79.2,89.6,69.8
75,349290,2011,7,17,79.9,89.6,68.0
76,349290,2011,8,4,75.1,86.0,66.2
77,349290,2011,8,17,74.5,86.0,64.4
78,349290,2011,9,19,66.9,77.0,53.6
79,349290,2011,2,23,30.2,37.4,24.8
80,349290,2011,4,22,48.5,57.2,33.8
81,349290,2011,4,24,48.0,55.4,37.4
82,349290,2011,7,11,78.0,87.8,66.2
83,349290,2011,7,25,79.6,89.6,68.0
84,349290,2011,7,28,84.3,96.8,71.6
85,349290,2011,8,1,79.0,91.4,68.0
86,349290,2011,8,9,78.7,91.4,62.6
87,349290,2011,9,17,66.1,77.0,50.0
88,349290,2011,9,23,67.8,78.8,57.2
89,349290,2011,9,24,65.3,75.2,55.4
90,349290,2011,9,26,56.8,71.6,42.8
91,349290,2011,10,6,63.7,73.4,51.8
92,349290,2011,12,17,39.0,50.0,32.0
93,349290,2011,12,23,38.7,41.0,33.8
94,349290,2011,1,14,37.8,48.2,24.8
95,349290,2011,2,1,19.5,28.4,5.0
96,349290,2011,2,5,35.9,41.0,30.2
97,349290,2011,4,3,45.1,48.2,42.8
98,349290,2011,5,12,56.8,62.6,53.6
99,349290,2011,5,23,64.7,77.0,57.2
100,349290,2011,10,4,56.6,64.4,46.4
101,349290,2011,10,21,48.0,51.8,44.6
102,349290,2011,11,10,35.1,39.2,32.0
103,349290,2011,11,11,31.1,32.0,28.4
104,349290,2011,11,16,35.1,41.0,28.4
105,349290,2011,12,8,43.9,51.8,41.0
106,349290,2011,3,7,33.0,37.4,28.4
107,349290,2011,3,18,34.8,37.4,33.8
108,349290,2011,4,10,44.2,50.0,39.2
109,349290,2011,5,10,51.4,59.0,44.6
110,349290,2011,6,28,66.5,77.0,57.2
111,349290,2011,8,3,78.0,89.6,68.0
112,349290,2011,9,29,56.7,69.8,50.0
113,349290,2011,10,2,56.1,62.6,42.8
114,349290,2011,10,16,46.5,48.2,44.6
115,349290,2011,10,17,47.3,50.0,44.6
116,349290,2011,10,18,54.0,60.8,48.2
117,349290,2011,11,3,41.8,50.0,33.8
118,349290,2011,11,23,31.2,39.2,21.2
119,349290,2011,11,27,32.3,41.0,26.6
120,349290,2011,1,7,33.1,35.6,30.2
121,349290,2011,1,25,32.7,33.8,32.0
122,349290,2011,1,26,27.4,32.0,23.0
123,349290,2011,2,10,34.9,42.8,28.4
124,349290,2011,3,16,50.6,68.0,30.2
125,349290,2011,4,11,42.9,50.0,37.4
126,349290,2011,4,19,55.2,64.4,42.8
127,349290,2011,4,29,55.0,57.2,51.8
128,349290,2011,11,9,40.9,50.0,32.0
129,349290,2011,12,21,46.3,55.4,37.4
130,349290,2011,1,1,35.9,41.0,30.2
131,349290,2011,1,15,36.0,37.4,33.8
132,349290,2011,1,22,23.3,35.6,14.0
133,349290,2011,1,31,18.1,28.4,3.2
134,349290,2011,7,3,75.0,84.2,62.6
135,349290,2011,7,31,83.8,95.0,69.8
136,349290,2011,9,13,67.0,80.6,51.8
137,349290,2011,9,18,61.2,75.2,46.4
138,349290,2011,11,21,36.3,39.2,30.2
139,349290,2011,12,13,41.0,48.2,35.6
140,349290,2011,12,16,37.5,48.2,28.4
141,349290,2011,1,5,30.4,33.8,28.4
142,349290,2011,3,15,46.4,64.4,30.2
143,349290,2011,3,28,37.9,42.8,33.8
144,349290,2011,4,15,51.1,57.2,44.6
145,349290,2011,5,29,67.9,78.8,57.2
146,349290,2011,6,17,73.7,84.2,62.6
147,349290,2011,7,30,85.0,96.8,77.0
148,349290,2011,8,5,71.7,84.2,59.0
149,349290,2011,8,26,67.5,78.8,57.2
150,349290,2011,8,28,69.3,82.4,59.0
151,349290,2011,9,6,64.2,77.0,51.8
152,349290,2011,9,12,63.6,75.2,51.8
153,349290,2011,12,30,33.0,39.2,30.2
154,349290,2011,1,6,31.0,32.0,28.4
155,349290,2011,1,27,23.6,26.6,21.2
156,349290,2011,2,22,27.4,33.8,21.2
157,349290,2011,2,24,33.4,41.0,26.6
158,349290,2011,5,14,60.0,68.0,55.4
159,349290,2011,6,12,71.5,80.6,64.4
160,349290,2011,8,19,71.8,82.4,62.6
161,349290,2011,8,27,68.2,78.8,55.4
162,349290,2011,9,30,52.5,59.0,42.8
163,349290,2011,10,24,49.4,55.4,39.2
164,349290,2011,10,25,42.5,50.0,37.4
165,349290,2011,11,4,37.2,42.8,30.2
166,349290,2011,11,7,25.4,33.8,17.6
167,349290,2011,11,22,35.1,39.2,32.0
168,349290,2011,12,3,37.8,41.0,35.6
169,349290,2011,12,29,37.9,42.8,32.0
170,349290,2011,12,31,39.5,50.0,32.0
171,349290,2011,1,4,38.3,44.6,33.8
172,349290,2011,2,6,40.8,44.6,37.4
173,349290,2011,2,8,39.1,42.8,35.6
174,349290,2011,3,6,42.5,53.6,33.8
175,349290,2011,4,21,44.1,51.8,35.6
176,349290,2011,5,6,56.2,59.0,50.0
177,349290,2011,5,9,52.8,60.8,44.6
178,349290,2011,5,22,63.9,71.6,57.2
179,349290,2011,6,18,76.0,87.8,62.6
180,349290,2011,6,20,71.6,80.6,64.4
181,349290,2011,7,21,82.4,91.4,73.4
182,349290,2011,8,2,79.8,91.4,66.2
183,349290,2011,8,13,76.1,87.8,66.2
184,349290,2011,8,18,71.4,82.4,66.2
185,349290,2011,9,11,63.8,73.4,57.2
186,349290,2011,10,10,66.8,77.0,59.0
187,349290,2011,10,12,67.3,77.0,60.8
188,349290,2011,11,30,35.8,42.8,28.4
189,349290,2011,12,18,43.1,51.8,37.4
190,349290,2011,12,27,40.8,44.6,33.8
191,349290,2011,1,8,35.1,37.4,32.0
192,349290,2011,1,18,30.8,37.4,26.6
193,349290,2011,2,11,27.9,32.0,24.8
194,349290,2011,2,12,38.2,44.6,30.2
195,349290,2011,3,1,32.9,35.6,30.2
196,349290,2011,3,4,27.4,33.8,19.4
197,349290,2011,3,10,31.6,35.6,28.4
198,349290,2011,3,31,53.7,64.4,46.4
199,349290,2011,4,9,45.4,50.0,41.0
200,349290,2011,4,30,55.8,60.8,51.8
201,349290,2011,5,5,59.7,62.6,57.2
202,349290,2011,5,25,68.1,80.6,59.0
203,349290,2011,5,26,64.2,69.8,59.0
204,349290,2011,10,5,59.1,64.4,55.4
205,349290,2011,1,24,39.0,51.8,32.0
206,349290,2011,2,14,25.6,33.8,15.8
207,349290,2011,2,15,18.7,23.0,14.0
208,349290,2011,4,1,51.0,57.2,46.4
209,349290,2011,4,8,48.7,57.2,41.0
210,349290,2011,6,19,70.2,82.4,62.6
211,349290,2011,6,27,66.1,73.4,62.6
212,349290,2011,8,12,76.3,87.8,66.2
213,349290,2011,8,25,71.0,80.6,62.6
214,349290,2011,1,3,40.5,48.2,35.6
215,349290,2011,3,5,38.8,46.4,32.0
216,349290,2011,4,2,51.0,59.0,42.8
217,349290,2011,4,14,53.2,68.0,37.4
218,349290,2011,4,27,57.2,66.2,44.6
219,349290,2011,5,21,65.1,75.2,55.4
220,349290,2011,6,8,73.9,86.0,59.0
221,349290,2011,6,13,70.4,80.6,60.8
222,349290,2011,6,16,71.8,80.6,64.4
223,349290,2011,7,8,77.1,86.0,66.2
224,349290,2011,7,19,79.7,89.6,69.8
225,349290,2011,7,29,85.6,96.8,69.8
226,349290,2011,8,11,78.2,91.4,68.0
227,349290,2011,9,7,64.7,78.8,48.2
228,349290,2011,9,20,66.9,78.8,55.4
229,349290,2011,9,21,65.1,78.8,51.8
230,349290,2011,10,7,62.5,75.2,50.0
231,349290,2011,10,23,51.0,57.2,46.4
232,349290,2011,10,29,37.4,50.0,26.6
233,349290,2011,11,19,40.1,48.2,32.0
234,349290,2011,11,20,38.6,44.6,35.6
235,349290,2011,1,10,32.0,33.8,30.2
236,349290,2011,1,23,35.7,53.6,21.2
237,349290,2011,3,3,22.3,28.4,12.2
238,349290,2011,6,4,71.6,84.2,57.2
239,349290,2011,7,5,71.1,80.6,62.6
240,349290,2011,7,6,74.8,86.0,60.8
241,349290,2011,7,12,79.5,89.6,68.0
242,349290,2011,8,7,72.7,84.2,59.0
243,349290,2011,8,8,76.1,89.6,60.8
244,349290,2011,9,3,68.7,80.6,57.2
245,349290,2011,9,10,63.1,73.4,55.4
246,349290,2011,9,15,70.2,82.4,59.0
247,349290,2011,9,16,71.8,84.2,60.8
248,349290,2011,9,27,56.1,71.6,41.0
249,349290,2011,10,3,48.5,53.6,41.0
250,349290,2011,10,31,33.3,35.6,30.2
251,349290,2011,12,1,38.1,44.6,28.4
252,349290,2011,12,15,39.6,53.6,32.0
253,349290,2011,1,11,31.6,33.8,30.2
254,349290,2011,1,20,20.1,28.4,12.2
255,349290,2011,2,18,18.5,28.4,6.8
256,349290,2011,2,20,24.1,28.4,19.4
257,349290,2011,2,26,30.8,37.4,24.8
258,349290,2011,3,14,42.0,57.2,26.6
259,349290,2011,4,12,44.1,53.6,35.6
260,349290,2011,5,7,52.0,59.0,44.6
261,349290,2011,5,16,60.1,71.6,48.2
262,349290,2011,7,2,73.1,84.2,59.0
263,349290,2011,7,13,78.5,89.6,71.6
264,349290,2011,7,15,79.5,89.6,66.2
265,349290,2011,8,6,69.1,80.6,59.0
266,349290,2011,8,29,72.3,87.8,55.4
267,349290,2011,9,2,71.6,84.2,59.0
268,349290,2011,11,6,33.7,42.8,23.0
269,349290,2011,11,25,18.1,28.4,8.6
270,349290,2011,11,26,25.4,30.2,17.6
271,349290,2011,12,5,41.2,57.2,26.6
272,349290,2011,12,20,38.7,42.8,33.8
273,349290,2011,2,3,27.7,30.2,23.0
274,349290,2011,1,2,43.5,50.0,39.2
275,349290,2011,1,9,33.8,37.4,32.0
276,349290,2011,4,17,48.0,57.2,35.6
277,349290,2011,10,15,48.5,55.4,39.2
278,349290,2011,11,13,31.4,33.8,28.4
279,349290,2011,11,28,38.6,48.2,28.4
280,349290,2011,11,29,39.0,42.8,33.8
281,349290,2011,12,12,38.2,44.6,35.6
282,349290,2011,2,7,37.2,42.8,32.0
283,349290,2011,2,9,42.4,50.0,35.6
284,349290,2011,2,27,27.1,32.0,23.0
285,349290,2011,3,2,28.7,32.0,23.0
286,349290,2011,3,20,39.4,42.8,35.6
287,349290,2011,3,21,39.7,44.6,33.8
288,349290,2011,3,24,46.6,53.6,41.0
289,349290,2011,3,25,48.9,55.4,44.6
290,349290,2011,4,5,43.5,48.2,37.4
291,349290,2011,6,15,71.0,78.8,62.6
292,349290,2011,6,26,74.1,86.0,64.4
293,349290,2011,6,30,64.3,69.8,57.2
294,349290,2011,7,23,74.6,84.2,68.0
295,349290,2011,8,21,71.5,86.0,57.2
296,349290,2011,8,24,71.0,84.2,57.2
297,349290,2011,12,24,40.0,41.0,39.2
298,349290,2011,1,19,22.1,28.4,14.0
299,349290,2011,2,2,26.5,30.2,19.4
300,349290,2011,2,28,31.6,37.4,26.6
301,349290,2011,3,17,36.5,42.8,33.8
302,349290,2011,3,23,39.2,48.2,26.6
303,349290,2011,4,20,45.5,53.6,39.2
304,349290,2011,5,4,60.4,73.4,48.2
305,349290,2011,6,29,65.0,73.4,55.4
306,349290,2011,8,16,74.5,87.8,64.4
307,349290,2011,8,31,72.7,86.0,59.0
308,349290,2011,9,5,63.4,78.8,51.8
309,349290,2011,10,19,51.7,59.0,42.8
310,349290,2011,1,13,28.5,33.8,24.8
311,349290,2011,4,25,53.4,68.0,37.4
312,349290,2011,5,17,63.3,75.2,51.8
313,349290,2011,5,19,66.8,78.8,55.4
314,349290,2011,5,24,68.3,78.8,57.2
315,349290,2011,5,28,65.8,77.0,51.8
316,349290,2011,5,30,68.0,78.8,57.2
317,349290,2011,6,3,72.5,86.0,57.2
318,349290,2011,6,14,71.3,82.4,59.0
319,349290,2011,6,22,69.7,78.8,59.0
320,349290,2011,7,14,79.3,87.8,69.8
321,349290,2011,7,20,80.9,93.2,68.0
322,349290,2011,8,10,78.3,91.4,66.2
323,349290,2011,8,20,70.9,82.4,59.0
324,349290,2011,8,22,69.4,78.8,59.0
325,349290,2011,9,1,73.8,84.2,66.2
326,349290,2011,10,9,65.2,80.6,48.2
327,349290,2011,10,20,50.2,59.0,44.6
328,349290,2011,10,27,39.0,50.0,30.2
329,349290,2011,11,1,38.5,50.0,32.0
330,349290,2011,11,5,41.0,46.4,33.8
331,349290,2011,11,8,28.8,41.0,15.8
332,349290,2011,12,4,39.8,50.0,28.4
333,349290,2011,12,14,41.1,50.0,33.8
334,349290,2011,3,13,40.6,50.0,30.2
335,349290,2011,5,2,58.0,68.0,50.0
336,349290,2011,5,27,63.8,71.6,53.6
337,349290,2011,5,31,71.2,82.4,60.8
338,349290,2011,6,7,72.1,82.4,57.2
339,349290,2011,6,9,72.6,84.2,60.8
340,349290,2011,7,9,77.4,89.6,66.2
341,349290,2011,8,23,69.9,80.6,59.0
342,349290,2011,9,22,66.4,80.6,48.2
343,349290,2011,10,22,50.2,51.8,48.2
344,349290,2011,10,28,36.9,48.2,26.6
345,349290,2011,12,10,36.0,39.2,32.0
346,349290,2011,1,28,24.4,26.6,23.0
347,349290,2011,3,8,34.1,39.2,30.2
348,349290,2011,3,27,47.7,62.6,33.8
349,349290,2011,3,29,47.5,59.0,39.2
350,349290,2011,4,4,46.0,51.8,39.2
351,349290,2011,5,1,58.2,64.4,50.0
352,349290,2011,6,1,72.8,84.2,60.8
353,349290,2011,6,6,69.5,80.6,55.4
354,349290,2011,6,23,69.8,78.8,59.0
355,349290,2011,6,24,72.2,82.4,59.0
356,349290,2011,8,30,72.8,89.6,55.4
357,349290,2011,9,8,68.0,80.6,55.4
358,349290,2011,9,28,58.6,73.4,42.8
359,349290,2011,10,8,62.6,78.8,50.0
360,349290,2011,11,14,27.4,33.8,21.2
361,349290,2011,11,18,34.6,44.6,28.4
362,349290,2011,12,6,44.5,55.4,32.0
363,349290,2011,12,22,41.2,46.4,37.4
364,349290,2011,12,25,39.4,42.8,35.6
0,349290,2012,1,9,39.5,42.8,35.6
1,349290,2012,1,16,34.3,35.6,32.0
2,349290,2012,1,24,28.1,33.8,17.6
3,349290,2012,1,28,9.1,15.8,3.2
4,349290,2012,2,2,5.2,10.4,-0.4
5,349290,2012,2,22,31.9,44.6,19.4
6,349290,2012,3,1,32.1,35.6,30.2
7,349290,2012,3,2,28.8,32.0,23.0
8,349290,2012,3,6,28.5,33.8,23.0
9,349290,2012,3,14,39.2,51.8,26.6
10,349290,2012,3,24,44.1,46.4,35.6
11,349290,2012,3,26,40.5,46.4,33.8
12,349290,2012,4,9,61.5,78.8,48.2
13,349290,2012,4,11,53.0,60.8,44.6
14,349290,2012,4,12,51.2,51.8,48.2
15,349290,2012,4,19,60.6,71.6,51.8
16,349290,2012,5,15,66.7,78.8,57.2
17,349290,2012,5,29,64.8,71.6,55.4
18,349290,2012,6,16,74.5,82.4,62.6
19,349290,2012,6,17,71.2,78.8,60.8
20,349290,2012,6,28,66.6,73.4,59.0
21,349290,2012,7,3,71.1,80.6,59.0
22,349290,2012,7,6,68.9,71.6,66.2
23,349290,2012,7,7,74.0,84.2,66.2
24,349290,2012,7,12,75.0,86.0,68.0
25,349290,2012,8,29,68.0,75.2,62.6
26,349290,2012,10,4,65.8,75.2,59.0
27,349290,2012,10,9,57.0,64.4,50.0
28,349290,2012,10,30,63.7,71.6,55.4
29,349290,2012,11,10,48.7,53.6,44.6
30,349290,2012,12,22,22.8,26.6,19.4
31,349290,2012,1,4,42.3,50.0,32.0
32,349290,2012,1,18,30.3,37.4,23.0
33,349290,2012,2,14,30.9,41.0,17.6
34,349290,2012,2,17,30.4,37.4,26.6
35,349290,2012,3,7,27.9,33.8,23.0
36,349290,2012,3,11,29.2,41.0,17.6
37,349290,2012,3,15,34.4,41.0,26.6
38,349290,2012,3,20,50.1,60.8,37.4
39,349290,2012,3,23,43.6,53.6,32.0
40,349290,2012,4,3,45.9,57.2,33.8
41,349290,2012,4,14,62.4,77.0,44.6
42,349290,2012,4,20,57.4,66.2,48.2
43,349290,2012,4,21,59.7,73.4,42.8
44,349290,2012,4,30,69.1,82.4,51.8
45,349290,2012,5,5,68.6,84.2,53.6
46,349290,2012,5,13,69.9,80.6,60.8
47,349290,2012,5,18,70.3,80.6,59.0
48,349290,2012,5,31,67.3,77.0,57.2
49,349290,2012,6,13,81.0,91.4,69.8
50,349290,2012,6,15,82.0,89.6,75.2
51,349290,2012,6,18,74.7,84.2,66.2
52,349290,2012,6,19,76.4,86.0,62.6
53,349290,2012,6,20,74.5,86.0,59.0
54,349290,2012,7,15,79.4,89.6,69.8
55,349290,2012,7,24,84.4,98.6,68.0
56,349290,2012,9,2,67.2,78.8,55.4
57,349290,2012,9,5,70.0,84.2,55.4
58,349290,2012,9,7,68.8,84.2,53.6
59,349290,2012,9,11,62.6,75.2,46.4
60,349290,2012,9,28,69.1,84.2,59.0
61,349290,2012,10,1,69.8,84.2,55.4
62,349290,2012,10,3,68.9,80.6,57.2
63,349290,2012,10,6,65.0,75.2,50.0
64,349290,2012,10,16,63.6,80.6,50.0
65,349290,2012,10,20,59.8,68.0,53.6
66,349290,2012,10,23,50.4,57.2,44.6
67,349290,2012,11,1,52.8,55.4,48.2
68,349290,2012,11,2,52.6,62.6,44.6
69,349290,2012,11,16,42.0,48.2,37.4
70,349290,2012,11,26,44.1,48.2,39.2
71,349290,2012,11,27,41.5,48.2,33.8
72,349290,2012,11,28,47.7,57.2,42.8
73,349290,2012,12,10,37.3,44.6,30.2
74,349290,2012,12,17,18.5,26.6,14.0
75,349290,2012,12,24,19.9,21.2,19.4
76,349290,2012,12,25,27.9,33.8,19.4
77,349290,2012,12,27,42.1,53.6,28.4
78,349290,2012,12,30,27.9,33.8,23.0
79,349290,2012,1,1,37.8,46.4,30.2
80,349290,2012,1,3,38.3,44.6,32.0
81,349290,2012,1,15,35.5,39.2,32.0
82,349290,2012,1,17,34.2,37.4,28.4
83,349290,2012,1,29,10.8,15.8,3.2
84,349290,2012,2,9,3.3,12.2,-9.4
85,349290,2012,2,12,18.6,24.8,14.0
86,349290,2012,2,18,23.4,28.4,19.4
87,349290,2012,2,19,19.2,21.2,17.6
88,349290,2012,2,26,39.2,46.4,35.6
89,349290,2012,3,16,29.9,33.8,23.0
90,349290,2012,5,14,68.0,78.8,60.8
91,349290,2012,5,23,69.6,82.4,60.8
92,349290,2012,5,24,66.7,73.4,62.6
93,349290,2012,5,30,64.7,75.2,53.6
94,349290,2012,6,3,68.3,77.0,55.4
95,349290,2012,6,5,71.2,77.0,62.6
96,349290,2012,6,8,68.0,77.0,55.4
97,349290,2012,6,30,65.7,77.0,59.0
98,349290,2012,7,11,73.0,80.6,66.2
99,349290,2012,7,30,80.0,89.6,73.4
100,349290,2012,8,9,78.5,93.2,68.0
101,349290,2012,8,20,70.1,82.4,60.8
102,349290,2012,10,5,68.2,78.8,59.0
103,349290,2012,11,7,50.8,57.2,48.2
104,349290,2012,11,25,42.7,46.4,41.0
105,349290,2012,12,1,54.0,66.2,44.6
106,349290,2012,12,2,57.0,66.2,50.0
107,349290,2012,12,12,40.0,48.2,32.0
108,349290,2012,12,13,38.2,41.0,33.8
109,349290,2012,12,21,21.1,23.0,19.4
110,349290,2012,1,6,39.0,53.6,30.2
111,349290,2012,1,12,36.7,41.0,32.0
112,349290,2012,1,26,11.4,17.6,6.8
113,349290,2012,1,27,9.7,17.6,5.0
114,349290,2012,1,30,14.3,23.0,6.8
115,349290,2012,2,4,14.6,28.4,1.4
116,349290,2012,2,5,17.7,30.2,6.8
117,349290,2012,2,7,0.8,8.6,-4.0
118,349290,2012,2,13,24.1,33.8,15.8
119,349290,2012,3,4,31.4,37.4,24.8
120,349290,2012,3,13,34.7,44.6,26.6
121,349290,2012,3,17,32.9,42.8,21.2
122,349290,2012,3,25,40.9,50.0,32.0
123,349290,2012,3,28,40.8,46.4,33.8
124,349290,2012,4,4,50.8,66.2,32.0
125,349290,2012,4,6,66.9,80.6,50.0
126,349290,2012,4,8,62.7,75.2,53.6
127,349290,2012,4,15,66.0,78.8,55.4
128,349290,2012,4,17,60.5,69.8,50.0
129,349290,2012,4,18,63.5,75.2,48.2
130,349290,2012,4,24,60.4,73.4,42.8
131,349290,2012,4,27,67.4,82.4,50.0
132,349290,2012,4,28,69.3,82.4,53.6
133,349290,2012,5,19,75.0,87.8,59.0
134,349290,2012,5,20,73.5,82.4,64.4
135,349290,2012,6,4,70.3,82.4,53.6
136,349290,2012,6,9,69.8,80.6,55.4
137,349290,2012,6,21,77.5,89.6,60.8
138,349290,2012,6,25,80.1,93.2,62.6
139,349290,2012,7,25,86.2,95.0,75.2
140,349290,2012,7,28,80.6,89.6,68.0
141,349290,2012,8,8,81.5,93.2,71.6
142,349290,2012,8,12,79.0,87.8,68.0
143,349290,2012,8,13,79.1,89.6,68.0
144,349290,2012,8,15,75.5,86.0,66.2
145,349290,2012,8,23,67.4,82.4,51.8
146,349290,2012,8,25,77.3,91.4,60.8
147,349290,2012,8,31,65.7,77.0,51.8
148,349290,2012,9,3,67.6,82.4,51.8
149,349290,2012,9,6,67.9,82.4,53.6
150,349290,2012,9,13,70.3,84.2,55.4
151,349290,2012,9,15,70.8,86.0,55.4
152,349290,2012,9,16,71.7,87.8,59.0
153,349290,2012,9,20,70.5,84.2,59.0
154,349290,2012,9,24,67.3,77.0,57.2
155,349290,2012,10,10,58.1,69.8,44.6
156,349290,2012,10,17,63.9,80.6,50.0
157,349290,2012,10,21,56.9,69.8,48.2
158,349290,2012,10,28,58.6,75.2,44.6
159,349290,2012,11,8,46.6,53.6,39.2
160,349290,2012,11,9,44.6,50.0,37.4
161,349290,2012,11,12,42.3,51.8,33.8
162,349290,2012,11,13,39.5,42.8,32.0
163,349290,2012,11,17,40.5,44.6,35.6
164,349290,2012,11,18,38.1,44.6,33.8
165,349290,2012,11,22,43.9,51.8,37.4
166,349290,2012,12,16,21.0,26.6,17.6
167,349290,2012,12,31,34.7,48.2,26.6
168,349290,2012,1,2,33.0,37.4,28.4
169,349290,2012,1,13,38.5,46.4,32.0
170,349290,2012,1,22,29.9,35.6,23.0
171,349290,2012,1,23,33.7,37.4,30.2
172,349290,2012,2,11,10.8,21.2,-2.2
173,349290,2012,2,15,36.5,41.0,28.4
174,349290,2012,2,20,21.9,33.8,15.8
175,349290,2012,2,27,38.0,42.8,33.8
176,349290,2012,2,28,34.7,39.2,32.0
177,349290,2012,3,5,32.2,39.2,24.8
178,349290,2012,3,8,27.6,33.8,21.2
179,349290,2012,3,21,46.8,59.0,30.2
180,349290,2012,3,29,42.3,46.4,37.4
181,349290,2012,4,1,53.1,62.6,39.2
182,349290,2012,4,7,60.6,71.6,53.6
183,349290,2012,4,10,55.5,68.0,46.4
184,349290,2012,4,16,62.7,71.6,51.8
185,349290,2012,4,22,57.8,62.6,50.0
186,349290,2012,5,8,65.1,75.2,57.2
187,349290,2012,5,22,71.8,82.4,62.6
188,349290,2012,6,1,65.2,73.4,57.2
189,349290,2012,7,4,67.8,75.2,62.6
190,349290,2012,7,8,76.5,86.0,68.0
191,349290,2012,7,14,78.5,89.6,68.0
192,349290,2012,8,10,75.0,84.2,68.0
193,349290,2012,8,14,76.8,87.8,66.2
194,349290,2012,8,19,69.9,82.4,62.6
195,349290,2012,8,21,72.7,80.6,60.8
196,349290,2012,10,8,64.5,73.4,53.6
197,349290,2012,10,12,58.1,68.0,53.6
198,349290,2012,10,19,58.6,62.6,53.6
199,349290,2012,10,27,54.2,60.8,48.2
200,349290,2012,11,3,57.1,66.2,48.2
201,349290,2012,11,4,56.5,59.0,53.6
202,349290,2012,11,6,60.6,75.2,44.6
203,349290,2012,12,3,54.6,69.8,48.2
204,349290,2012,12,4,51.7,59.0,48.2
205,349290,2012,12,6,46.5,50.0,42.8
206,349290,2012,12,8,37.4,42.8,28.4
207,349290,2012,12,19,24.3,30.2,21.2
208,349290,2012,12,23,23.1,26.6,19.4
209,349290,2012,1,5,40.7,53.6,32.0
210,349290,2012,1,8,40.4,46.4,37.4
211,349290,2012,1,20,27.3,32.0,23.0
212,349290,2012,1,21,24.9,32.0,19.4
213,349290,2012,2,3,7.2,17.6,-0.4
214,349290,2012,2,8,-0.8,6.8,-7.6
215,349290,2012,2,10,4.5,14.0,-5.8
216,349290,2012,2,21,27.0,39.2,14.0
217,349290,2012,3,10,24.7,32.0,19.4
218,349290,2012,3,18,42.4,48.2,37.4
219,349290,2012,4,5,60.0,77.0,39.2
220,349290,2012,4,13,56.8,69.8,44.6
221,349290,2012,4,25,62.8,78.8,46.4
222,349290,2012,4,29,68.8,82.4,53.6
223,349290,2012,5,7,66.4,77.0,55.4
224,349290,2012,5,9,68.3,80.6,57.2
225,349290,2012,5,21,70.5,78.8,62.6
226,349290,2012,5,27,62.8,68.0,57.2
227,349290,2012,5,28,67.6,75.2,60.8
228,349290,2012,6,14,85.6,98.6,71.6
229,349290,2012,6,22,80.2,91.4,68.0
230,349290,2012,6,29,70.2,80.6,59.0
231,349290,2012,7,2,68.5,78.8,59.0
232,349290,2012,7,19,73.3,82.4,62.6
233,349290,2012,7,21,79.5,91.4,64.4
234,349290,2012,7,29,79.8,91.4,71.6
235,349290,2012,7,31,79.7,87.8,73.4
236,349290,2012,8,3,79.7,91.4,68.0
237,349290,2012,8,5,78.6,91.4,66.2
238,349290,2012,8,11,76.2,89.6,68.0
239,349290,2012,8,22,64.1,75.2,53.6
240,349290,2012,8,24,73.0,87.8,55.4
241,349290,2012,8,30,68.4,77.0,55.4
242,349290,2012,9,1,68.2,75.2,59.0
243,349290,2012,9,4,69.5,86.0,51.8
244,349290,2012,9,9,63.5,77.0,48.2
245,349290,2012,9,14,69.6,82.4,59.0
246,349290,2012,9,17,71.8,84.2,59.0
247,349290,2012,9,25,67.0,80.6,53.6
248,349290,2012,9,26,68.8,84.2,53.6
249,349290,2012,9,29,68.5,82.4,55.4
250,349290,2012,9,30,67.8,84.2,57.2
251,349290,2012,10,2,70.6,84.2,57.2
252,349290,2012,10,14,59.1,73.4,50.0
253,349290,2012,10,18,63.1,71.6,53.6
254,349290,2012,10,24,55.2,64.4,46.4
255,349290,2012,10,25,55.5,60.8,48.2
256,349290,2012,10,26,54.3,66.2,42.8
257,349290,2012,11,11,46.6,51.8,39.2
258,349290,2012,11,14,43.0,46.4,41.0
259,349290,2012,11,15,40.9,50.0,32.0
260,349290,2012,11,21,43.5,51.8,39.2
261,349290,2012,11,23,42.4,51.8,35.6
262,349290,2012,11,30,51.7,68.0,37.4
263,349290,2012,12,9,34.2,41.0,26.6
264,349290,2012,12,14,30.7,33.8,26.6
265,349290,2012,12,15,29.0,30.2,24.8
266,349290,2012,1,7,39.6,44.6,32.0
267,349290,2012,1,10,41.0,50.0,33.8
268,349290,2012,1,14,38.2,42.8,35.6
269,349290,2012,1,25,14.5,21.2,8.6
270,349290,2012,1,31,6.9,10.4,5.0
271,349290,2012,2,1,5.7,10.4,-0.4
272,349290,2012,2,16,28.7,35.6,24.8
273,349290,2012,2,24,36.4,41.0,32.0
274,349290,2012,2,25,37.5,41.0,35.6
275,349290,2012,2,29,31.3,33.8,30.2
276,349290,2012,3,3,26.6,30.2,21.2
277,349290,2012,3,9,25.3,30.2,19.4
278,349290,2012,3,22,42.9,48.2,33.8
279,349290,2012,3,27,34.8,41.0,30.2
280,349290,2012,3,31,45.9,55.4,41.0
281,349290,2012,4,2,39.9,51.8,32.0
282,349290,2012,5,17,69.0,80.6,60.8
283,349290,2012,5,25,66.0,71.6,62.6
284,349290,2012,5,26,60.6,64.4,59.0
285,349290,2012,6,7,69.3,78.8,62.6
286,349290,2012,6,27,75.6,86.0,62.6
287,349290,2012,7,1,64.3,71.6,59.0
288,349290,2012,7,5,69.6,80.6,62.6
289,349290,2012,7,10,73.0,86.0,62.6
290,349290,2012,8,1,77.5,87.8,69.8
291,349290,2012,8,4,80.4,95.0,68.0
292,349290,2012,8,17,72.0,80.6,66.2
293,349290,2012,9,21,69.6,82.4,60.8
294,349290,2012,9,22,64.2,73.4,59.0
295,349290,2012,10,11,58.5,68.0,50.0
296,349290,2012,10,31,55.6,62.6,50.0
297,349290,2012,11,24,43.6,46.4,41.0
298,349290,2012,12,5,47.2,50.0,44.6
299,349290,2012,12,7,45.4,48.2,42.8
300,349290,2012,12,11,38.8,44.6,32.0
301,349290,2012,12,20,23.3,28.4,21.2
302,349290,2012,12,29,34.4,39.2,30.2
303,349290,2012,1,11,40.2,44.6,35.6
304,349290,2012,1,19,30.6,33.8,26.6
305,349290,2012,2,6,11.7,23.0,1.4
306,349290,2012,2,23,33.3,39.2,30.2
307,349290,2012,3,12,31.6,37.4,24.8
308,349290,2012,3,19,49.5,59.0,35.6
309,349290,2012,3,30,49.9,57.2,42.8
310,349290,2012,4,23,58.2,69.8,44.6
311,349290,2012,4,26,65.2,80.6,48.2
312,349290,2012,5,1,66.7,77.0,57.2
313,349290,2012,5,2,69.2,82.4,55.4
314,349290,2012,5,3,67.8,82.4,51.8
315,349290,2012,5,4,68.9,82.4,51.8
316,349290,2012,5,6,67.3,77.0,53.6
317,349290,2012,5,10,71.5,86.0,59.0
318,349290,2012,5,11,74.4,87.8,59.0
319,349290,2012,5,12,73.2,86.0,59.0
320,349290,2012,5,16,70.2,82.4,53.6
321,349290,2012,6,2,67.0,75.2,55.4
322,349290,2012,6,6,74.2,84.2,62.6
323,349290,2012,6,10,74.4,86.0,59.0
324,349290,2012,6,11,76.1,89.6,60.8
325,349290,2012,6,12,79.9,91.4,64.4
326,349290,2012,6,23,80.3,91.4,64.4
327,349290,2012,6,24,79.6,91.4,64.4
328,349290,2012,6,26,77.9,91.4,68.0
329,349290,2012,7,9,76.7,86.0,64.4
330,349290,2012,7,13,77.8,87.8,66.2
331,349290,2012,7,16,81.4,93.2,68.0
332,349290,2012,7,17,77.0,87.8,64.4
333,349290,2012,7,18,73.3,84.2,60.8
334,349290,2012,7,20,75.7,87.8,57.2
335,349290,2012,7,22,81.0,93.2,68.0
336,349290,2012,7,23,83.3,95.0,71.6
337,349290,2012,7,26,83.8,95.0,75.2
338,349290,2012,7,27,81.7,91.4,73.4
339,349290,2012,8,2,80.2,89.6,69.8
340,349290,2012,8,6,80.8,91.4,68.0
341,349290,2012,8,7,78.3,87.8,69.8
342,349290,2012,8,16,74.4,82.4,66.2
343,349290,2012,8,18,73.4,82.4,62.6
344,349290,2012,8,26,79.5,93.2,66.2
345,349290,2012,8,27,81.6,96.8,66.2
346,349290,2012,8,28,77.4,86.0,69.8
347,349290,2012,9,8,63.3,75.2,50.0
348,349290,2012,9,10,61.9,71.6,50.0
349,349290,2012,9,12,67.2,80.6,53.6
350,349290,2012,9,18,71.6,84.2,57.2
351,349290,2012,9,19,71.7,84.2,59.0
352,349290,2012,9,23,65.3,77.0,59.0
353,349290,2012,9,27,68.5,82.4,55.4
354,349290,2012,10,7,62.8,80.6,48.2
355,349290,2012,10,13,55.5,64.4,48.2
356,349290,2012,10,15,62.4,80.6,50.0
357,349290,2012,10,22,53.8,69.8,44.6
358,349290,2012,10,29,62.0,69.8,55.4
359,349290,2012,11,5,54.0,62.6,48.2
360,349290,2012,11,19,36.9,39.2,35.6
361,349290,2012,11,20,36.3,42.8,32.0
362,349290,2012,11,29,50.8,60.8,41.0
363,349290,2012,12,18,23.6,32.0,15.8
364,349290,2012,12,26,33.4,44.6,21.2
365,349290,2012,12,28,39.4,48.2,30.2
0,349290,2013,1,12,39.4,46.4,32.0
1,349290,2013,1,13,36.3,46.4,30.2
2,349290,2013,1,26,48.0,53.6,44.6
3,349290,2013,2,16,36.6,39.2,33.8
4,349290,2013,3,25,35.8,42.8,32.0
5,349290,2013,8,13,73.3,82.4,64.4
6,349290,2013,9,4,63.1,66.2,59.0
7,349290,2013,11,27,40.3,44.6,37.4
8,349290,2013,3,13,51.3,55.4,48.2
9,349290,2013,11,7,55.9,71.6,46.4
10,349290,2013,1,5,38.4,44.6,33.8
11,349290,2013,2,5,40.1,48.2,32.0
12,349290,2013,2,10,49.6,60.8,41.0
13,349290,2013,4,9,46.9,48.2,44.6
14,349290,2013,7,3,70.0,77.0,66.2
15,349290,2013,8,30,79.0,89.6,66.2
16,349290,2013,9,18,66.3,77.0,60.8
17,349290,2013,9,19,66.1,78.8,57.2
18,349290,2013,1,27,44.4,51.8,35.6
19,349290,2013,2,25,39.0,48.2,33.8
20,349290,2013,3,16,48.3,51.8,39.2
21,349290,2013,5,19,68.0,80.6,55.4
22,349290,2013,6,16,70.3,77.0,66.2
23,349290,2013,7,26,71.8,82.4,62.6
24,349290,2013,7,29,69.7,82.4,62.6
25,349290,2013,8,25,74.7,89.6,64.4
26,349290,2013,10,1,50.9,57.2,41.0
27,349290,2013,1,18,47.1,59.0,37.4
28,349290,2013,1,22,54.0,60.8,46.4
29,349290,2013,3,15,60.7,77.0,50.0
30,349290,2013,4,7,58.4,68.0,48.2
31,349290,2013,5,22,73.0,86.0,59.0
32,349290,2013,6,27,81.9,93.2,66.2
33,349290,2013,6,30,79.7,87.8,68.0
34,349290,2013,7,5,75.6,89.6,62.6
35,349290,2013,8,20,77.2,89.6,66.2
36,349290,2013,9,22,60.8,71.6,51.8
37,349290,2013,10,25,47.0,64.4,33.8
38,349290,2013,12,17,20.5,28.4,15.8
39,349290,2013,12,21,38.6,46.4,30.2
40,349290,2013,12,23,32.5,41.0,26.6
41,349290,2013,12,29,31.2,32.0,30.2
42,349290,2013,2,15,40.9,51.8,35.6
43,349290,2013,4,12,49.5,60.8,35.6
44,349290,2013,4,29,69.2,84.2,51.8
45,349290,2013,5,5,73.3,89.6,55.4
46,349290,2013,5,18,66.3,78.8,55.4
47,349290,2013,6,12,75.3,86.0,64.4
48,349290,2013,9,11,64.7,75.2,55.4
49,349290,2013,9,13,67.2,80.6,55.4
50,349290,2013,11,5,54.0,69.8,42.8
51,349290,2013,11,25,48.9,64.4,35.6
52,349290,2013,12,19,31.1,42.8,23.0
53,349290,2013,1,10,18.3,24.8,10.4
54,349290,2013,3,4,39.4,48.2,30.2
55,349290,2013,5,31,75.4,89.6,62.6
56,349290,2013,7,12,79.4,91.4,68.0
57,349290,2013,8,23,78.4,91.4,64.4
58,349290,2013,10,8,45.2,57.2,35.6
59,349290,2013,10,16,57.9,71.6,46.4
60,349290,2013,11,23,43.0,57.2,33.8
61,349290,2013,12,27,32.8,39.2,28.4
62,349290,2013,1,2,31.7,44.6,23.0
63,349290,2013,4,28,66.4,84.2,48.2
64,349290,2013,5,4,72.1,86.0,57.2
65,349290,2013,5,10,69.8,82.4,57.2
66,349290,2013,6,9,69.8,82.4,59.0
67,349290,2013,7,9,81.7,93.2,68.0
68,349290,2013,7,21,74.6,86.0,62.6
69,349290,2013,7,22,70.3,80.6,59.0
70,349290,2013,10,15,52.1,64.4,44.6
71,349290,2013,11,22,45.5,60.8,35.6
72,349290,2013,2,12,41.1,46.4,35.6
73,349290,2013,2,17,36.8,41.0,33.8
74,349290,2013,2,23,38.5,41.0,35.6
75,349290,2013,3,9,46.3,55.4,37.4
76,349290,2013,3,11,53.1,60.8,46.4
77,349290,2013,3,12,53.8,60.8,50.0
78,349290,2013,4,24,55.3,66.2,42.8
79,349290,2013,6,3,67.2,73.4,60.8
80,349290,2013,12,2,41.8,46.4,35.6
81,349290,2013,1,8,28.7,32.0,26.6
82,349290,2013,4,22,52.5,62.6,42.8
83,349290,2013,7,27,69.9,80.6,62.6
84,349290,2013,7,30,68.4,77.0,62.6
85,349290,2013,9,5,60.4,68.0,55.4
86,349290,2013,9,29,47.5,51.8,41.0
87,349290,2013,11,18,46.4,53.6,41.0
88,349290,2013,1,6,36.3,41.0,32.0
89,349290,2013,1,11,32.9,39.2,23.0
90,349290,2013,1,21,46.2,51.8,35.6
91,349290,2013,1,30,37.0,39.2,35.6
92,349290,2013,3,28,37.7,41.0,32.0
93,349290,2013,4,10,48.8,51.8,44.6
94,349290,2013,5,14,68.1,80.6,57.2
95,349290,2013,12,14,33.6,41.0,23.0
96,349290,2013,1,9,24.1,28.4,19.4
97,349290,2013,1,20,45.5,51.8,42.8
98,349290,2013,3,23,46.4,53.6,37.4
99,349290,2013,3,27,45.1,51.8,41.0
100,349290,2013,7,1,73.8,87.8,66.2
101,349290,2013,10,22,53.8,66.2,41.0
102,349290,2013,12,1,42.1,48.2,33.8
103,349290,2013,12,5,37.4,46.4,24.8
104,349290,2013,12,9,34.5,39.2,30.2
105,349290,2013,3,7,44.0,57.2,32.0
106,349290,2013,3,19,40.7,48.2,28.4
107,349290,2013,3,21,49.8,62.6,35.6
108,349290,2013,4,16,52.5,60.8,44.6
109,349290,2013,4,18,49.9,59.0,42.8
110,349290,2013,4,20,55.6,64.4,44.6
111,349290,2013,4,25,57.7,66.2,51.8
112,349290,2013,5,3,71.4,86.0,55.4
113,349290,2013,5,26,69.1,78.8,57.2
114,349290,2013,6,2,70.5,82.4,57.2
115,349290,2013,7,6,78.8,91.4,64.4
116,349290,2013,7,11,78.1,89.6,64.4
117,349290,2013,9,9,60.5,69.8,51.8
118,349290,2013,9,10,63.6,75.2,51.8
119,349290,2013,11,24,43.1,59.0,32.0
120,349290,2013,12,13,16.5,26.6,8.6
121,349290,2013,12,26,33.6,42.8,28.4
122,349290,2013,8,16,82.2,93.2,71.6
123,349290,2013,2,3,47.1,57.2,35.6
124,349290,2013,3,8,52.5,66.2,37.4
125,349290,2013,4,15,57.6,69.8,48.2
126,349290,2013,5,6,67.2,77.0,55.4
127,349290,2013,5,23,75.3,87.8,57.2
128,349290,2013,6,13,78.1,91.4,62.6
129,349290,2013,6,24,71.8,82.4,60.8
130,349290,2013,9,1,69.2,80.6,59.0
131,349290,2013,10,27,45.9,51.8,41.0
132,349290,2013,1,14,29.2,30.2,28.4
133,349290,2013,1,19,47.1,51.8,41.0
134,349290,2013,2,21,42.7,51.8,32.0
135,349290,2013,4,19,54.3,64.4,41.0
136,349290,2013,6,11,71.9,87.8,59.0
137,349290,2013,7,15,78.1,89.6,64.4
138,349290,2013,9,17,64.9,73.4,55.4
139,349290,2013,9,28,49.4,57.2,39.2
140,349290,2013,10,7,43.5,51.8,37.4
141,349290,2013,11,2,50.3,64.4,41.0
142,349290,2013,11,11,50.2,66.2,39.2
143,349290,2013,12,24,36.3,48.2,28.4
144,349290,2013,2,6,42.2,51.8,33.8
145,349290,2013,4,13,54.5,64.4,46.4
146,349290,2013,5,25,70.8,82.4,60.8
147,349290,2013,7,8,82.4,95.0,66.2
148,349290,2013,7,17,77.2,87.8,64.4
149,349290,2013,8,11,78.3,91.4,64.4
150,349290,2013,8,14,77.2,87.8,64.4
151,349290,2013,8,17,80.0,95.0,68.0
152,349290,2013,10,14,51.4,59.0,42.8
153,349290,2013,11,9,43.8,57.2,32.0
154,349290,2013,12,4,30.3,37.4,24.8
155,349290,2013,12,8,35.8,41.0,30.2
156,349290,2013,12,20,32.7,33.8,32.0
157,349290,2013,12,28,33.3,42.8,24.8
158,349290,2013,4,2,57.0,69.8,46.4
159,349290,2013,5,13,64.4,73.4,59.0
160,349290,2013,5,16,67.0,77.0,59.0
161,349290,2013,8,3,70.8,82.4,60.8
162,349290,2013,9,14,66.0,75.2,57.2
163,349290,2013,9,23,60.8,69.8,51.8
164,349290,2013,10,19,57.1,64.4,48.2
165,349290,2013,12,12,17.1,21.2,10.4
166,349290,2013,3,17,36.6,39.2,32.0
167,349290,2013,3,20,49.0,57.2,39.2
168,349290,2013,6,23,70.9,78.8,60.8
169,349290,2013,7,4,70.6,80.6,62.6
170,349290,2013,8,24,73.6,84.2,66.2
171,349290,2013,10,23,48.6,53.6,41.0
172,349290,2013,3,18,35.0,41.0,28.4
173,349290,2013,6,22,69.6,78.8,62.6
174,349290,2013,7,14,76.2,91.4,66.2
175,349290,2013,9,20,65.4,75.2,57.2
176,349290,2013,10,20,47.0,53.6,37.4
177,349290,2013,11,26,50.7,53.6,44.6
178,349290,2013,1,4,39.3,42.8,35.6
179,349290,2013,1,24,43.8,51.8,32.0
180,349290,2013,2,2,39.7,46.4,35.6
181,349290,2013,4,3,57.1,69.8,51.8
182,349290,2013,8,1,71.5,82.4,64.4
183,349290,2013,8,4,67.5,75.2,60.8
184,349290,2013,10,31,53.7,66.2,42.8
185,349290,2013,12,6,38.7,44.6,32.0
186,349290,2013,7,16,77.5,89.6,68.0
187,349290,2013,8,15,81.8,95.0,66.2
188,349290,2013,8,21,77.4,89.6,66.2
189,349290,2013,10,9,49.5,62.6,39.2
190,349290,2013,10,29,55.0,69.8,42.8
191,349290,2013,11,4,52.5,68.0,41.0
192,349290,2013,11,15,41.0,48.2,30.2
193,349290,2013,11,30,38.2,46.4,32.0
194,349290,2013,1,1,31.8,44.6,24.8
195,349290,2013,2,22,41.5,48.2,33.8
196,349290,2013,5,30,76.7,89.6,60.8
197,349290,2013,6,28,83.4,96.8,66.2
198,349290,2013,7,13,80.6,91.4,68.0
199,349290,2013,8,8,76.4,87.8,64.4
200,349290,2013,10,10,54.8,71.6,39.2
201,349290,2013,10,26,43.8,57.2,33.8
202,349290,2013,11,19,44.8,55.4,35.6
203,349290,2013,2,4,52.2,62.6,39.2
204,349290,2013,2,8,45.8,60.8,35.6
205,349290,2013,3,14,56.1,68.0,44.6
206,349290,2013,6,5,70.0,80.6,60.8
207,349290,2013,6,17,73.9,80.6,64.4
208,349290,2013,8,22,79.8,93.2,66.2
209,349290,2013,9,2,70.4,82.4,57.2
210,349290,2013,11,12,49.3,59.0,39.2
211,349290,2013,11,20,41.8,53.6,35.6
212,349290,2013,12,15,29.1,33.8,23.0
213,349290,2013,12,22,35.6,41.0,28.4
214,349290,2013,1,3,34.3,48.2,23.0
215,349290,2013,2,26,40.1,51.8,30.2
216,349290,2013,3,6,33.1,42.8,21.2
217,349290,2013,3,22,55.8,66.2,46.4
218,349290,2013,4,4,61.6,75.2,48.2
219,349290,2013,4,5,56.3,64.4,48.2
220,349290,2013,4,14,57.9,69.8,44.6
221,349290,2013,5,7,67.5,80.6,53.6
222,349290,2013,5,11,68.7,82.4,55.4
223,349290,2013,6,6,69.7,82.4,59.0
224,349290,2013,6,14,80.3,93.2,64.4
225,349290,2013,9,26,57.0,64.4,48.2
226,349290,2013,10,12,53.1,62.6,44.6
227,349290,2013,10,18,63.1,73.4,55.4
228,349290,2013,11,3,52.3,69.8,39.2
229,349290,2013,12,16,26.2,33.8,19.4
230,349290,2013,2,24,37.9,42.8,35.6
231,349290,2013,3,2,46.2,51.8,32.0
232,349290,2013,3,5,31.3,33.8,26.6
233,349290,2013,8,5,71.4,82.4,60.8
234,349290,2013,12,3,31.8,39.2,24.8
235,349290,2013,1,7,33.0,35.6,30.2
236,349290,2013,2,9,45.2,59.0,33.8
237,349290,2013,9,15,64.6,71.6,59.0
238,349290,2013,9,16,63.6,69.8,57.2
239,349290,2013,9,27,58.6,75.2,42.8
240,349290,2013,1,23,50.7,57.2,44.6
241,349290,2013,8,2,72.5,86.0,64.4
242,349290,2013,11,29,41.6,44.6,37.4
243,349290,2013,12,7,42.1,50.0,35.6
244,349290,2013,1,25,42.1,50.0,32.0
245,349290,2013,3,10,51.7,57.2,46.4
246,349290,2013,4,11,48.2,51.8,41.0
247,349290,2013,4,21,54.7,60.8,46.4
248,349290,2013,4,26,57.9,69.8,42.8
249,349290,2013,6,8,66.2,77.0,59.0
250,349290,2013,11,14,48.2,53.6,41.0
251,349290,2013,12,10,30.6,41.0,23.0
252,349290,2013,2,11,41.8,51.8,33.8
253,349290,2013,4,23,48.3,55.4,41.0
254,349290,2013,5,9,68.5,80.6,55.4
255,349290,2013,8,6,72.7,82.4,62.6
256,349290,2013,8,12,78.7,89.6,66.2
257,349290,2013,8,29,78.0,89.6,68.0
258,349290,2013,9,21,62.0,69.8,55.4
259,349290,2013,10,11,55.6,69.8,42.8
260,349290,2013,11,10,44.9,57.2,35.6
261,349290,2013,11,16,37.0,44.6,26.6
262,349290,2013,11,17,40.0,48.2,35.6
263,349290,2013,12,31,34.2,37.4,32.0
264,349290,2013,3,1,42.0,53.6,28.4
265,349290,2013,3,30,44.4,57.2,33.8
266,349290,2013,4,1,62.8,82.4,46.4
267,349290,2013,4,6,58.3,69.8,46.4
268,349290,2013,4,27,59.5,75.2,41.0
269,349290,2013,4,30,69.8,82.4,55.4
270,349290,2013,5,20,71.2,82.4,57.2
271,349290,2013,6,10,72.9,87.8,59.0
272,349290,2013,6,20,69.1,78.8,59.0
273,349290,2013,6,25,76.1,87.8,60.8
274,349290,2013,6,29,79.5,93.2,69.8
275,349290,2013,8,7,74.6,86.0,64.4
276,349290,2013,8,18,78.5,93.2,64.4
277,349290,2013,9,12,65.6,77.0,53.6
278,349290,2013,9,30,47.5,55.4,35.6
279,349290,2013,10,6,42.6,44.6,39.2
280,349290,2013,10,21,48.8,62.6,35.6
281,349290,2013,10,30,54.1,68.0,42.8
282,349290,2013,12,18,27.1,41.0,15.8
283,349290,2013,1,17,38.4,51.8,30.2
284,349290,2013,2,13,41.0,48.2,33.8
285,349290,2013,2,20,40.8,48.2,33.8
286,349290,2013,4,17,48.7,53.6,42.8
287,349290,2013,5,1,72.7,86.0,57.2
288,349290,2013,5,8,67.8,78.8,53.6
289,349290,2013,6,26,79.1,89.6,66.2
290,349290,2013,7,18,79.1,91.4,66.2
291,349290,2013,7,25,74.3,82.4,68.0
292,349290,2013,8,31,73.0,82.4,64.4
293,349290,2013,10,5,46.9,55.4,42.8
294,349290,2013,12,25,34.4,44.6,28.4
295,349290,2013,2,7,46.0,62.6,35.6
296,349290,2013,2,28,37.3,50.0,26.6
297,349290,2013,5,29,71.2,84.2,53.6
298,349290,2013,6,1,70.1,84.2,59.0
299,349290,2013,6,18,76.5,87.8,62.6
300,349290,2013,6,19,73.1,82.4,59.0
301,349290,2013,7,7,79.9,91.4,66.2
302,349290,2013,7,24,74.5,86.0,64.4
303,349290,2013,8,26,74.4,87.8,62.6
304,349290,2013,10,28,54.9,64.4,46.4
305,349290,2013,11,6,55.8,75.2,44.6
306,349290,2013,12,30,31.6,32.0,30.2
307,349290,2013,1,28,43.0,51.8,37.4
308,349290,2013,2,18,35.7,39.2,33.8
309,349290,2013,3,3,37.2,46.4,32.0
310,349290,2013,3,24,34.7,41.0,28.4
311,349290,2013,6,4,63.4,68.0,60.8
312,349290,2013,9,3,71.0,82.4,59.0
313,349290,2013,10,3,52.4,57.2,42.8
314,349290,2013,1,29,39.2,42.8,35.6
315,349290,2013,2,19,34.9,39.2,32.0
316,349290,2013,3,26,37.0,42.8,28.4
317,349290,2013,6,21,71.7,82.4,57.2
318,349290,2013,7,31,71.3,84.2,62.6
319,349290,2013,9,24,56.9,60.8,51.8
320,349290,2013,10,2,52.2,53.6,50.0
321,349290,2013,6,15,77.1,87.8,68.0
322,349290,2013,2,1,40.1,46.4,35.6
323,349290,2013,9,6,61.6,68.0,53.6
324,349290,2013,9,8,61.2,68.0,55.4
325,349290,2013,9,25,52.4,62.6,48.2
326,349290,2013,11,8,47.0,57.2,35.6
327,349290,2013,11,13,49.0,50.0,46.4
328,349290,2013,12,11,19.4,23.0,15.8
329,349290,2013,3,29,34.1,35.6,32.0
330,349290,2013,5,24,74.9,89.6,62.6
331,349290,2013,5,28,69.7,80.6,57.2
332,349290,2013,6,7,67.2,75.2,60.8
333,349290,2013,7,2,70.3,77.0,66.2
334,349290,2013,9,7,61.5,73.4,57.2
335,349290,2013,10,17,60.3,71.6,50.0
336,349290,2013,11,21,42.1,48.2,32.0
337,349290,2013,3,31,56.7,75.2,39.2
338,349290,2013,7,23,73.0,84.2,59.0
339,349290,2013,10,24,45.0,57.2,35.6
340,349290,2013,2,14,42.7,53.6,32.0
341,349290,2013,4,8,56.5,71.6,48.2
342,349290,2013,5,21,70.5,84.2,51.8
343,349290,2013,7,10,77.2,87.8,64.4
344,349290,2013,7,19,76.7,87.8,66.2
345,349290,2013,10,13,51.3,57.2,44.6
346,349290,2013,1,15,29.4,37.4,21.2
347,349290,2013,1,31,37.9,42.8,33.8
348,349290,2013,2,27,36.3,48.2,28.4
349,349290,2013,5,12,65.4,73.4,59.0
350,349290,2013,5,27,72.1,86.0,59.0
351,349290,2013,7,28,72.7,84.2,60.8
352,349290,2013,8,9,75.5,86.0,60.8
353,349290,2013,8,19,77.8,89.6,64.4
354,349290,2013,8,27,75.1,89.6,59.0
355,349290,2013,11,1,51.9,60.8,42.8
356,349290,2013,1,16,30.7,42.8,23.0
357,349290,2013,5,2,71.4,84.2,55.4
358,349290,2013,5,15,65.7,71.6,59.0
359,349290,2013,5,17,67.4,77.0,57.2
360,349290,2013,7,20,77.5,87.8,64.4
361,349290,2013,8,10,76.6,87.8,62.6
362,349290,2013,8,28,79.3,93.2,64.4
363,349290,2013,10,4,47.5,53.6,44.6
364,349290,2013,11,28,37.7,41.0,33.8
0,349290,2014,1,11,44.8,50.0,37.4
1,349290,2014,1,17,40.5,46.4,32.0
2,349290,2014,1,22,36.3,44.6,32.0
3,349290,2014,1,24,23.9,28.4,12.2
4,349290,2014,1,29,18.0,23.0,10.4
5,349290,2014,1,30,7.1,10.4,5.0
6,349290,2014,2,9,37.1,41.0,33.8
7,349290,2014,2,28,43.8,50.0,41.0
8,349290,2014,3,10,37.3,39.2,35.6
9,349290,2014,4,1,48.2,57.2,35.6
10,349290,2014,4,5,47.3,55.4,33.8
11,349290,2014,4,9,50.9,60.8,39.2
12,349290,2014,4,13,51.1,57.2,44.6
13,349290,2014,4,23,57.6,64.4,50.0
14,349290,2014,4,24,59.2,73.4,50.0
15,349290,2014,4,29,59.1,66.2,55.4
16,349290,2014,5,18,69.4,78.8,60.8
17,349290,2014,5,19,63.0,68.0,57.2
18,349290,2014,5,26,66.7,71.6,64.4
19,349290,2014,6,11,66.7,77.0,60.8
20,349290,2014,6,26,71.2,82.4,62.6
21,349290,2014,7,3,78.1,87.8,68.0
22,349290,2014,9,9,68.5,75.2,64.4
23,349290,2014,10,17,57.7,62.6,48.2
24,349290,2014,10,18,52.4,57.2,42.8
25,349290,2014,10,25,32.1,35.6,28.4
26,349290,2014,11,2,37.8,42.8,30.2
27,349290,2014,12,17,40.2,46.4,33.8
28,349290,2014,12,21,49.3,53.6,42.8
29,349290,2014,12,28,41.3,59.0,33.8
30,349290,2014,12,29,44.7,55.4,33.8
31,349290,2014,7,13,78.2,80.6,75.2
32,349290,2014,7,12,80.6,93.2,69.8
33,349290,2014,1,5,33.2,42.8,26.6
34,349290,2014,2,8,29.7,37.4,21.2
35,349290,2014,2,13,41.0,55.4,32.0
36,349290,2014,2,17,43.8,50.0,32.0
37,349290,2014,2,19,41.3,50.0,33.8
38,349290,2014,3,6,51.3,64.4,42.8
39,349290,2014,3,13,39.6,44.6,32.0
40,349290,2014,4,16,58.1,71.6,44.6
41,349290,2014,4,21,56.8,66.2,46.4
42,349290,2014,4,25,55.5,64.4,46.4
43,349290,2014,4,30,60.6,69.8,50.0
44,349290,2014,5,16,77.1,91.4,62.6
45,349290,2014,5,21,69.7,78.8,59.0
46,349290,2014,6,6,72.6,82.4,64.4
47,349290,2014,6,8,73.6,84.2,60.8
48,349290,2014,6,9,73.6,84.2,62.6
49,349290,2014,6,14,68.8,77.0,60.8
50,349290,2014,7,2,78.6,89.6,66.2
51,349290,2014,7,20,76.0,86.0,66.2
52,349290,2014,7,29,77.5,89.6,66.2
53,349290,2014,8,1,80.4,93.2,69.8
54,349290,2014,8,5,81.5,93.2,64.4
55,349290,2014,8,10,81.6,93.2,69.8
56,349290,2014,8,15,84.7,98.6,69.8
57,349290,2014,8,23,75.7,89.6,60.8
58,349290,2014,9,5,77.8,87.8,68.0
59,349290,2014,9,15,70.4,80.6,59.0
60,349290,2014,9,17,66.8,78.8,55.4
61,349290,2014,9,27,60.3,68.0,48.2
62,349290,2014,9,28,61.4,69.8,50.0
63,349290,2014,10,2,50.3,62.6,41.0
64,349290,2014,10,5,53.6,66.2,41.0
65,349290,2014,10,11,51.5,69.8,37.4
66,349290,2014,10,19,38.8,41.0,33.8
67,349290,2014,11,6,42.9,62.6,28.4
68,349290,2014,11,8,43.4,60.8,32.0
69,349290,2014,11,12,42.0,55.4,30.2
70,349290,2014,12,9,41.2,51.8,33.8
71,349290,2014,12,16,40.9,44.6,39.2
72,349290,2014,12,20,46.2,51.8,39.2
73,349290,2014,12,31,25.3,28.4,21.2
74,349290,2014,8,6,77.2,87.8,66.2
75,349290,2014,1,13,38.8,44.6,32.0
76,349290,2014,1,16,41.6,53.6,28.4
77,349290,2014,1,18,43.7,51.8,30.2
78,349290,2014,1,31,6.0,10.4,1.4
79,349290,2014,2,18,42.8,50.0,33.8
80,349290,2014,2,27,45.4,50.0,41.0
81,349290,2014,3,11,36.6,37.4,35.6
82,349290,2014,3,12,37.7,41.0,32.0
83,349290,2014,3,17,41.0,44.6,37.4
84,349290,2014,3,29,34.4,48.2,26.6
85,349290,2014,4,4,46.9,55.4,28.4
86,349290,2014,4,7,49.6,64.4,33.8
87,349290,2014,4,8,49.1,55.4,39.2
88,349290,2014,4,22,56.4,62.6,50.0
89,349290,2014,5,10,68.8,86.0,55.4
90,349290,2014,5,11,67.8,78.8,57.2
91,349290,2014,5,12,65.4,71.6,59.0
92,349290,2014,5,23,69.0,78.8,62.6
93,349290,2014,5,27,68.1,75.2,62.6
94,349290,2014,6,13,67.7,78.8,55.4
95,349290,2014,6,19,70.8,77.0,64.4
96,349290,2014,6,20,74.4,86.0,60.8
97,349290,2014,6,21,69.9,77.0,64.4
98,349290,2014,6,23,66.7,73.4,59.0
99,349290,2014,6,28,67.4,75.2,60.8
100,349290,2014,7,19,75.5,86.0,66.2
101,349290,2014,9,11,68.5,73.4,62.6
102,349290,2014,9,23,66.6,78.8,51.8
103,349290,2014,9,24,59.3,68.0,51.8
104,349290,2014,10,16,61.9,69.8,57.2
105,349290,2014,10,24,39.1,44.6,32.0
106,349290,2014,11,1,48.1,55.4,42.8
107,349290,2014,12,1,29.8,32.0,26.6
108,349290,2014,12,10,42.6,48.2,35.6
109,349290,2014,12,12,46.9,51.8,39.2
110,349290,2014,12,24,50.2,53.6,44.6
111,349290,2014,1,14,33.5,39.2,26.6
112,349290,2014,1,28,28.9,33.8,23.0
113,349290,2014,3,1,45.5,53.6,39.2
114,349290,2014,3,8,42.9,51.8,35.6
115,349290,2014,3,16,46.6,60.8,37.4
116,349290,2014,4,19,67.2,80.6,55.4
117,349290,2014,5,8,61.8,71.6,55.4
118,349290,2014,5,25,69.6,80.6,62.6
119,349290,2014,5,28,69.2,78.8,59.0
120,349290,2014,6,4,69.7,78.8,62.6
121,349290,2014,6,27,73.1,82.4,62.6
122,349290,2014,7,4,73.8,80.6,68.0
123,349290,2014,7,5,69.9,73.4,66.2
124,349290,2014,7,6,69.7,75.2,64.4
125,349290,2014,7,8,70.5,78.8,64.4
126,349290,2014,7,9,71.7,78.8,64.4
127,349290,2014,7,25,73.3,80.6,66.2
128,349290,2014,9,20,53.3,55.4,51.8
129,349290,2014,9,21,57.5,64.4,51.8
130,349290,2014,9,25,54.0,57.2,51.8
131,349290,2014,9,26,57.6,64.4,50.0
132,349290,2014,10,21,55.1,62.6,44.6
133,349290,2014,11,30,37.4,42.8,32.0
134,349290,2014,12,3,20.9,26.6,17.6
135,349290,2014,12,11,46.9,53.6,39.2
136,349290,2014,12,13,39.3,46.4,30.2
137,349290,2014,12,23,42.0,44.6,37.4
138,349290,2014,8,7,77.4,86.0,64.4
139,349290,2014,1,1,36.5,42.8,32.0
140,349290,2014,1,2,31.3,41.0,24.8
141,349290,2014,1,3,32.2,42.8,24.8
142,349290,2014,1,8,34.2,37.4,32.0
143,349290,2014,1,19,39.4,50.0,32.0
144,349290,2014,2,4,15.5,24.8,10.4
145,349290,2014,2,25,41.8,51.8,37.4
146,349290,2014,3,24,54.4,71.6,37.4
147,349290,2014,3,26,56.7,75.2,39.2
148,349290,2014,3,31,42.6,50.0,33.8
149,349290,2014,4,10,56.9,69.8,44.6
150,349290,2014,4,15,55.6,64.4,46.4
151,349290,2014,4,27,57.8,68.0,48.2
152,349290,2014,5,4,64.4,75.2,48.2
153,349290,2014,5,13,63.3,73.4,55.4
154,349290,2014,5,17,78.7,93.2,62.6
155,349290,2014,6,30,75.7,86.0,60.8
156,349290,2014,7,27,80.3,87.8,71.6
157,349290,2014,7,30,77.8,87.8,68.0
158,349290,2014,8,4,83.7,95.0,71.6
159,349290,2014,8,9,81.7,93.2,68.0
160,349290,2014,8,22,77.8,91.4,66.2
161,349290,2014,9,6,78.3,89.6,68.0
162,349290,2014,9,10,72.0,80.6,64.4
163,349290,2014,10,4,52.2,66.2,39.2
164,349290,2014,10,7,51.6,60.8,44.6
165,349290,2014,10,20,44.1,53.6,32.0
166,349290,2014,10,27,35.7,46.4,23.0
167,349290,2014,11,4,33.6,42.8,26.6
168,349290,2014,11,5,38.9,57.2,23.0
169,349290,2014,11,7,41.8,55.4,30.2
170,349290,2014,12,5,28.6,39.2,21.2
171,349290,2014,12,6,26.9,35.6,17.6
172,349290,2014,12,27,46.5,55.4,39.2
173,349290,2014,1,4,32.1,41.0,24.8
174,349290,2014,1,25,15.0,19.4,10.4
175,349290,2014,2,3,18.6,26.6,12.2
176,349290,2014,2,5,18.6,32.0,6.8
177,349290,2014,2,6,18.4,26.6,8.6
178,349290,2014,2,14,42.9,60.8,32.0
179,349290,2014,2,16,35.4,37.4,33.8
180,349290,2014,3,22,47.8,62.6,33.8
181,349290,2014,3,23,50.4,68.0,33.8
182,349290,2014,3,30,33.5,41.0,24.8
183,349290,2014,4,20,57.9,66.2,46.4
184,349290,2014,4,26,52.3,57.2,46.4
185,349290,2014,4,28,59.4,71.6,48.2
186,349290,2014,5,14,66.0,75.2,53.6
187,349290,2014,5,22,68.5,77.0,59.0
188,349290,2014,5,30,74.2,84.2,59.0
189,349290,2014,7,10,75.2,84.2,62.6
190,349290,2014,7,11,80.5,91.4,66.2
191,349290,2014,7,14,75.5,86.0,69.8
192,349290,2014,7,16,80.4,91.4,69.8
193,349290,2014,7,24,81.5,95.0,66.2
194,349290,2014,8,13,79.2,91.4,66.2
195,349290,2014,8,16,83.5,93.2,71.6
196,349290,2014,8,19,74.8,80.6,68.0
197,349290,2014,8,26,76.7,87.8,64.4
198,349290,2014,8,27,78.2,93.2,62.6
199,349290,2014,8,28,79.2,91.4,64.4
200,349290,2014,9,1,78.7,89.6,68.0
201,349290,2014,9,2,79.5,89.6,69.8
202,349290,2014,9,16,64.8,75.2,55.4
203,349290,2014,9,30,56.9,71.6,41.0
204,349290,2014,10,8,51.2,62.6,44.6
205,349290,2014,10,10,54.8,71.6,42.8
206,349290,2014,10,22,59.0,69.8,42.8
207,349290,2014,10,23,54.9,71.6,42.8
208,349290,2014,10,29,44.5,57.2,35.6
209,349290,2014,10,30,46.9,60.8,35.6
210,349290,2014,11,9,43.4,59.0,30.2
211,349290,2014,11,13,40.8,57.2,28.4
212,349290,2014,11,16,42.9,48.2,37.4
213,349290,2014,11,21,38.8,46.4,35.6
214,349290,2014,11,24,28.3,41.0,21.2
215,349290,2014,11,25,30.5,37.4,24.8
216,349290,2014,11,26,32.0,41.0,24.8
217,349290,2014,11,28,35.0,39.2,28.4
218,349290,2014,12,2,27.3,30.2,21.2
219,349290,2014,12,4,25.8,35.6,15.8
220,349290,2014,12,7,31.6,39.2,24.8
221,349290,2014,12,14,33.2,39.2,30.2
222,349290,2014,1,21,31.2,33.8,30.2
223,349290,2014,1,23,33.2,37.4,28.4
224,349290,2014,2,10,41.1,50.0,35.6
225,349290,2014,2,11,43.2,53.6,35.6
226,349290,2014,2,26,41.4,46.4,35.6
227,349290,2014,3,5,49.7,60.8,41.0
228,349290,2014,3,9,42.9,53.6,37.4
229,349290,2014,3,18,44.5,53.6,35.6
230,349290,2014,3,27,51.6,59.0,41.0
231,349290,2014,3,28,49.3,59.0,37.4
232,349290,2014,4,14,52.0,59.0,46.4
233,349290,2014,5,2,59.2,68.0,48.2
234,349290,2014,5,5,65.1,75.2,57.2
235,349290,2014,5,9,61.7,68.0,55.4
236,349290,2014,5,31,75.7,84.2,68.0
237,349290,2014,6,1,72.8,78.8,66.2
238,349290,2014,6,3,67.4,75.2,62.6
239,349290,2014,6,7,73.2,86.0,64.4
240,349290,2014,6,15,66.5,73.4,59.0
241,349290,2014,7,18,76.6,86.0,69.8
242,349290,2014,10,15,60.2,73.4,46.4
243,349290,2014,11,18,41.5,44.6,35.6
244,349290,2014,11,27,34.3,39.2,30.2
245,349290,2014,11,29,35.2,41.0,30.2
246,349290,2014,12,19,46.4,55.4,42.8
247,349290,2014,12,26,45.6,51.8,41.0
248,349290,2014,12,30,35.5,50.0,28.4
249,349290,2014,1,7,38.7,48.2,33.8
250,349290,2014,1,12,42.0,48.2,33.8
251,349290,2014,1,20,31.0,32.0,30.2
252,349290,2014,1,26,20.1,24.8,15.8
253,349290,2014,1,27,28.3,32.0,21.2
254,349290,2014,2,20,51.9,60.8,42.8
255,349290,2014,2,21,41.8,50.0,33.8
256,349290,2014,3,4,48.7,57.2,41.0
257,349290,2014,3,20,49.7,57.2,44.6
258,349290,2014,4,2,37.5,44.6,28.4
259,349290,2014,4,12,54.1,68.0,44.6
260,349290,2014,5,1,60.5,73.4,48.2
261,349290,2014,5,6,58.5,66.2,50.0
262,349290,2014,5,20,67.4,77.0,57.2
263,349290,2014,6,2,70.2,78.8,66.2
264,349290,2014,6,10,74.1,86.0,66.2
265,349290,2014,6,12,64.6,71.6,57.2
266,349290,2014,6,22,66.4,77.0,60.8
267,349290,2014,7,7,72.3,84.2,62.6
268,349290,2014,7,17,77.6,86.0,66.2
269,349290,2014,7,22,75.5,87.8,66.2
270,349290,2014,8,12,78.2,93.2,66.2
271,349290,2014,9,7,75.5,84.2,68.0
272,349290,2014,9,8,73.9,86.0,66.2
273,349290,2014,9,19,58.2,62.6,53.6
274,349290,2014,12,18,45.0,53.6,37.4
275,349290,2014,12,22,37.7,42.8,33.8
276,349290,2014,1,6,35.1,44.6,28.4
277,349290,2014,1,10,43.9,51.8,35.6
278,349290,2014,2,7,22.0,32.0,14.0
279,349290,2014,2,15,39.1,55.4,30.2
280,349290,2014,2,22,38.1,46.4,32.0
281,349290,2014,2,23,38.6,48.2,32.0
282,349290,2014,2,24,39.6,48.2,32.0
283,349290,2014,3,3,50.0,60.8,42.8
284,349290,2014,3,21,47.1,55.4,35.6
285,349290,2014,4,3,38.2,48.2,28.4
286,349290,2014,4,11,51.3,64.4,42.8
287,349290,2014,4,17,63.1,73.4,48.2
288,349290,2014,4,18,65.3,77.0,55.4
289,349290,2014,5,3,60.1,73.4,46.4
290,349290,2014,5,7,58.4,66.2,48.2
291,349290,2014,5,15,71.8,82.4,62.6
292,349290,2014,5,29,71.2,82.4,59.0
293,349290,2014,6,5,73.3,84.2,62.6
294,349290,2014,6,16,70.1,80.6,57.2
295,349290,2014,6,17,72.5,82.4,57.2
296,349290,2014,7,1,77.0,87.8,66.2
297,349290,2014,7,21,76.6,86.0,66.2
298,349290,2014,7,23,79.2,91.4,64.4
299,349290,2014,7,26,81.6,93.2,64.4
300,349290,2014,8,14,83.4,98.6,66.2
301,349290,2014,8,17,84.1,95.0,71.6
302,349290,2014,8,18,82.7,93.2,71.6
303,349290,2014,8,20,73.7,84.2,62.6
304,349290,2014,8,29,69.8,80.6,57.2
305,349290,2014,8,30,69.4,82.4,53.6
306,349290,2014,9,3,81.0,93.2,69.8
307,349290,2014,9,12,68.0,77.0,60.8
308,349290,2014,9,13,63.7,73.4,55.4
309,349290,2014,9,14,63.5,71.6,53.6
310,349290,2014,9,22,62.2,73.4,53.6
311,349290,2014,10,1,58.7,69.8,44.6
312,349290,2014,10,6,54.7,64.4,46.4
313,349290,2014,10,14,60.3,73.4,46.4
314,349290,2014,10,31,44.0,53.6,35.6
315,349290,2014,11,10,47.8,62.6,33.8
316,349290,2014,11,11,46.7,57.2,39.2
317,349290,2014,11,14,42.9,59.0,32.0
318,349290,2014,11,17,39.3,46.4,33.8
319,349290,2014,11,20,43.5,53.6,37.4
320,349290,2014,11,23,29.1,35.6,23.0
321,349290,2014,12,25,53.2,57.2,48.2
322,349290,2014,1,9,40.0,50.0,32.0
323,349290,2014,1,15,32.6,41.0,23.0
324,349290,2014,2,1,8.4,17.6,1.4
325,349290,2014,2,2,15.7,26.6,6.8
326,349290,2014,2,12,42.5,55.4,33.8
327,349290,2014,3,2,47.1,55.4,41.0
328,349290,2014,3,7,43.5,53.6,37.4
329,349290,2014,3,14,45.6,55.4,35.6
330,349290,2014,3,15,48.0,55.4,41.0
331,349290,2014,3,19,48.5,59.0,32.0
332,349290,2014,3,25,55.4,71.6,41.0
333,349290,2014,4,6,42.1,55.4,30.2
334,349290,2014,5,24,72.6,84.2,60.8
335,349290,2014,6,18,73.7,84.2,60.8
336,349290,2014,6,24,70.8,80.6,60.8
337,349290,2014,6,25,73.3,84.2,57.2
338,349290,2014,6,29,71.7,82.4,59.0
339,349290,2014,7,15,77.9,87.8,68.0
340,349290,2014,7,28,77.1,86.0,66.2
341,349290,2014,7,31,78.4,89.6,66.2
342,349290,2014,8,2,83.3,95.0,71.6
343,349290,2014,8,3,84.7,95.0,73.4
344,349290,2014,8,8,78.9,89.6,64.4
345,349290,2014,8,11,80.3,91.4,68.0
346,349290,2014,8,21,76.6,89.6,62.6
347,349290,2014,8,24,75.8,87.8,59.0
348,349290,2014,8,25,79.8,93.2,69.8
349,349290,2014,8,31,74.1,87.8,53.6
350,349290,2014,9,4,78.7,86.0,71.6
351,349290,2014,9,18,62.9,71.6,53.6
352,349290,2014,9,29,59.5,71.6,46.4
353,349290,2014,10,3,49.7,62.6,35.6
354,349290,2014,10,9,53.4,69.8,37.4
355,349290,2014,10,12,53.4,71.6,37.4
356,349290,2014,10,13,58.1,73.4,42.8
357,349290,2014,10,26,29.3,37.4,24.8
358,349290,2014,10,28,42.7,53.6,35.6
359,349290,2014,11,3,33.6,39.2,28.4
360,349290,2014,11,15,40.5,50.0,32.0
361,349290,2014,11,19,47.0,55.4,39.2
362,349290,2014,11,22,33.7,39.2,28.4
363,349290,2014,12,8,40.4,53.6,33.8
364,349290,2014,12,15,38.4,42.8,33.8
0,349290,2015,1,3,40.5,46.4,33.8
1,349290,2015,1,4,37.5,42.8,32.0
2,349290,2015,1,10,36.6,39.2,33.8
3,349290,2015,1,26,39.1,44.6,35.6
4,349290,2015,2,5,40.2,48.2,32.0
5,349290,2015,2,9,37.1,44.6,33.8
6,349290,2015,2,28,42.9,48.2,37.4
7,349290,2015,3,4,39.7,46.4,32.0
8,349290,2015,3,7,36.9,41.0,30.2
9,349290,2015,3,21,44.7,51.8,35.6
10,349290,2015,4,4,43.5,50.0,37.4
11,349290,2015,4,14,52.5,62.6,42.8
12,349290,2015,4,19,51.5,60.8,41.0
13,349290,2015,4,20,46.6,51.8,39.2
14,349290,2015,5,6,57.7,66.2,50.0
15,349290,2015,5,8,58.3,68.0,44.6
16,349290,2015,5,30,66.8,77.0,59.0
17,349290,2015,6,16,70.4,82.4,64.4
18,349290,2015,6,17,70.8,77.0,68.0
19,349290,2015,6,24,74.7,84.2,66.2
20,349290,2015,8,24,71.1,80.6,64.4
21,349290,2015,9,7,74.5,84.2,64.4
22,349290,2015,9,14,67.0,78.8,59.0
23,349290,2015,10,2,65.4,71.6,59.0
24,349290,2015,10,14,51.0,55.4,46.4
25,349290,2015,10,23,54.6,60.8,48.2
26,349290,2015,11,10,47.9,53.6,44.6
27,349290,2015,11,16,46.4,53.6,39.2
28,349290,2015,11,19,45.8,50.0,41.0
29,349290,2015,11,27,43.2,44.6,41.0
30,349290,2015,1,2,29.7,39.2,17.6
31,349290,2015,1,15,28.9,37.4,19.4
32,349290,2015,1,27,38.4,48.2,32.0
33,349290,2015,2,15,34.3,46.4,26.6
34,349290,2015,2,22,32.9,46.4,19.4
35,349290,2015,2,23,37.8,51.8,24.8
36,349290,2015,3,16,44.4,57.2,37.4
37,349290,2015,3,18,42.1,55.4,30.2
38,349290,2015,3,31,48.6,60.8,39.2
39,349290,2015,4,9,47.1,51.8,41.0
40,349290,2015,4,12,49.9,60.8,39.2
41,349290,2015,4,13,52.5,64.4,37.4
42,349290,2015,4,22,42.6,51.8,32.0
43,349290,2015,4,24,49.4,60.8,35.6
44,349290,2015,5,10,59.0,68.0,50.0
45,349290,2015,5,11,60.3,69.8,50.0
46,349290,2015,5,15,64.1,73.4,53.6
47,349290,2015,5,16,65.1,75.2,59.0
48,349290,2015,5,18,64.2,75.2,50.0
49,349290,2015,5,23,71.4,82.4,57.2
50,349290,2015,6,1,67.3,77.0,59.0
51,349290,2015,6,5,73.9,82.4,64.4
52,349290,2015,6,9,70.5,80.6,59.0
53,349290,2015,7,1,72.9,82.4,62.6
54,349290,2015,7,9,84.4,95.0,69.8
55,349290,2015,7,16,72.4,82.4,62.6
56,349290,2015,7,19,71.2,80.6,59.0
57,349290,2015,7,23,75.0,87.8,57.2
58,349290,2015,7,25,85.4,98.6,68.0
59,349290,2015,7,31,85.9,100.4,68.0
60,349290,2015,8,1,86.5,96.8,75.2
61,349290,2015,8,2,80.2,89.6,69.8
62,349290,2015,8,7,81.1,91.4,71.6
63,349290,2015,8,17,79.6,87.8,68.0
64,349290,2015,8,25,70.2,78.8,64.4
65,349290,2015,9,4,81.2,96.8,64.4
66,349290,2015,9,19,68.5,84.2,51.8
67,349290,2015,9,26,71.5,84.2,60.8
68,349290,2015,10,17,48.2,60.8,39.2
69,349290,2015,10,19,53.1,64.4,44.6
70,349290,2015,10,20,51.6,64.4,39.2
71,349290,2015,10,30,40.5,50.0,32.0
72,349290,2015,11,5,50.2,62.6,37.4
73,349290,2015,11,7,49.1,57.2,42.8
74,349290,2015,11,23,57.2,73.4,44.6
75,349290,2015,11,24,53.3,62.6,46.4
76,349290,2015,11,25,55.8,64.4,48.2
77,349290,2015,11,26,51.0,55.4,46.4
78,349290,2015,12,5,35.5,44.6,32.0
79,349290,2015,12,9,36.8,42.8,30.2
80,349290,2015,12,12,36.4,41.0,28.4
81,349290,2015,12,18,30.1,41.0,21.2
82,349290,2015,12,21,47.9,53.6,42.8
83,349290,2015,1,20,42.3,46.4,39.2
84,349290,2015,2,3,49.0,53.6,44.6
85,349290,2015,2,4,39.7,46.4,28.4
86,349290,2015,2,14,37.0,44.6,30.2
87,349290,2015,2,17,18.8,21.2,14.0
88,349290,2015,3,2,38.8,41.0,33.8
89,349290,2015,3,12,47.2,50.0,44.6
90,349290,2015,3,24,35.1,41.0,30.2
91,349290,2015,3,29,50.0,60.8,41.0
92,349290,2015,4,7,51.0,60.8,44.6
93,349290,2015,4,15,47.6,53.6,42.8
94,349290,2015,4,16,51.7,57.2,44.6
95,349290,2015,4,27,61.2,77.0,42.8
96,349290,2015,5,3,60.0,71.6,46.4
97,349290,2015,5,9,59.4,68.0,53.6
98,349290,2015,5,31,62.7,64.4,59.0
99,349290,2015,6,4,70.9,82.4,62.6
100,349290,2015,7,2,74.4,84.2,60.8
101,349290,2015,7,5,78.0,87.8,69.8
102,349290,2015,7,11,70.5,78.8,59.0
103,349290,2015,7,27,80.4,93.2,71.6
104,349290,2015,10,1,68.1,71.6,64.4
105,349290,2015,10,22,50.8,53.6,46.4
106,349290,2015,11,9,48.9,53.6,41.0
107,349290,2015,11,13,50.8,55.4,41.0
108,349290,2015,12,1,46.2,50.0,41.0
109,349290,2015,12,23,46.1,51.8,39.2
110,349290,2015,12,24,49.9,53.6,41.0
111,349290,2015,1,8,-1.2,5.0,-14.8
112,349290,2015,1,12,40.6,51.8,32.0
113,349290,2015,1,28,39.0,46.4,33.8
114,349290,2015,2,12,35.9,39.2,32.0
115,349290,2015,2,16,26.4,28.4,21.2
116,349290,2015,3,17,39.7,48.2,32.0
117,349290,2015,3,23,40.1,53.6,32.0
118,349290,2015,4,2,49.0,57.2,41.0
119,349290,2015,4,8,48.0,53.6,44.6
120,349290,2015,4,21,42.9,46.4,33.8
121,349290,2015,4,29,62.9,75.2,50.0
122,349290,2015,6,10,74.6,86.0,62.6
123,349290,2015,6,15,72.0,82.4,66.2
124,349290,2015,6,22,73.9,86.0,62.6
125,349290,2015,7,3,72.1,78.8,68.0
126,349290,2015,7,10,78.2,82.4,73.4
127,349290,2015,9,8,65.9,68.0,64.4
128,349290,2015,11,11,50.5,53.6,46.4
129,349290,2015,11,28,44.6,50.0,41.0
130,349290,2015,11,29,49.7,57.2,44.6
131,349290,2015,12,6,45.0,46.4,42.8
132,349290,2015,12,20,44.8,46.4,41.0
133,349290,2015,12,28,44.7,53.6,41.0
134,349290,2015,12,29,34.5,51.8,23.0
135,349290,2015,1,13,32.5,41.0,19.4
136,349290,2015,1,23,38.7,48.2,33.8
137,349290,2015,2,6,41.5,48.2,33.8
138,349290,2015,2,21,23.7,33.8,14.0
139,349290,2015,2,24,40.4,55.4,30.2
140,349290,2015,3,6,42.9,51.8,32.0
141,349290,2015,3,22,47.4,57.2,33.8
142,349290,2015,3,27,56.5,71.6,41.0
143,349290,2015,4,25,52.9,64.4,39.2
144,349290,2015,5,1,58.1,66.2,48.2
145,349290,2015,5,5,56.0,64.4,46.4
146,349290,2015,5,25,74.2,86.0,64.4
147,349290,2015,6,3,72.7,82.4,62.6
148,349290,2015,6,8,72.4,84.2,59.0
149,349290,2015,6,18,73.7,82.4,64.4
150,349290,2015,6,27,73.5,78.8,66.2
151,349290,2015,7,8,81.0,91.4,68.0
152,349290,2015,7,12,68.0,78.8,57.2
153,349290,2015,7,20,73.9,86.0,59.0
154,349290,2015,7,24,81.1,95.0,60.8
155,349290,2015,8,6,84.0,96.8,69.8
156,349290,2015,8,8,81.6,91.4,71.6
157,349290,2015,8,15,82.6,93.2,73.4
158,349290,2015,8,20,71.9,80.6,64.4
159,349290,2015,8,22,75.7,86.0,66.2
160,349290,2015,8,23,73.2,82.4,64.4
161,349290,2015,8,31,70.6,84.2,53.6
162,349290,2015,9,2,77.8,91.4,62.6
163,349290,2015,9,11,72.9,80.6,64.4
164,349290,2015,9,18,70.0,84.2,57.2
165,349290,2015,9,28,72.3,86.0,57.2
166,349290,2015,9,29,71.7,86.0,59.0
167,349290,2015,10,18,50.2,66.2,35.6
168,349290,2015,11,2,40.2,53.6,26.6
169,349290,2015,11,4,49.9,62.6,39.2
170,349290,2015,11,22,59.4,69.8,48.2
171,349290,2015,12,10,32.7,39.2,26.6
172,349290,2015,12,19,39.5,46.4,30.2
173,349290,2015,1,31,46.8,57.2,33.8
174,349290,2015,2,1,59.3,64.4,48.2
175,349290,2015,3,10,43.8,60.8,28.4
176,349290,2015,3,20,45.2,55.4,32.0
177,349290,2015,3,25,45.3,59.0,28.4
178,349290,2015,3,26,53.3,69.8,32.0
179,349290,2015,4,6,50.6,62.6,35.6
180,349290,2015,4,26,57.1,73.4,33.8
181,349290,2015,5,2,56.5,66.2,48.2
182,349290,2015,5,17,61.8,69.8,53.6
183,349290,2015,5,19,64.2,77.0,50.0
184,349290,2015,5,22,73.3,84.2,60.8
185,349290,2015,5,24,71.3,80.6,59.0
186,349290,2015,5,28,73.6,86.0,66.2
187,349290,2015,6,2,70.6,80.6,59.0
188,349290,2015,6,30,73.0,82.4,60.8
189,349290,2015,7,14,73.2,84.2,59.0
190,349290,2015,7,26,85.6,96.8,75.2
191,349290,2015,8,3,85.3,98.6,69.8
192,349290,2015,8,4,85.9,96.8,77.0
193,349290,2015,8,11,85.3,96.8,69.8
194,349290,2015,8,12,86.8,96.8,77.0
195,349290,2015,8,13,77.7,84.2,71.6
196,349290,2015,8,14,83.9,96.8,69.8
197,349290,2015,8,26,70.3,82.4,57.2
198,349290,2015,8,28,70.2,84.2,53.6
199,349290,2015,9,6,79.5,93.2,68.0
200,349290,2015,9,12,68.0,73.4,62.6
201,349290,2015,9,15,65.8,77.0,55.4
202,349290,2015,9,17,69.1,82.4,59.0
203,349290,2015,9,20,72.0,89.6,55.4
204,349290,2015,9,22,78.7,89.6,66.2
205,349290,2015,10,3,63.8,75.2,51.8
206,349290,2015,10,4,62.1,77.0,50.0
207,349290,2015,10,5,61.0,77.0,46.4
208,349290,2015,10,8,41.0,51.8,33.8
209,349290,2015,10,9,45.5,55.4,32.0
210,349290,2015,11,14,46.6,53.6,39.2
211,349290,2015,12,7,49.4,55.4,44.6
212,349290,2015,12,16,33.0,39.2,23.0
213,349290,2015,12,17,27.0,35.6,19.4
214,349290,2015,12,25,40.1,50.0,30.2
215,349290,2015,8,16,80.2,89.6,71.6
216,349290,2015,12,30,21.8,23.0,19.4
217,349290,2015,1,5,36.0,41.0,28.4
218,349290,2015,1,6,31.1,33.8,26.6
219,349290,2015,1,9,8.1,33.8,-13.0
220,349290,2015,1,11,40.8,44.6,35.6
221,349290,2015,1,25,38.7,44.6,33.8
222,349290,2015,2,7,31.9,35.6,26.6
223,349290,2015,2,8,31.1,37.4,24.8
224,349290,2015,2,10,35.6,37.4,32.0
225,349290,2015,3,1,40.9,42.8,39.2
226,349290,2015,3,5,39.2,46.4,33.8
227,349290,2015,3,14,50.3,62.6,42.8
228,349290,2015,3,28,51.3,55.4,46.4
229,349290,2015,4,3,44.8,53.6,37.4
230,349290,2015,4,5,43.7,51.8,37.4
231,349290,2015,4,18,61.1,71.6,51.8
232,349290,2015,5,13,61.0,75.2,48.2
233,349290,2015,6,20,72.6,82.4,64.4
234,349290,2015,6,25,71.6,77.0,66.2
235,349290,2015,7,6,76.0,86.0,66.2
236,349290,2015,7,28,79.5,89.6,69.8
237,349290,2015,8,18,73.0,86.0,66.2
238,349290,2015,10,7,58.5,71.6,41.0
239,349290,2015,10,27,48.7,57.2,37.4
240,349290,2015,11,8,47.9,50.0,46.4
241,349290,2015,11,17,38.8,42.8,32.0
242,349290,2015,11,30,46.8,50.0,41.0
243,349290,2015,12,3,36.6,41.0,33.8
244,349290,2015,12,26,41.8,50.0,30.2
245,349290,2015,12,27,49.9,53.6,42.8
246,349290,2015,1,7,17.5,30.2,5.0
247,349290,2015,1,29,41.6,46.4,37.4
248,349290,2015,2,20,21.9,26.6,15.8
249,349290,2015,2,26,45.1,60.8,32.0
250,349290,2015,3,13,48.7,57.2,41.0
251,349290,2015,4,1,50.9,59.0,44.6
252,349290,2015,4,10,42.8,48.2,33.8
253,349290,2015,4,30,63.0,75.2,53.6
254,349290,2015,5,4,56.5,59.0,50.0
255,349290,2015,6,21,72.8,84.2,64.4
256,349290,2015,6,23,73.1,80.6,64.4
257,349290,2015,6,26,73.5,80.6,68.0
258,349290,2015,6,28,71.4,82.4,62.6
259,349290,2015,6,29,71.0,78.8,62.6
260,349290,2015,7,15,71.2,78.8,64.4
261,349290,2015,9,13,63.2,66.2,59.0
262,349290,2015,10,11,50.4,62.6,33.8
263,349290,2015,10,12,46.6,48.2,44.6
264,349290,2015,10,13,46.3,50.0,42.8
265,349290,2015,10,15,48.7,50.0,46.4
266,349290,2015,10,24,50.4,51.8,46.4
267,349290,2015,10,25,45.9,51.8,42.8
268,349290,2015,11,12,49.5,55.4,44.6
269,349290,2015,11,15,44.5,53.6,37.4
270,349290,2015,12,2,40.2,48.2,35.6
271,349290,2015,12,8,45.5,50.0,41.0
272,349290,2015,12,14,40.3,51.8,24.8
273,349290,2015,12,15,38.2,41.0,33.8
274,349290,2015,1,16,34.0,37.4,32.0
275,349290,2015,1,19,39.4,46.4,30.2
276,349290,2015,1,21,44.6,51.8,41.0
277,349290,2015,1,30,42.3,50.0,35.6
278,349290,2015,2,11,39.3,42.8,35.6
279,349290,2015,2,18,15.7,23.0,8.6
280,349290,2015,2,25,40.7,55.4,32.0
281,349290,2015,2,27,47.8,64.4,33.8
282,349290,2015,3,9,37.8,48.2,28.4
283,349290,2015,3,11,51.1,68.0,32.0
284,349290,2015,3,15,45.4,55.4,41.0
285,349290,2015,3,19,45.7,57.2,35.6
286,349290,2015,4,11,47.1,60.8,30.2
287,349290,2015,4,23,45.7,59.0,30.2
288,349290,2015,4,28,62.6,75.2,46.4
289,349290,2015,5,12,61.7,73.4,50.0
290,349290,2015,5,20,67.9,78.8,48.2
291,349290,2015,5,21,72.3,84.2,59.0
292,349290,2015,5,27,73.8,84.2,64.4
293,349290,2015,6,11,76.1,89.6,62.6
294,349290,2015,6,12,74.5,84.2,64.4
295,349290,2015,6,13,75.4,87.8,60.8
296,349290,2015,7,13,70.3,80.6,57.2
297,349290,2015,7,17,72.9,82.4,62.6
298,349290,2015,7,18,74.4,84.2,60.8
299,349290,2015,7,21,77.1,89.6,59.0
300,349290,2015,7,22,73.2,84.2,60.8
301,349290,2015,7,30,82.6,95.0,68.0
302,349290,2015,8,19,73.3,82.4,64.4
303,349290,2015,8,21,74.2,86.0,60.8
304,349290,2015,8,30,72.8,86.0,59.0
305,349290,2015,9,1,73.5,87.8,57.2
306,349290,2015,9,10,72.2,80.6,62.6
307,349290,2015,9,21,74.9,93.2,57.2
308,349290,2015,9,23,76.4,87.8,62.6
309,349290,2015,9,24,76.4,89.6,64.4
310,349290,2015,9,27,70.9,84.2,55.4
311,349290,2015,9,30,73.0,86.0,60.8
312,349290,2015,10,21,50.1,59.0,42.8
313,349290,2015,10,26,50.4,59.0,42.8
314,349290,2015,10,28,43.8,53.6,33.8
315,349290,2015,11,6,44.8,46.4,42.8
316,349290,2015,11,18,37.7,44.6,30.2
317,349290,2015,11,21,59.8,66.2,51.8
318,349290,2015,12,4,35.2,39.2,30.2
319,349290,2015,12,11,30.6,35.6,24.8
320,349290,2015,12,22,51.5,55.4,48.2
321,349290,2015,1,1,22.6,28.4,15.8
322,349290,2015,1,14,27.4,39.2,15.8
323,349290,2015,1,17,33.8,35.6,32.0
324,349290,2015,1,18,33.9,39.2,28.4
325,349290,2015,1,22,40.7,46.4,32.0
326,349290,2015,1,24,36.2,41.0,33.8
327,349290,2015,2,2,61.0,68.0,51.8
328,349290,2015,2,13,37.2,44.6,32.0
329,349290,2015,2,19,16.4,26.6,3.2
330,349290,2015,3,3,41.0,53.6,30.2
331,349290,2015,3,8,34.2,42.8,28.4
332,349290,2015,3,30,45.9,55.4,39.2
333,349290,2015,4,17,59.2,69.8,46.4
334,349290,2015,5,7,59.2,69.8,48.2
335,349290,2015,5,14,63.2,75.2,51.8
336,349290,2015,5,26,74.8,86.0,60.8
337,349290,2015,5,29,69.2,75.2,60.8
338,349290,2015,6,6,72.4,80.6,62.6
339,349290,2015,6,7,69.9,78.8,59.0
340,349290,2015,6,14,76.2,91.4,62.6
341,349290,2015,6,19,74.4,86.0,62.6
342,349290,2015,7,4,76.9,84.2,69.8
343,349290,2015,7,7,77.1,87.8,64.4
344,349290,2015,7,29,80.6,91.4,68.0
345,349290,2015,8,5,84.7,98.6,71.6
346,349290,2015,8,9,81.7,95.0,68.0
347,349290,2015,8,10,82.9,98.6,68.0
348,349290,2015,8,27,72.1,86.0,55.4
349,349290,2015,8,29,73.5,89.6,55.4
350,349290,2015,9,3,80.1,95.0,64.4
351,349290,2015,9,5,81.4,95.0,68.0
352,349290,2015,9,9,69.3,78.8,62.6
353,349290,2015,9,16,64.0,75.2,50.0
354,349290,2015,9,25,74.6,87.8,62.6
355,349290,2015,10,6,63.6,78.8,48.2
356,349290,2015,10,10,43.3,57.2,28.4
357,349290,2015,10,16,46.4,53.6,41.0
358,349290,2015,10,29,39.4,48.2,32.0
359,349290,2015,10,31,38.2,48.2,30.2
360,349290,2015,11,1,38.4,50.0,30.2
361,349290,2015,11,3,51.8,62.6,42.8
362,349290,2015,11,20,53.7,59.0,44.6
363,349290,2015,12,13,36.6,42.8,24.8
0,349290,2016,2,15,53.9,68.0,44.6
1,349290,2016,3,22,50.1,60.8,39.2
2,349290,2016,9,12,68.7,80.6,50.0
3,349290,2016,9,2,65.5,77.0,51.8
4,349290,2016,9,29,54.4,60.8,46.4
5,349290,2016,5,1,59.8,69.8,50.0
6,349290,2016,11,3,47.4,55.4,37.4
7,349290,2016,5,3,60.6,71.6,44.6
8,349290,2016,6,4,63.0,68.0,60.8
9,349290,2016,1,15,38.3,46.4,32.0
10,349290,2016,12,22,21.4,28.4,14.0
11,349290,2016,4,13,58.4,64.4,53.6
12,349290,2016,6,28,75.9,84.2,68.0
13,349290,2016,11,8,59.3,73.4,48.2
14,349290,2016,1,7,36.4,39.2,32.0
15,349290,2016,11,6,42.6,53.6,30.2
16,349290,2016,3,6,47.3,53.6,37.4
17,349290,2016,12,28,31.9,33.8,28.4
18,349290,2016,10,7,64.7,73.4,55.4
19,349290,2016,11,5,38.5,46.4,32.0
20,349290,2016,10,15,45.9,53.6,37.4
21,349290,2016,1,1,10.1,14.0,3.2
22,349290,2016,4,1,55.6,66.2,48.2
23,349290,2016,10,11,55.5,66.2,46.4
24,349290,2016,12,27,28.0,33.8,19.4
25,349290,2016,8,9,82.2,93.2,69.8
26,349290,2016,9,26,57.2,64.4,53.6
27,349290,2016,4,23,53.6,64.4,37.4
28,349290,2016,12,26,27.0,30.2,21.2
29,349290,2016,1,21,33.8,37.4,30.2
30,349290,2016,7,6,74.5,84.2,64.4
31,349290,2016,2,11,40.1,50.0,28.4
32,349290,2016,5,5,60.1,66.2,53.6
33,349290,2016,8,8,79.5,93.2,69.8
34,349290,2016,9,10,68.6,82.4,55.4
35,349290,2016,9,18,65.1,73.4,57.2
36,349290,2016,4,29,57.7,68.0,44.6
37,349290,2016,12,4,33.4,37.4,26.6
38,349290,2016,12,18,26.4,33.8,8.6
39,349290,2016,9,23,51.6,55.4,48.2
40,349290,2016,8,26,76.3,86.0,68.0
41,349290,2016,5,29,66.0,75.2,59.0
42,349290,2016,8,25,79.3,89.6,69.8
43,349290,2016,10,28,38.5,41.0,37.4
44,349290,2016,4,27,59.5,66.2,50.0
45,349290,2016,11,16,41.5,44.6,33.8
46,349290,2016,6,20,81.6,95.0,66.2
47,349290,2016,2,22,40.4,50.0,35.6
48,349290,2016,6,13,71.4,84.2,53.6
49,349290,2016,7,1,73.6,80.6,66.2
50,349290,2016,12,2,28.3,37.4,24.8
51,349290,2016,6,23,78.9,96.8,68.0
52,349290,2016,8,13,80.0,91.4,73.4
53,349290,2016,11,9,64.8,77.0,57.2
54,349290,2016,6,15,71.4,77.0,64.4
55,349290,2016,10,4,63.0,77.0,50.0
56,349290,2016,8,31,74.5,86.0,62.6
57,349290,2016,6,30,72.6,82.4,66.2
58,349290,2016,3,30,46.9,53.6,41.0
59,349290,2016,1,30,34.0,42.8,26.6
60,349290,2016,11,27,44.5,55.4,37.4
61,349290,2016,5,27,66.4,75.2,59.0
62,349290,2016,12,19,32.5,33.8,30.2
63,349290,2016,7,24,72.0,78.8,64.4
64,349290,2016,11,14,48.4,55.4,42.8
65,349290,2016,6,24,77.6,89.6,66.2
66,349290,2016,2,16,60.2,71.6,51.8
67,349290,2016,8,7,79.3,91.4,69.8
68,349290,2016,6,26,80.7,91.4,66.2
69,349290,2016,10,5,65.2,78.8,53.6
70,349290,2016,8,3,82.2,96.8,66.2
71,349290,2016,10,20,45.9,51.8,41.0
72,349290,2016,12,20,29.8,32.0,23.0
73,349290,2016,5,10,65.7,77.0,51.8
74,349290,2016,3,18,44.1,44.6,42.8
75,349290,2016,3,13,43.9,50.0,35.6
76,349290,2016,8,1,80.4,93.2,64.4
77,349290,2016,8,21,82.0,93.2,69.8
78,349290,2016,4,6,52.2,66.2,33.8
79,349290,2016,1,28,38.6,41.0,35.6
80,349290,2016,3,14,40.6,50.0,33.8
81,349290,2016,4,24,63.1,75.2,50.0
82,349290,2016,8,23,82.2,93.2,73.4
83,349290,2016,10,17,41.8,50.0,33.8
84,349290,2016,3,21,41.5,50.0,32.0
85,349290,2016,8,10,84.8,95.0,71.6
86,349290,2016,1,23,23.5,26.6,19.4
87,349290,2016,11,12,46.9,50.0,41.0
88,349290,2016,2,25,45.9,51.8,37.4
89,349290,2016,3,15,36.0,41.0,32.0
90,349290,2016,11,25,39.2,51.8,32.0
91,349290,2016,9,6,73.5,87.8,57.2
92,349290,2016,10,8,65.8,78.8,53.6
93,349290,2016,8,5,77.4,87.8,66.2
94,349290,2016,4,20,67.0,75.2,51.8
95,349290,2016,1,12,52.5,59.0,44.6
96,349290,2016,3,23,48.5,53.6,42.8
97,349290,2016,5,30,67.4,73.4,60.8
98,349290,2016,12,24,15.6,21.2,6.8
99,349290,2016,3,19,44.2,53.6,30.2
100,349290,2016,9,21,60.9,68.0,57.2
101,349290,2016,5,7,58.5,64.4,53.6
102,349290,2016,9,11,67.3,80.6,50.0
103,349290,2016,8,2,81.7,95.0,66.2
104,349290,2016,7,4,78.2,89.6,62.6
105,349290,2016,5,4,56.6,59.0,53.6
106,349290,2016,7,8,70.8,78.8,59.0
107,349290,2016,3,28,42.6,48.2,37.4
108,349290,2016,4,30,59.7,71.6,46.4
109,349290,2016,1,4,4.5,19.4,-11.2
110,349290,2016,3,3,48.6,59.0,41.0
111,349290,2016,6,21,82.2,95.0,66.2
112,349290,2016,3,31,49.1,59.0,37.4
113,349290,2016,4,10,59.8,75.2,48.2
114,349290,2016,1,5,27.1,33.8,17.6
115,349290,2016,1,13,48.5,57.2,41.0
116,349290,2016,9,30,55.4,62.6,44.6
117,349290,2016,1,25,13.8,17.6,5.0
118,349290,2016,7,23,71.6,78.8,64.4
119,349290,2016,2,13,47.6,55.4,39.2
120,349290,2016,10,30,42.0,46.4,33.8
121,349290,2016,8,29,82.6,93.2,71.6
122,349290,2016,4,7,56.3,73.4,37.4
123,349290,2016,6,14,74.9,84.2,60.8
124,349290,2016,2,23,45.3,59.0,33.8
125,349290,2016,6,12,68.1,78.8,57.2
126,349290,2016,7,5,72.5,89.6,62.6
127,349290,2016,12,25,22.8,26.6,19.4
128,349290,2016,2,20,30.4,37.4,24.8
129,349290,2016,3,20,34.5,42.8,28.4
130,349290,2016,3,9,47.8,60.8,37.4
131,349290,2016,8,16,74.3,86.0,59.0
132,349290,2016,4,8,60.7,77.0,42.8
133,349290,2016,5,28,65.8,75.2,59.0
134,349290,2016,11,4,42.8,53.6,33.8
135,349290,2016,3,7,44.0,55.4,35.6
136,349290,2016,7,28,79.0,89.6,66.2
137,349290,2016,11,17,31.3,33.8,30.2
138,349290,2016,11,22,36.6,46.4,30.2
139,349290,2016,1,29,39.3,44.6,30.2
140,349290,2016,8,14,69.7,75.2,59.0
141,349290,2016,9,19,57.5,60.8,53.6
142,349290,2016,11,26,39.9,44.6,35.6
143,349290,2016,4,17,56.8,68.0,42.8
144,349290,2016,6,2,64.9,68.0,62.6
145,349290,2016,2,18,34.5,44.6,26.6
146,349290,2016,11,23,33.1,44.6,24.8
147,349290,2016,7,29,77.6,89.6,64.4
148,349290,2016,9,9,71.5,86.0,57.2
149,349290,2016,10,21,47.8,60.8,35.6
150,349290,2016,6,8,60.7,68.0,53.6
151,349290,2016,7,27,77.2,87.8,64.4
152,349290,2016,11,13,50.8,60.8,41.0
153,349290,2016,8,20,83.7,96.8,73.4
154,349290,2016,6,16,72.8,82.4,64.4
155,349290,2016,2,3,46.4,50.0,42.8
156,349290,2016,9,13,69.6,84.2,55.4
157,349290,2016,6,27,82.2,95.0,68.0
158,349290,2016,10,6,64.7,71.6,57.2
159,349290,2016,2,2,37.2,42.8,28.4
160,349290,2016,8,15,71.1,82.4,57.2
161,349290,2016,10,26,40.0,48.2,32.0
162,349290,2016,4,4,46.7,57.2,33.8
163,349290,2016,6,7,63.6,73.4,55.4
164,349290,2016,5,9,62.8,73.4,48.2
165,349290,2016,6,19,79.7,91.4,64.4
166,349290,2016,7,30,77.7,91.4,62.6
167,349290,2016,7,13,78.1,91.4,60.8
168,349290,2016,7,18,85.5,96.8,71.6
169,349290,2016,8,27,76.5,87.8,66.2
170,349290,2016,5,14,67.9,73.4,60.8
171,349290,2016,8,28,80.4,91.4,68.0
172,349290,2016,7,22,73.9,84.2,60.8
173,349290,2016,9,25,54.4,64.4,48.2
174,349290,2016,4,15,57.9,66.2,44.6
175,349290,2016,4,19,65.9,75.2,53.6
176,349290,2016,1,11,44.1,50.0,39.2
177,349290,2016,11,2,37.8,42.8,33.8
178,349290,2016,9,16,59.6,73.4,42.8
179,349290,2016,6,22,84.0,96.8,68.0
180,349290,2016,4,11,59.3,68.0,51.8
181,349290,2016,12,30,32.8,35.6,30.2
182,349290,2016,7,21,72.1,78.8,64.4
183,349290,2016,9,8,70.5,84.2,55.4
184,349290,2016,10,2,59.5,73.4,48.2
185,349290,2016,4,12,61.2,71.6,51.8
186,349290,2016,2,24,50.0,62.6,35.6
187,349290,2016,6,5,65.6,73.4,60.8
188,349290,2016,9,3,69.9,82.4,53.6
189,349290,2016,7,9,70.6,82.4,59.0
190,349290,2016,1,19,34.4,46.4,28.4
191,349290,2016,2,8,30.9,37.4,21.2
192,349290,2016,7,14,80.1,93.2,62.6
193,349290,2016,6,9,62.3,71.6,51.8
194,349290,2016,9,27,56.3,62.6,51.8
195,349290,2016,2,6,36.0,41.0,32.0
196,349290,2016,7,3,77.0,87.8,66.2
197,349290,2016,9,15,61.5,73.4,48.2
198,349290,2016,7,26,74.9,86.0,60.8
199,349290,2016,5,17,65.4,75.2,55.4
200,349290,2016,6,25,79.3,89.6,66.2
201,349290,2016,6,10,62.5,71.6,51.8
202,349290,2016,10,16,43.3,48.2,37.4
203,349290,2016,5,26,63.7,71.6,57.2
204,349290,2016,6,1,66.7,75.2,62.6
205,349290,2016,6,11,65.8,78.8,53.6
206,349290,2016,4,18,59.4,73.4,44.6
207,349290,2016,3,17,43.2,48.2,33.8
208,349290,2016,8,18,76.6,86.0,68.0
209,349290,2016,10,18,42.4,51.8,35.6
210,349290,2016,11,1,39.1,46.4,33.8
211,349290,2016,11,7,54.1,64.4,42.8
212,349290,2016,10,24,46.7,51.8,39.2
213,349290,2016,2,29,50.9,60.8,41.0
214,349290,2016,8,6,79.4,89.6,69.8
215,349290,2016,1,22,31.4,35.6,24.8
216,349290,2016,3,5,53.1,62.6,42.8
217,349290,2016,5,25,64.6,75.2,51.8
218,349290,2016,2,21,36.1,42.8,30.2
219,349290,2016,6,17,73.4,84.2,64.4
220,349290,2016,6,3,64.1,69.8,60.8
221,349290,2016,2,19,31.6,37.4,23.0
222,349290,2016,12,14,16.9,21.2,12.2
223,349290,2016,7,12,74.3,86.0,59.0
224,349290,2016,3,10,43.0,51.8,35.6
225,349290,2016,7,11,70.6,78.8,60.8
226,349290,2016,10,22,47.5,57.2,39.2
227,349290,2016,10,27,39.6,46.4,32.0
228,349290,2016,12,23,14.3,21.2,8.6
229,349290,2016,10,9,61.3,68.0,51.8
230,349290,2016,1,10,43.2,50.0,35.6
231,349290,2016,5,20,60.4,69.8,50.0
232,349290,2016,4,16,53.5,60.8,44.6
233,349290,2016,9,7,74.4,87.8,59.0
234,349290,2016,12,9,40.0,42.8,39.2
235,349290,2016,1,24,17.8,21.2,14.0
236,349290,2016,12,21,23.2,28.4,21.2
237,349290,2016,9,28,53.2,59.0,44.6
238,349290,2016,5,22,67.4,77.0,55.4
239,349290,2016,10,14,51.8,55.4,48.2
240,349290,2016,1,27,21.9,37.4,3.2
241,349290,2016,7,7,76.2,87.8,62.6
242,349290,2016,3,29,47.2,55.4,39.2
243,349290,2016,2,10,36.2,48.2,26.6
244,349290,2016,3,11,45.4,51.8,41.0
245,349290,2016,4,26,64.3,73.4,51.8
246,349290,2016,7,19,79.3,87.8,71.6
247,349290,2016,4,9,62.8,78.8,50.0
248,349290,2016,4,22,49.5,59.0,41.0
249,349290,2016,1,26,9.6,19.4,3.2
250,349290,2016,11,10,60.6,77.0,50.0
251,349290,2016,12,8,25.6,39.2,14.0
252,349290,2016,5,21,61.6,73.4,46.4
253,349290,2016,11,21,38.8,46.4,33.8
254,349290,2016,10,25,41.3,50.0,35.6
255,349290,2016,7,25,73.2,82.4,62.6
256,349290,2016,12,29,34.3,35.6,32.0
257,349290,2016,12,7,27.9,39.2,15.8
258,349290,2016,3,27,41.8,50.0,33.8
259,349290,2016,10,10,56.3,64.4,48.2
260,349290,2016,4,14,56.7,64.4,50.0
261,349290,2016,7,10,72.8,84.2,59.0
262,349290,2016,3,24,57.5,71.6,44.6
263,349290,2016,7,16,83.4,95.0,69.8
264,349290,2016,8,30,77.6,89.6,68.0
265,349290,2016,11,30,30.4,32.0,26.6
266,349290,2016,12,15,23.8,32.0,10.4
267,349290,2016,12,13,29.5,42.8,17.6
268,349290,2016,5,19,61.5,69.8,51.8
269,349290,2016,8,4,72.9,78.8,68.0
270,349290,2016,11,24,34.3,50.0,23.0
271,349290,2016,10,19,43.7,55.4,33.8
272,349290,2016,9,4,69.7,82.4,57.2
273,349290,2016,7,20,73.4,80.6,64.4
274,349290,2016,11,28,52.4,60.8,41.0
275,349290,2016,10,13,49.9,53.6,46.4
276,349290,2016,1,14,43.1,53.6,37.4
277,349290,2016,10,29,42.0,50.0,37.4
278,349290,2016,12,3,36.2,37.4,33.8
279,349290,2016,8,24,82.4,91.4,71.6
280,349290,2016,12,11,42.7,46.4,39.2
281,349290,2016,4,2,50.2,68.0,37.4
282,349290,2016,10,1,56.9,71.6,44.6
283,349290,2016,2,5,47.8,51.8,41.0
284,349290,2016,5,8,60.3,69.8,51.8
285,349290,2016,10,23,46.4,55.4,39.2
286,349290,2016,7,15,79.2,89.6,66.2
287,349290,2016,5,15,69.4,80.6,59.0
288,349290,2016,1,8,36.6,39.2,33.8
289,349290,2016,2,17,50.1,59.0,33.8
290,349290,2016,9,5,70.4,86.0,53.6
291,349290,2016,9,14,71.4,86.0,55.4
292,349290,2016,7,31,79.0,93.2,62.6
293,349290,2016,12,1,27.0,28.4,26.6
294,349290,2016,1,31,36.6,46.4,26.6
295,349290,2016,2,4,52.5,62.6,44.6
296,349290,2016,7,2,74.7,84.2,68.0
297,349290,2016,5,31,69.2,78.8,62.6
298,349290,2016,4,25,64.0,75.2,53.6
299,349290,2016,5,2,57.0,68.0,44.6
300,349290,2016,9,20,66.9,82.4,57.2
301,349290,2016,10,3,62.3,77.0,51.8
302,349290,2016,2,26,43.0,50.0,37.4
303,349290,2016,4,28,57.8,68.0,46.4
304,349290,2016,1,18,42.3,48.2,35.6
305,349290,2016,3,4,56.5,66.2,44.6
306,349290,2016,8,17,76.3,87.8,64.4
307,349290,2016,8,12,79.2,89.6,66.2
308,349290,2016,5,16,62.2,68.0,57.2
309,349290,2016,2,9,35.8,48.2,28.4
310,349290,2016,10,31,39.3,50.0,32.0
311,349290,2016,2,1,41.4,48.2,32.0
312,349290,2016,5,13,64.1,73.4,48.2
313,349290,2016,5,12,61.5,68.0,53.6
314,349290,2016,9,24,53.9,62.6,46.4
315,349290,2016,3,12,47.2,51.8,44.6
316,349290,2016,4,21,50.4,60.8,41.0
317,349290,2016,2,7,28.5,33.8,23.0
318,349290,2016,11,18,31.3,33.8,30.2
319,349290,2016,5,24,61.2,69.8,53.6
320,349290,2016,8,11,76.0,87.8,68.0
321,349290,2016,8,19,80.1,91.4,66.2
322,349290,2016,6,6,67.6,77.0,57.2
323,349290,2016,7,17,87.2,100.4,75.2
324,349290,2016,12,12,48.3,55.4,42.8
325,349290,2016,12,16,22.0,32.0,1.4
326,349290,2016,11,19,34.0,42.8,30.2
327,349290,2016,12,10,42.5,44.6,41.0
328,349290,2016,4,5,47.9,62.6,30.2
329,349290,2016,5,6,58.5,64.4,55.4
330,349290,2016,5,18,61.1,66.2,57.2
331,349290,2016,10,12,50.4,53.6,48.2
332,349290,2016,3,26,41.5,44.6,37.4
333,349290,2016,1,16,39.5,46.4,32.0
334,349290,2016,1,17,41.3,48.2,35.6
335,349290,2016,2,14,52.9,64.4,46.4
336,349290,2016,11,15,43.3,44.6,42.8
337,349290,2016,2,12,45.7,53.6,37.4
338,349290,2016,5,23,60.0,64.4,57.2
339,349290,2016,11,29,34.7,39.2,32.0
340,349290,2016,1,2,1.2,6.8,-4.0
341,349290,2016,12,31,31.0,32.0,30.2
342,349290,2016,3,25,53.1,60.8,42.8
343,349290,2016,4,3,43.5,51.8,33.8
344,349290,2016,3,1,53.4,69.8,39.2
345,349290,2016,1,6,33.0,39.2,32.0
346,349290,2016,9,17,66.2,77.0,51.8
347,349290,2016,1,3,4.1,10.4,-7.6
348,349290,2016,5,11,58.9,64.4,55.4
349,349290,2016,11,20,35.9,42.8,28.4
350,349290,2016,8,22,81.6,95.0,71.6
351,349290,2016,1,9,37.2,41.0,33.8
352,349290,2016,6,18,76.6,87.8,64.4
353,349290,2016,9,1,67.2,77.0,55.4
354,349290,2016,3,16,35.2,44.6,28.4
355,349290,2016,2,28,47.3,51.8,44.6
356,349290,2016,9,22,56.3,60.8,48.2
357,349290,2016,6,29,78.9,87.8,68.0
358,349290,2016,3,8,50.1,60.8,41.0
359,349290,2016,12,6,31.1,39.2,17.6
360,349290,2016,1,20,30.3,33.8,26.6
361,349290,2016,12,5,25.6,32.0,17.6
362,349290,2016,3,2,53.6,68.0,41.0
363,349290,2016,2,27,53.5,68.0,39.2
364,349290,2016,12,17,2.8,10.4,-4.0
0,349290,2017,2,21,41.3,50.0,30.2
1,349290,2017,11,16,45.4,46.4,42.8
2,349290,2017,10,25,51.0,59.0,44.6
3,349290,2017,8,1,77.3,91.4,60.8
4,349290,2017,1,15,35.3,42.8,30.2
5,349290,2017,9,26,60.1,69.8,51.8
6,349290,2017,12,8,42.3,46.4,39.2
7,349290,2017,3,12,47.2,57.2,37.4
8,349290,2017,12,21,35.8,39.2,32.0
9,349290,2017,7,13,78.7,91.4,64.4
10,349290,2017,5,7,61.4,73.4,53.6
11,349290,2017,6,4,63.5,73.4,50.0
12,349290,2017,12,17,44.2,53.6,33.8
13,349290,2017,11,10,44.4,46.4,42.8
14,349290,2017,11,19,46.8,60.8,39.2
15,349290,2017,12,1,40.2,50.0,33.8
16,349290,2017,9,19,77.1,93.2,64.4
17,349290,2017,4,7,53.0,60.8,44.6
18,349290,2017,7,23,76.0,86.0,68.0
19,349290,2017,2,9,19.2,28.4,12.2
20,349290,2017,6,23,66.0,77.0,51.8
21,349290,2017,3,23,46.7,59.0,35.6
22,349290,2017,6,1,67.4,75.2,62.6
23,349290,2017,11,23,33.6,37.4,30.2
24,349290,2017,4,11,47.7,55.4,39.2
25,349290,2017,7,24,78.7,89.6,68.0
26,349290,2017,12,16,43.6,57.2,35.6
27,349290,2017,6,27,75.3,87.8,62.6
28,349290,2017,3,15,46.6,50.0,42.8
29,349290,2017,2,19,33.4,46.4,23.0
30,349290,2017,8,12,83.2,93.2,73.4
31,349290,2017,4,29,62.5,78.8,41.0
32,349290,2017,3,7,47.2,66.2,32.0
33,349290,2017,10,15,54.2,59.0,50.0
34,349290,2017,9,22,75.8,87.8,60.8
35,349290,2017,9,18,78.0,93.2,64.4
36,349290,2017,10,12,54.9,66.2,42.8
37,349290,2017,7,5,72.1,80.6,59.0
38,349290,2017,7,27,83.2,96.8,69.8
39,349290,2017,2,8,22.4,26.6,15.8
40,349290,2017,8,25,71.0,84.2,57.2
41,349290,2017,8,2,81.7,95.0,64.4
42,349290,2017,3,11,47.2,59.0,37.4
43,349290,2017,10,20,53.9,69.8,41.0
44,349290,2017,7,7,71.0,82.4,57.2
45,349290,2017,9,11,73.2,87.8,60.8
46,349290,2017,1,7,40.8,57.2,30.2
47,349290,2017,9,5,76.2,87.8,64.4
48,349290,2017,12,25,47.4,50.0,44.6
49,349290,2017,10,8,64.4,87.8,42.8
50,349290,2017,1,11,34.5,39.2,28.4
51,349290,2017,6,16,58.8,68.0,51.8
52,349290,2017,2,26,36.6,42.8,30.2
53,349290,2017,3,9,48.4,62.6,37.4
54,349290,2017,1,19,28.0,30.2,24.8
55,349290,2017,12,12,45.2,57.2,37.4
56,349290,2017,5,29,67.2,77.0,57.2
57,349290,2017,4,27,55.2,71.6,37.4
58,349290,2017,8,5,85.9,100.4,69.8
59,349290,2017,7,21,72.8,82.4,64.4
60,349290,2017,4,14,54.8,64.4,50.0
61,349290,2017,4,15,51.8,60.8,44.6
62,349290,2017,7,15,77.8,87.8,66.2
63,349290,2017,10,14,54.3,57.2,51.8
64,349290,2017,6,29,72.5,86.0,62.6
65,349290,2017,5,27,63.5,77.0,50.0
66,349290,2017,7,12,76.0,87.8,60.8
67,349290,2017,12,10,45.3,57.2,32.0
68,349290,2017,9,20,80.0,95.0,64.4
69,349290,2017,3,26,41.7,42.8,39.2
70,349290,2017,5,24,54.1,57.2,50.0
71,349290,2017,11,26,33.4,44.6,26.6
72,349290,2017,11,22,38.0,42.8,32.0
73,349290,2017,5,14,64.6,73.4,59.0
74,349290,2017,1,12,40.0,46.4,33.8
75,349290,2017,10,13,59.6,68.0,53.6
76,349290,2017,10,10,53.9,64.4,41.0
77,349290,2017,2,10,20.5,30.2,12.2
78,349290,2017,6,12,65.8,73.4,57.2
79,349290,2017,6,8,74.2,84.2,64.4
80,349290,2017,6,20,61.9,66.2,55.4
81,349290,2017,9,7,69.3,78.8,62.6
82,349290,2017,5,2,67.3,84.2,50.0
83,349290,2017,9,28,53.6,62.6,46.4
84,349290,2017,11,27,31.6,37.4,28.4
85,349290,2017,4,20,49.8,60.8,37.4
86,349290,2017,9,12,76.0,95.0,60.8
87,349290,2017,7,30,75.7,84.2,64.4
88,349290,2017,12,2,41.1,51.8,33.8
89,349290,2017,12,29,41.5,51.8,32.0
90,349290,2017,10,9,59.1,64.4,50.0
91,349290,2017,2,7,34.0,41.0,24.8
92,349290,2017,6,21,68.1,82.4,51.8
93,349290,2017,5,11,52.8,62.6,41.0
94,349290,2017,6,10,69.7,78.8,62.6
95,349290,2017,10,21,55.6,62.6,51.8
96,349290,2017,5,31,64.3,71.6,59.0
97,349290,2017,4,4,51.6,66.2,33.8
98,349290,2017,6,6,71.8,84.2,53.6
99,349290,2017,11,9,47.1,50.0,42.8
100,349290,2017,8,13,85.1,96.8,73.4
101,349290,2017,8,18,80.5,91.4,71.6
102,349290,2017,11,14,51.3,62.6,39.2
103,349290,2017,11,12,52.5,59.0,44.6
104,349290,2017,2,25,49.7,57.2,33.8
105,349290,2017,10,3,50.8,60.8,41.0
106,349290,2017,2,24,51.0,57.2,42.8
107,349290,2017,2,14,26.7,33.8,15.8
108,349290,2017,11,29,34.3,44.6,30.2
109,349290,2017,5,20,58.6,66.2,50.0
110,349290,2017,6,15,65.5,75.2,55.4
111,349290,2017,7,22,76.7,86.0,68.0
112,349290,2017,4,16,54.0,66.2,39.2
113,349290,2017,7,2,81.7,93.2,68.0
114,349290,2017,3,29,50.1,59.0,44.6
115,349290,2017,8,22,80.6,91.4,68.0
116,349290,2017,3,27,42.8,50.0,39.2
117,349290,2017,6,22,64.4,75.2,53.6
118,349290,2017,1,18,35.8,39.2,30.2
119,349290,2017,7,1,80.1,91.4,68.0
120,349290,2017,9,13,75.7,95.0,59.0
121,349290,2017,7,20,67.1,73.4,64.4
122,349290,2017,12,15,43.2,55.4,30.2
123,349290,2017,1,24,32.6,42.8,21.2
124,349290,2017,2,17,14.3,24.8,1.4
125,349290,2017,7,31,74.5,86.0,64.4
126,349290,2017,12,30,42.0,50.0,35.6
127,349290,2017,12,11,41.9,48.2,37.4
128,349290,2017,4,5,53.4,68.0,39.2
129,349290,2017,7,6,71.3,82.4,57.2
130,349290,2017,2,11,22.2,32.0,14.0
131,349290,2017,8,8,85.0,96.8,73.4
132,349290,2017,2,6,46.4,51.8,41.0
133,349290,2017,12,5,41.1,48.2,32.0
134,349290,2017,1,14,33.3,41.0,28.4
135,349290,2017,5,12,56.9,69.8,39.2
136,349290,2017,8,26,76.1,87.8,64.4
137,349290,2017,1,29,15.5,24.8,1.4
138,349290,2017,8,24,69.9,82.4,55.4
139,349290,2017,10,22,56.3,64.4,50.0
140,349290,2017,1,25,32.9,35.6,30.2
141,349290,2017,1,6,43.3,50.0,33.8
142,349290,2017,10,17,59.5,68.0,50.0
143,349290,2017,2,15,30.0,33.8,24.8
144,349290,2017,12,9,44.1,55.4,33.8
145,349290,2017,10,28,55.6,64.4,48.2
146,349290,2017,8,23,69.1,78.8,55.4
147,349290,2017,3,6,47.8,64.4,30.2
148,349290,2017,5,6,65.3,78.8,50.0
149,349290,2017,4,8,47.5,53.6,41.0
150,349290,2017,5,19,57.1,66.2,44.6
151,349290,2017,3,18,43.5,48.2,39.2
152,349290,2017,4,23,44.9,50.0,41.0
153,349290,2017,8,20,77.1,91.4,66.2
154,349290,2017,5,8,61.0,69.8,51.8
155,349290,2017,3,31,41.2,50.0,30.2
156,349290,2017,2,12,25.4,28.4,17.6
157,349290,2017,6,24,69.9,77.0,60.8
158,349290,2017,11,6,49.6,55.4,44.6
159,349290,2017,12,23,31.8,33.8,28.4
160,349290,2017,7,14,77.7,91.4,64.4
161,349290,2017,8,7,84.1,95.0,71.6
162,349290,2017,1,27,19.5,21.2,10.4
163,349290,2017,4,17,60.0,75.2,42.8
164,349290,2017,1,31,7.2,15.8,-0.4
165,349290,2017,8,16,80.5,93.2,68.0
166,349290,2017,3,25,46.9,57.2,41.0
167,349290,2017,3,16,45.6,50.0,42.8
168,349290,2017,8,27,79.2,93.2,64.4
169,349290,2017,12,24,37.9,46.4,32.0
170,349290,2017,11,8,50.1,57.2,42.8
171,349290,2017,9,8,69.7,80.6,57.2
172,349290,2017,2,20,38.2,51.8,26.6
173,349290,2017,8,3,84.0,98.6,66.2
174,349290,2017,1,22,31.8,37.4,24.8
175,349290,2017,10,11,53.5,68.0,39.2
176,349290,2017,6,13,69.1,80.6,55.4
177,349290,2017,5,21,59.2,69.8,51.8
178,349290,2017,7,19,80.2,91.4,71.6
179,349290,2017,3,2,51.4,62.6,42.8
180,349290,2017,9,23,70.1,82.4,60.8
181,349290,2017,7,17,78.8,91.4,68.0
182,349290,2017,5,13,62.3,71.6,51.8
183,349290,2017,2,13,24.5,32.0,15.8
184,349290,2017,3,20,43.0,48.2,39.2
185,349290,2017,6,5,68.1,80.6,50.0
186,349290,2017,9,30,54.1,66.2,39.2
187,349290,2017,10,19,55.7,69.8,44.6
188,349290,2017,7,4,80.7,93.2,68.0
189,349290,2017,3,8,45.3,60.8,30.2
190,349290,2017,8,6,87.6,102.2,71.6
191,349290,2017,8,9,85.2,95.0,73.4
192,349290,2017,6,11,69.7,77.0,60.8
193,349290,2017,12,20,38.5,42.8,32.0
194,349290,2017,9,14,74.8,87.8,59.0
195,349290,2017,4,6,56.4,73.4,42.8
196,349290,2017,5,4,66.5,77.0,55.4
197,349290,2017,2,3,33.3,37.4,28.4
198,349290,2017,6,17,64.2,73.4,51.8
199,349290,2017,1,9,36.7,39.2,35.6
200,349290,2017,11,7,51.1,55.4,46.4
201,349290,2017,9,24,65.9,75.2,55.4
202,349290,2017,4,13,58.4,73.4,37.4
203,349290,2017,5,1,64.0,80.6,44.6
204,349290,2017,10,16,52.3,55.4,46.4
205,349290,2017,5,10,59.1,66.2,48.2
206,349290,2017,10,5,55.6,71.6,37.4
207,349290,2017,12,22,31.5,35.6,24.8
208,349290,2017,6,25,69.6,80.6,60.8
209,349290,2017,6,18,65.1,77.0,53.6
210,349290,2017,6,28,78.1,87.8,68.0
211,349290,2017,11,15,47.5,53.6,39.2
212,349290,2017,4,9,48.1,53.6,44.6
213,349290,2017,4,21,46.9,51.8,42.8
214,349290,2017,7,3,85.2,98.6,71.6
215,349290,2017,4,24,45.9,53.6,42.8
216,349290,2017,10,4,51.6,66.2,39.2
217,349290,2017,9,10,72.7,84.2,62.6
218,349290,2017,7,9,69.9,82.4,55.4
219,349290,2017,7,29,76.6,84.2,71.6
220,349290,2017,8,28,77.1,89.6,60.8
221,349290,2017,12,6,34.2,41.0,28.4
222,349290,2017,11,25,28.2,32.0,24.8
223,349290,2017,5,30,68.7,78.8,53.6
224,349290,2017,2,16,22.6,28.4,6.8
225,349290,2017,2,5,45.8,50.0,42.8
226,349290,2017,1,4,33.4,39.2,32.0
227,349290,2017,1,28,16.5,23.0,8.6
228,349290,2017,6,30,76.2,87.8,60.8
229,349290,2017,8,15,78.4,91.4,69.8
230,349290,2017,6,26,72.5,84.2,57.2
231,349290,2017,1,3,42.0,48.2,35.6
232,349290,2017,5,22,57.6,62.6,51.8
233,349290,2017,2,28,43.4,59.0,30.2
234,349290,2017,5,9,60.4,66.2,55.4
235,349290,2017,10,18,60.3,68.0,50.0
236,349290,2017,10,24,49.7,59.0,44.6
237,349290,2017,1,30,6.4,14.0,-0.4
238,349290,2017,1,16,37.1,41.0,32.0
239,349290,2017,12,26,46.0,50.0,41.0
240,349290,2017,3,3,49.8,62.6,37.4
241,349290,2017,1,26,26.7,30.2,21.2
242,349290,2017,3,22,42.3,48.2,32.0
243,349290,2017,10,23,46.7,48.2,44.6
244,349290,2017,1,17,36.7,39.2,35.6
245,349290,2017,4,19,47.4,51.8,42.8
246,349290,2017,2,1,11.5,21.2,-0.4
247,349290,2017,6,2,67.7,75.2,60.8
248,349290,2017,3,1,50.4,68.0,32.0
249,349290,2017,8,19,79.4,91.4,69.8
250,349290,2017,1,10,34.0,37.4,30.2
251,349290,2017,3,17,45.6,51.8,42.8
252,349290,2017,6,19,65.1,71.6,60.8
253,349290,2017,11,17,41.7,46.4,39.2
254,349290,2017,4,25,46.0,55.4,35.6
255,349290,2017,3,30,55.0,66.2,41.0
256,349290,2017,6,9,75.6,87.8,66.2
257,349290,2017,3,4,45.3,53.6,33.8
258,349290,2017,4,30,64.2,78.8,46.4
259,349290,2017,8,31,61.9,64.4,55.4
260,349290,2017,12,13,41.1,59.0,30.2
261,349290,2017,11,3,49.3,62.6,33.8
262,349290,2017,8,4,84.1,98.6,66.2
263,349290,2017,5,3,69.6,82.4,53.6
264,349290,2017,4,1,42.9,55.4,26.6
265,349290,2017,12,7,38.7,41.0,35.6
266,349290,2017,1,23,30.1,39.2,21.2
267,349290,2017,11,4,43.5,57.2,32.0
268,349290,2017,1,21,31.0,37.4,21.2
269,349290,2017,8,17,81.1,91.4,69.8
270,349290,2017,9,27,56.5,64.4,48.2
271,349290,2017,5,16,59.6,64.4,57.2
272,349290,2017,8,30,68.5,78.8,60.8
273,349290,2017,10,29,54.0,55.4,48.2
274,349290,2017,3,13,48.4,60.8,37.4
275,349290,2017,8,10,85.1,96.8,71.6
276,349290,2017,3,5,42.7,57.2,30.2
277,349290,2017,3,10,48.7,64.4,37.4
278,349290,2017,5,28,67.0,78.8,55.4
279,349290,2017,9,2,67.9,80.6,53.6
280,349290,2017,9,15,72.0,86.0,57.2
281,349290,2017,5,17,60.0,68.0,57.2
282,349290,2017,12,14,40.6,55.4,32.0
283,349290,2017,5,23,57.1,64.4,48.2
284,349290,2017,9,4,75.3,93.2,55.4
285,349290,2017,4,22,46.0,51.8,41.0
286,349290,2017,4,2,47.8,62.6,33.8
287,349290,2017,10,30,50.1,55.4,42.8
288,349290,2017,11,18,40.1,46.4,33.8
289,349290,2017,2,22,42.5,48.2,39.2
290,349290,2017,12,19,42.8,44.6,41.0
291,349290,2017,3,21,42.0,50.0,33.8
292,349290,2017,1,2,40.4,46.4,32.0
293,349290,2017,3,19,47.8,53.6,41.0
294,349290,2017,12,3,42.6,53.6,35.6
295,349290,2017,11,1,40.9,46.4,35.6
296,349290,2017,10,7,59.5,77.0,44.6
297,349290,2017,11,20,56.7,64.4,41.0
298,349290,2017,11,28,31.3,37.4,26.6
299,349290,2017,9,17,77.8,93.2,60.8
300,349290,2017,12,27,41.0,50.0,32.0
301,349290,2017,9,1,66.8,77.0,53.6
302,349290,2017,4,10,48.3,55.4,41.0
303,349290,2017,3,24,47.3,60.8,32.0
304,349290,2017,7,26,80.5,91.4,69.8
305,349290,2017,5,5,64.8,77.0,55.4
306,349290,2017,12,28,40.4,53.6,28.4
307,349290,2017,2,27,38.9,48.2,32.0
308,349290,2017,10,27,51.6,59.0,42.8
309,349290,2017,9,16,73.8,86.0,59.0
310,349290,2017,3,28,46.1,53.6,35.6
311,349290,2017,8,14,83.3,93.2,75.2
312,349290,2017,7,18,80.9,95.0,68.0
313,349290,2017,10,1,53.2,64.4,39.2
314,349290,2017,5,18,58.2,66.2,46.4
315,349290,2017,2,4,40.4,46.4,35.6
316,349290,2017,1,13,32.8,37.4,30.2
317,349290,2017,11,13,56.5,68.0,48.2
318,349290,2017,4,28,57.6,71.6,41.0
319,349290,2017,9,29,54.6,64.4,44.6
320,349290,2017,8,21,81.7,93.2,68.0
321,349290,2017,9,3,69.3,82.4,53.6
322,349290,2017,9,21,80.0,96.8,64.4
323,349290,2017,6,3,66.4,75.2,53.6
324,349290,2017,4,12,51.2,66.2,35.6
325,349290,2017,11,2,47.2,53.6,37.4
326,349290,2017,4,18,62.9,77.0,50.0
327,349290,2017,10,31,43.2,50.0,37.4
328,349290,2017,3,14,45.4,48.2,39.2
329,349290,2017,8,11,84.0,93.2,75.2
330,349290,2017,12,18,48.5,57.2,42.8
331,349290,2017,1,8,35.0,42.8,32.0
332,349290,2017,11,5,44.5,57.2,33.8
333,349290,2017,2,2,27.9,35.6,10.4
334,349290,2017,11,11,47.8,53.6,44.6
335,349290,2017,4,26,51.6,66.2,35.6
336,349290,2017,2,23,43.3,48.2,33.8
337,349290,2017,7,25,79.0,89.6,66.2
338,349290,2017,1,20,23.7,24.8,19.4
339,349290,2017,5,25,55.6,62.6,48.2
340,349290,2017,7,16,79.0,89.6,68.0
341,349290,2017,11,21,48.3,57.2,37.4
342,349290,2017,6,7,72.6,80.6,66.2
343,349290,2017,6,14,68.2,80.6,55.4
344,349290,2017,1,5,45.8,51.8,39.2
345,349290,2017,11,30,44.9,50.0,37.4
346,349290,2017,9,6,68.2,73.4,62.6
347,349290,2017,2,18,25.3,39.2,8.6
348,349290,2017,5,15,61.2,66.2,59.0
349,349290,2017,5,26,63.1,77.0,46.4
350,349290,2017,11,24,32.2,33.8,26.6
351,349290,2017,7,28,83.1,96.8,71.6
352,349290,2017,10,2,51.9,60.8,42.8
353,349290,2017,10,26,43.3,44.6,41.0
354,349290,2017,9,9,70.5,84.2,55.4
355,349290,2017,8,29,74.5,86.0,64.4
356,349290,2017,4,3,49.1,64.4,32.0
357,349290,2017,12,4,48.6,59.0,39.2
358,349290,2017,7,8,69.0,78.8,55.4
359,349290,2017,7,11,73.7,86.0,59.0
360,349290,2017,7,10,73.0,80.6,59.0
361,349290,2017,9,25,68.5,80.6,57.2
362,349290,2017,10,6,58.8,73.4,48.2
0,349290,2018,9,24,61.4,64.4,57.2
1,349290,2018,9,18,61.1,71.6,50.0
2,349290,2018,4,11,56.6,75.2,42.8
3,349290,2018,9,20,65.2,78.8,50.0
4,349290,2018,11,16,36.3,39.2,33.8
5,349290,2018,9,15,70.7,77.0,64.4
6,349290,2018,9,16,68.3,71.6,64.4
7,349290,2018,7,8,78.3,93.2,62.6
8,349290,2018,10,19,58.7,75.2,42.8
9,349290,2018,8,8,80.5,95.0,69.8
10,349290,2018,9,19,63.3,77.0,46.4
11,349290,2018,5,28,69.7,80.6,57.2
12,349290,2018,10,23,56.0,64.4,48.2
13,349290,2018,9,23,70.3,80.6,60.8
14,349290,2018,6,5,72.2,84.2,59.0
15,349290,2018,6,11,70.4,82.4,59.0
16,349290,2018,6,12,72.7,86.0,51.8
17,349290,2018,9,13,73.4,86.0,59.0
18,349290,2018,2,23,35.2,39.2,28.4
19,349290,2018,5,10,62.6,69.8,55.4
20,349290,2018,4,2,52.9,68.0,44.6
21,349290,2018,7,5,77.2,87.8,60.8
22,349290,2018,10,9,60.1,75.2,42.8
23,349290,2018,12,31,37.5,39.2,33.8
24,349290,2018,9,26,55.4,64.4,42.8
25,349290,2018,9,12,69.6,80.6,59.0
26,349290,2018,9,6,76.8,86.0,66.2
27,349290,2018,3,10,40.3,46.4,35.6
28,349290,2018,1,15,30.0,33.8,26.6
29,349290,2018,12,16,30.9,32.0,28.4
30,349290,2018,5,15,63.1,71.6,51.8
31,349290,2018,3,7,52.1,62.6,39.2
32,349290,2018,6,15,81.1,96.8,66.2
33,349290,2018,6,16,73.7,80.6,68.0
34,349290,2018,12,25,40.2,46.4,32.0
35,349290,2018,11,25,34.3,44.6,23.0
36,349290,2018,12,27,33.7,37.4,30.2
37,349290,2018,12,28,33.5,35.6,32.0
38,349290,2018,9,9,70.9,80.6,60.8
39,349290,2018,10,12,59.4,69.8,50.0
40,349290,2018,6,10,72.1,86.0,57.2
41,349290,2018,5,12,56.4,68.0,39.2
42,349290,2018,6,22,83.5,98.6,64.4
43,349290,2018,11,23,27.9,30.2,23.0
44,349290,2018,5,13,57.3,64.4,46.4
45,349290,2018,3,29,44.8,48.2,39.2
46,349290,2018,5,14,58.2,62.6,55.4
47,349290,2018,4,21,53.7,62.6,44.6
48,349290,2018,10,26,47.6,57.2,41.0
49,349290,2018,1,31,39.0,44.6,33.8
50,349290,2018,5,6,69.2,80.6,59.0
51,349290,2018,8,16,81.1,93.2,66.2
52,349290,2018,10,16,64.9,77.0,53.6
53,349290,2018,6,28,86.2,102.2,69.8
54,349290,2018,1,18,33.6,41.0,28.4
55,349290,2018,2,24,28.4,30.2,26.6
56,349290,2018,6,2,62.6,73.4,48.2
57,349290,2018,10,28,55.3,69.8,42.8
58,349290,2018,10,13,56.5,69.8,44.6
59,349290,2018,9,25,60.1,68.0,55.4
60,349290,2018,2,9,40.7,46.4,33.8
61,349290,2018,5,17,71.7,84.2,59.0
62,349290,2018,3,12,35.0,41.0,32.0
63,349290,2018,2,21,36.4,41.0,32.0
64,349290,2018,11,10,39.6,42.8,37.4
65,349290,2018,5,11,57.8,66.2,42.8
66,349290,2018,9,21,68.3,84.2,51.8
67,349290,2018,8,21,72.6,87.8,57.2
68,349290,2018,4,26,64.5,80.6,46.4
69,349290,2018,2,1,38.4,48.2,30.2
70,349290,2018,5,9,58.2,59.0,55.4
71,349290,2018,12,4,35.8,41.0,32.0
72,349290,2018,5,2,67.5,84.2,51.8
73,349290,2018,4,28,61.5,71.6,51.8
74,349290,2018,12,26,31.2,32.0,24.8
75,349290,2018,11,8,42.0,57.2,32.0
76,349290,2018,9,1,75.7,87.8,64.4
77,349290,2018,4,23,54.1,66.2,37.4
78,349290,2018,8,3,77.5,87.8,64.4
79,349290,2018,12,22,40.5,46.4,35.6
80,349290,2018,3,24,45.4,51.8,37.4
81,349290,2018,3,5,30.7,37.4,24.8
82,349290,2018,7,19,74.7,80.6,68.0
83,349290,2018,12,11,44.6,48.2,41.0
84,349290,2018,1,1,43.7,46.4,41.0
85,349290,2018,3,4,42.9,57.2,30.2
86,349290,2018,5,27,68.4,77.0,59.0
87,349290,2018,7,20,73.6,82.4,66.2
88,349290,2018,10,31,52.5,64.4,46.4
89,349290,2018,8,4,76.4,91.4,62.6
90,349290,2018,1,22,37.7,44.6,33.8
91,349290,2018,12,8,34.2,39.2,26.6
92,349290,2018,8,17,82.2,95.0,69.8
93,349290,2018,7,1,80.8,93.2,69.8
94,349290,2018,2,3,49.0,55.4,44.6
95,349290,2018,2,4,53.3,57.2,46.4
96,349290,2018,8,29,80.1,93.2,66.2
97,349290,2018,2,12,43.4,50.0,37.4
98,349290,2018,3,27,51.1,60.8,44.6
99,349290,2018,4,22,56.5,62.6,50.0
100,349290,2018,2,8,39.1,48.2,30.2
101,349290,2018,7,17,73.6,80.6,66.2
102,349290,2018,10,11,61.0,73.4,50.0
103,349290,2018,9,4,76.8,86.0,68.0
104,349290,2018,5,18,67.4,78.8,55.4
105,349290,2018,11,7,44.1,55.4,35.6
106,349290,2018,10,6,48.6,60.8,35.6
107,349290,2018,10,18,60.7,73.4,48.2
108,349290,2018,7,2,79.9,89.6,68.0
109,349290,2018,8,14,76.1,91.4,57.2
110,349290,2018,5,30,67.2,77.0,57.2
111,349290,2018,2,27,27.0,33.8,17.6
112,349290,2018,2,26,19.2,23.0,14.0
113,349290,2018,12,10,41.2,50.0,33.8
114,349290,2018,6,26,79.2,95.0,68.0
115,349290,2018,8,28,80.5,91.4,69.8
116,349290,2018,3,2,35.1,42.8,28.4
117,349290,2018,1,7,39.9,51.8,33.8
118,349290,2018,8,20,76.0,86.0,62.6
119,349290,2018,4,30,65.9,78.8,51.8
120,349290,2018,6,23,74.0,78.8,69.8
121,349290,2018,3,6,39.2,51.8,23.0
122,349290,2018,4,9,60.9,71.6,50.0
123,349290,2018,1,27,28.4,33.8,24.8
124,349290,2018,1,5,40.2,44.6,35.6
125,349290,2018,3,30,41.1,44.6,37.4
126,349290,2018,6,4,70.8,84.2,55.4
127,349290,2018,12,18,31.7,35.6,26.6
128,349290,2018,12,3,32.1,35.6,26.6
129,349290,2018,11,13,29.8,33.8,26.6
130,349290,2018,6,1,67.2,75.2,51.8
131,349290,2018,4,5,50.8,62.6,35.6
132,349290,2018,1,3,37.5,41.0,33.8
133,349290,2018,8,24,78.7,89.6,66.2
134,349290,2018,2,14,37.3,42.8,32.0
135,349290,2018,8,5,78.3,89.6,60.8
136,349290,2018,5,24,69.4,71.6,64.4
137,349290,2018,1,24,28.0,32.0,21.2
138,349290,2018,4,6,56.7,69.8,44.6
139,349290,2018,3,21,47.3,53.6,39.2
140,349290,2018,8,25,78.7,89.6,68.0
141,349290,2018,1,16,32.3,35.6,28.4
142,349290,2018,10,5,50.7,60.8,35.6
143,349290,2018,6,7,69.3,78.8,59.0
144,349290,2018,10,29,52.2,71.6,39.2
145,349290,2018,12,9,36.3,46.4,24.8
146,349290,2018,3,17,49.6,60.8,33.8
147,349290,2018,12,14,37.5,46.4,32.0
148,349290,2018,8,26,80.4,89.6,68.0
149,349290,2018,11,3,46.6,60.8,35.6
150,349290,2018,7,10,86.1,98.6,69.8
151,349290,2018,2,19,36.8,39.2,35.6
152,349290,2018,1,23,38.1,46.4,33.8
153,349290,2018,9,8,65.9,69.8,62.6
154,349290,2018,3,1,36.7,41.0,28.4
155,349290,2018,12,17,29.4,32.0,24.8
156,349290,2018,6,19,75.6,89.6,59.0
157,349290,2018,3,16,41.7,46.4,37.4
158,349290,2018,5,1,63.8,80.6,48.2
159,349290,2018,1,20,38.8,48.2,30.2
160,349290,2018,5,20,72.9,84.2,64.4
161,349290,2018,6,8,69.4,80.6,57.2
162,349290,2018,3,20,48.5,60.8,39.2
163,349290,2018,6,3,66.5,82.4,48.2
164,349290,2018,7,30,81.9,95.0,69.8
165,349290,2018,3,15,48.1,57.2,41.0
166,349290,2018,1,25,23.3,28.4,17.6
167,349290,2018,8,13,69.6,84.2,53.6
168,349290,2018,3,3,45.4,57.2,35.6
169,349290,2018,10,25,52.0,57.2,42.8
170,349290,2018,2,18,37.7,39.2,35.6
171,349290,2018,5,4,72.2,86.0,55.4
172,349290,2018,4,13,56.8,66.2,46.4
173,349290,2018,10,7,52.6,68.0,39.2
174,349290,2018,2,10,42.9,53.6,33.8
175,349290,2018,7,7,77.8,89.6,62.6
176,349290,2018,9,11,67.9,75.2,60.8
177,349290,2018,7,16,72.9,82.4,66.2
178,349290,2018,8,23,77.2,87.8,60.8
179,349290,2018,4,3,48.5,57.2,41.0
180,349290,2018,12,23,45.0,50.0,39.2
181,349290,2018,3,25,38.2,41.0,35.6
182,349290,2018,4,4,49.0,59.0,35.6
183,349290,2018,7,4,77.9,89.6,60.8
184,349290,2018,2,6,34.3,41.0,28.4
185,349290,2018,1,8,45.4,53.6,37.4
186,349290,2018,11,28,41.4,48.2,30.2
187,349290,2018,11,1,51.0,57.2,46.4
188,349290,2018,9,10,70.1,80.6,60.8
189,349290,2018,12,24,38.2,42.8,32.0
190,349290,2018,1,4,38.5,42.8,32.0
191,349290,2018,12,7,35.4,37.4,33.8
192,349290,2018,10,8,54.1,69.8,41.0
193,349290,2018,1,6,37.5,39.2,35.6
194,349290,2018,1,30,42.4,46.4,37.4
195,349290,2018,11,30,30.9,35.6,24.8
196,349290,2018,5,26,70.2,78.8,62.6
197,349290,2018,1,19,33.9,39.2,32.0
198,349290,2018,11,2,51.7,60.8,42.8
199,349290,2018,12,12,42.0,46.4,33.8
200,349290,2018,12,13,35.8,42.8,28.4
201,349290,2018,8,18,83.7,95.0,69.8
202,349290,2018,9,7,67.6,73.4,62.6
203,349290,2018,10,4,58.8,64.4,48.2
204,349290,2018,9,3,76.8,86.0,68.0
205,349290,2018,7,27,81.8,93.2,71.6
206,349290,2018,3,9,38.4,41.0,35.6
207,349290,2018,7,22,74.6,86.0,68.0
208,349290,2018,2,5,38.2,44.6,33.8
209,349290,2018,7,23,74.9,86.0,64.4
210,349290,2018,3,8,52.9,62.6,39.2
211,349290,2018,2,20,35.9,39.2,33.8
212,349290,2018,7,14,80.9,93.2,69.8
213,349290,2018,4,17,55.4,69.8,37.4
214,349290,2018,8,12,69.8,80.6,57.2
215,349290,2018,3,26,44.3,50.0,37.4
216,349290,2018,1,26,29.4,35.6,24.8
217,349290,2018,6,18,72.8,86.0,60.8
218,349290,2018,10,20,60.7,69.8,51.8
219,349290,2018,10,14,55.3,71.6,41.0
220,349290,2018,9,14,68.5,80.6,64.4
221,349290,2018,11,26,37.8,44.6,32.0
222,349290,2018,2,2,42.4,55.4,28.4
223,349290,2018,10,21,60.9,66.2,57.2
224,349290,2018,4,14,51.4,62.6,37.4
225,349290,2018,5,3,70.2,86.0,50.0
226,349290,2018,5,25,74.2,84.2,60.8
227,349290,2018,5,19,69.7,84.2,53.6
228,349290,2018,3,13,40.3,55.4,30.2
229,349290,2018,7,3,80.4,91.4,68.0
230,349290,2018,11,6,48.9,57.2,39.2
231,349290,2018,8,10,71.7,82.4,60.8
232,349290,2018,2,11,41.0,44.6,39.2
233,349290,2018,6,21,81.1,95.0,60.8
234,349290,2018,11,14,36.9,39.2,33.8
235,349290,2018,4,27,68.1,86.0,50.0
236,349290,2018,7,31,84.3,96.8,71.6
237,349290,2018,8,6,80.4,93.2,66.2
238,349290,2018,8,15,80.1,95.0,60.8
239,349290,2018,10,24,57.3,60.8,51.8
240,349290,2018,2,16,39.4,48.2,32.0
241,349290,2018,7,21,75.2,84.2,66.2
242,349290,2018,1,2,40.9,44.6,37.4
243,349290,2018,5,23,74.4,84.2,66.2
244,349290,2018,7,13,83.2,95.0,71.6
245,349290,2018,3,22,35.2,37.4,32.0
246,349290,2018,10,15,60.7,75.2,37.4
247,349290,2018,6,30,81.4,89.6,75.2
248,349290,2018,5,7,64.2,66.2,59.0
249,349290,2018,9,28,55.1,66.2,39.2
250,349290,2018,2,25,25.6,28.4,19.4
251,349290,2018,6,6,71.7,82.4,59.0
252,349290,2018,7,11,85.9,95.0,69.8
253,349290,2018,9,27,53.2,68.0,39.2
254,349290,2018,4,18,58.0,69.8,44.6
255,349290,2018,8,19,77.2,84.2,68.0
256,349290,2018,5,22,72.5,84.2,59.0
257,349290,2018,8,9,70.0,73.4,64.4
258,349290,2018,11,24,30.7,42.8,23.0
259,349290,2018,10,2,64.9,78.8,57.2
260,349290,2018,9,30,60.1,68.0,51.8
261,349290,2018,6,13,74.6,89.6,59.0
262,349290,2018,9,29,63.5,73.4,53.6
263,349290,2018,12,5,41.3,48.2,35.6
264,349290,2018,8,22,77.6,91.4,60.8
265,349290,2018,4,12,62.6,73.4,48.2
266,349290,2018,3,14,43.6,55.4,35.6
267,349290,2018,2,17,40.7,50.0,33.8
268,349290,2018,6,29,84.8,98.6,68.0
269,349290,2018,4,25,60.3,73.4,46.4
270,349290,2018,10,3,65.5,77.0,59.0
271,349290,2018,1,14,24.8,30.2,21.2
272,349290,2018,12,30,39.8,42.8,33.8
273,349290,2018,1,29,36.1,39.2,32.0
274,349290,2018,1,10,30.7,37.4,23.0
275,349290,2018,12,21,33.6,35.6,32.0
276,349290,2018,3,31,46.5,57.2,39.2
277,349290,2018,3,11,40.8,42.8,37.4
278,349290,2018,2,22,38.2,42.8,35.6
279,349290,2018,3,23,38.3,42.8,32.0
280,349290,2018,6,25,77.4,91.4,64.4
281,349290,2018,6,9,70.8,84.2,55.4
282,349290,2018,7,26,79.3,91.4,69.8
283,349290,2018,10,27,50.4,59.0,39.2
284,349290,2018,9,5,77.4,87.8,68.0
285,349290,2018,5,31,69.4,80.6,53.6
286,349290,2018,12,1,35.8,37.4,33.8
287,349290,2018,4,20,51.9,57.2,48.2
288,349290,2018,5,8,63.4,69.8,55.4
289,349290,2018,7,6,74.2,80.6,64.4
290,349290,2018,2,28,37.5,44.6,30.2
291,349290,2018,1,21,40.8,51.8,33.8
292,349290,2018,10,10,62.4,75.2,50.0
293,349290,2018,11,12,33.9,39.2,28.4
294,349290,2018,2,15,39.3,48.2,32.0
295,349290,2018,1,9,35.6,44.6,26.6
296,349290,2018,11,27,49.7,55.4,35.6
297,349290,2018,6,17,71.3,77.0,68.0
298,349290,2018,11,9,39.7,51.8,30.2
299,349290,2018,4,19,55.8,64.4,50.0
300,349290,2018,7,12,82.9,91.4,73.4
301,349290,2018,6,14,78.7,91.4,57.2
302,349290,2018,1,12,29.2,30.2,24.8
303,349290,2018,10,22,58.6,60.8,50.0
304,349290,2018,5,5,72.9,86.0,57.2
305,349290,2018,7,18,76.9,86.0,69.8
306,349290,2018,8,30,81.7,93.2,64.4
307,349290,2018,2,7,34.3,46.4,26.6
308,349290,2018,11,11,40.2,42.8,37.4
309,349290,2018,12,19,34.0,39.2,32.0
310,349290,2018,11,29,25.8,30.2,24.8
311,349290,2018,12,2,35.8,42.8,28.4
312,349290,2018,4,16,50.6,64.4,32.0
313,349290,2018,4,29,62.8,75.2,44.6
314,349290,2018,7,24,78.7,89.6,66.2
315,349290,2018,1,13,23.7,26.6,21.2
316,349290,2018,4,8,58.0,69.8,41.0
317,349290,2018,8,27,79.8,91.4,66.2
318,349290,2018,11,5,47.3,59.0,35.6
319,349290,2018,7,28,81.4,91.4,71.6
320,349290,2018,12,29,39.3,42.8,37.4
321,349290,2018,1,11,29.3,35.6,23.0
322,349290,2018,4,1,54.1,69.8,35.6
323,349290,2018,2,13,35.6,37.4,33.8
324,349290,2018,12,6,39.4,42.8,35.6
325,349290,2018,12,20,33.7,39.2,30.2
326,349290,2018,6,27,82.4,95.0,69.8
327,349290,2018,10,17,62.9,77.0,51.8
328,349290,2018,3,19,46.2,64.4,37.4
329,349290,2018,4,10,58.8,73.4,42.8
330,349290,2018,11,4,45.1,60.8,33.8
331,349290,2018,3,18,57.0,71.6,39.2
332,349290,2018,3,28,47.6,53.6,44.6
333,349290,2018,8,7,81.9,95.0,66.2
334,349290,2018,1,17,33.7,41.0,30.2
335,349290,2018,6,24,74.2,82.4,66.2
336,349290,2018,10,30,51.7,69.8,37.4
337,349290,2018,9,2,75.8,84.2,68.0
338,349290,2018,6,20,77.6,91.4,57.2
339,349290,2018,8,11,70.8,82.4,59.0
340,349290,2018,4,7,54.5,69.8,39.2
341,349290,2018,7,9,83.1,95.0,69.8
342,349290,2018,9,22,68.2,86.0,55.4
343,349290,2018,5,16,69.6,80.6,55.4
344,349290,2018,8,2,80.6,91.4,68.0
345,349290,2018,8,1,83.8,98.6,71.6
346,349290,2018,10,1,65.0,80.6,50.0
347,349290,2018,11,15,36.0,37.4,33.8
348,349290,2018,5,21,69.6,78.8,60.8
349,349290,2018,12,15,34.0,39.2,28.4
350,349290,2018,7,25,85.5,96.8,71.6
351,349290,2018,8,31,74.2,80.6,66.2
352,349290,2018,7,29,80.4,91.4,69.8
353,349290,2018,7,15,75.0,84.2,68.0
354,349290,2018,1,28,29.5,33.8,24.8
355,349290,2018,5,29,71.3,80.6,60.8
356,349290,2018,4,15,48.7,60.8,33.8
357,349290,2018,4,24,54.1,66.2,35.6
0,349290,2019,3,13,33.8,37.4,28.4
1,349290,2019,11,26,39.0,50.0,26.6
2,349290,2019,11,23,29.2,41.0,23.0
3,349290,2019,10,25,54.1,69.8,41.0
4,349290,2019,3,5,46.2,57.2,33.8
5,349290,2019,7,16,69.4,77.0,64.4
6,349290,2019,9,28,58.0,66.2,46.4
7,349290,2019,10,26,53.8,62.6,44.6
8,349290,2019,3,10,51.4,62.6,44.6
9,349290,2019,9,9,70.9,80.6,60.8
10,349290,2019,8,8,72.5,86.0,57.2
11,349290,2019,8,20,81.0,93.2,68.0
12,349290,2019,12,31,34.8,41.0,32.0
13,349290,2019,3,18,43.2,53.6,35.6
14,349290,2019,7,5,75.2,86.0,62.6
15,349290,2019,9,10,71.2,80.6,60.8
16,349290,2019,10,11,59.8,73.4,46.4
17,349290,2019,10,21,52.5,62.6,41.0
18,349290,2019,2,2,44.2,50.0,35.6
19,349290,2019,2,26,38.0,46.4,32.0
20,349290,2019,7,9,74.2,84.2,62.6
21,349290,2019,10,30,48.7,55.4,37.4
22,349290,2019,11,25,37.0,50.0,24.8
23,349290,2019,10,14,55.7,73.4,42.8
24,349290,2019,12,5,30.1,37.4,24.8
25,349290,2019,8,26,77.4,89.6,64.4
26,349290,2019,2,7,35.4,37.4,33.8
27,349290,2019,4,15,56.4,62.6,50.0
28,349290,2019,12,6,33.1,44.6,24.8
29,349290,2019,3,20,46.0,60.8,33.8
30,349290,2019,3,23,40.1,46.4,32.0
31,349290,2019,10,28,49.1,57.2,39.2
32,349290,2019,10,20,54.1,62.6,46.4
33,349290,2019,1,25,41.8,50.0,33.8
34,349290,2019,4,16,53.6,59.0,46.4
35,349290,2019,6,11,78.3,89.6,66.2
36,349290,2019,6,16,79.1,93.2,64.4
37,349290,2019,8,10,74.1,86.0,62.6
38,349290,2019,8,11,72.6,84.2,59.0
39,349290,2019,12,4,32.5,37.4,23.0
40,349290,2019,1,26,40.0,44.6,33.8
41,349290,2019,3,25,42.6,53.6,32.0
42,349290,2019,3,28,40.7,48.2,35.6
43,349290,2019,5,28,68.6,78.8,55.4
44,349290,2019,6,29,69.6,77.0,60.8
45,349290,2019,9,20,55.0,62.6,44.6
46,349290,2019,11,15,47.9,60.8,32.0
47,349290,2019,1,11,46.8,51.8,35.6
48,349290,2019,3,1,39.4,42.8,35.6
49,349290,2019,7,8,77.1,89.6,62.6
50,349290,2019,3,19,46.0,59.0,33.8
51,349290,2019,8,31,74.1,86.0,57.2
52,349290,2019,11,1,35.3,41.0,28.4
53,349290,2019,5,2,62.8,73.4,53.6
54,349290,2019,5,13,61.9,69.8,51.8
55,349290,2019,10,19,59.5,69.8,53.6
56,349290,2019,12,17,39.6,53.6,28.4
57,349290,2019,1,6,34.9,37.4,32.0
58,349290,2019,2,25,33.5,41.0,24.8
59,349290,2019,5,16,73.5,84.2,59.0
60,349290,2019,7,24,75.5,84.2,66.2
61,349290,2019,8,29,71.1,80.6,62.6
62,349290,2019,9,23,61.9,73.4,44.6
63,349290,2019,1,19,39.4,46.4,28.4
64,349290,2019,1,28,35.2,39.2,28.4
65,349290,2019,2,21,40.9,48.2,28.4
66,349290,2019,7,6,74.8,87.8,57.2
67,349290,2019,8,5,65.8,75.2,57.2
68,349290,2019,9,1,73.7,86.0,60.8
69,349290,2019,10,12,54.6,66.2,39.2
70,349290,2019,5,12,60.6,66.2,55.4
71,349290,2019,8,15,79.6,91.4,66.2
72,349290,2019,9,11,72.4,82.4,62.6
73,349290,2019,11,19,37.5,53.6,24.8
74,349290,2019,12,21,36.6,48.2,30.2
75,349290,2019,4,11,58.0,71.6,48.2
76,349290,2019,7,11,64.6,68.0,60.8
77,349290,2019,10,15,56.5,73.4,39.2
78,349290,2019,1,3,37.6,41.0,35.6
79,349290,2019,8,14,79.8,93.2,68.0
80,349290,2019,9,26,56.2,59.0,53.6
81,349290,2019,11,27,46.0,51.8,41.0
82,349290,2019,3,17,43.8,48.2,35.6
83,349290,2019,1,16,34.3,41.0,30.2
84,349290,2019,3,21,46.0,57.2,32.0
85,349290,2019,3,26,45.2,59.0,32.0
86,349290,2019,4,23,52.6,64.4,37.4
87,349290,2019,6,7,72.6,86.0,60.8
88,349290,2019,6,25,80.8,89.6,69.8
89,349290,2019,9,25,54.3,60.8,48.2
90,349290,2019,10,13,53.5,69.8,39.2
91,349290,2019,11,17,40.9,57.2,28.4
92,349290,2019,1,15,43.2,46.4,39.2
93,349290,2019,3,8,43.0,57.2,32.0
94,349290,2019,7,15,68.4,75.2,62.6
95,349290,2019,8,27,78.9,91.4,64.4
96,349290,2019,8,21,81.6,93.2,69.8
97,349290,2019,9,19,61.3,68.0,55.4
98,349290,2019,1,22,33.7,41.0,30.2
99,349290,2019,7,21,70.1,75.2,64.4
100,349290,2019,1,30,40.8,51.8,35.6
101,349290,2019,12,14,44.0,50.0,37.4
102,349290,2019,5,30,76.3,91.4,59.0
103,349290,2019,3,2,37.0,44.6,26.6
104,349290,2019,5,18,73.9,86.0,64.4
105,349290,2019,8,19,72.4,80.6,66.2
106,349290,2019,4,22,50.7,60.8,41.0
107,349290,2019,8,28,74.1,86.0,59.0
108,349290,2019,11,9,52.9,71.6,37.4
109,349290,2019,2,19,30.4,39.2,23.0
110,349290,2019,10,31,37.0,44.6,28.4
111,349290,2019,12,9,40.2,44.6,35.6
112,349290,2019,1,5,33.4,35.6,32.0
113,349290,2019,3,15,44.4,48.2,41.0
114,349290,2019,3,31,48.6,62.6,32.0
115,349290,2019,11,30,48.9,53.6,37.4
116,349290,2019,12,19,52.3,60.8,44.6
117,349290,2019,1,8,35.8,41.0,32.0
118,349290,2019,1,21,42.4,53.6,30.2
119,349290,2019,2,9,37.3,41.0,35.6
120,349290,2019,5,20,66.1,73.4,60.8
121,349290,2019,8,3,69.3,80.6,57.2
122,349290,2019,4,25,58.3,73.4,42.8
123,349290,2019,8,22,75.9,86.0,64.4
124,349290,2019,4,21,49.2,57.2,39.2
125,349290,2019,5,15,66.8,78.8,50.0
126,349290,2019,9,16,64.4,80.6,50.0
127,349290,2019,2,11,42.4,51.8,33.8
128,349290,2019,3,3,33.2,39.2,26.6
129,349290,2019,6,12,77.8,87.8,68.0
130,349290,2019,11,12,48.3,60.8,35.6
131,349290,2019,12,3,35.9,48.2,30.2
132,349290,2019,6,21,84.1,95.0,73.4
133,349290,2019,7,31,78.0,87.8,68.0
134,349290,2019,8,16,76.4,82.4,69.8
135,349290,2019,9,22,57.0,66.2,42.8
136,349290,2019,10,8,51.1,60.8,46.4
137,349290,2019,10,24,53.4,69.8,41.0
138,349290,2019,11,13,47.4,57.2,41.0
139,349290,2019,10,18,58.7,73.4,42.8
140,349290,2019,12,23,48.2,59.0,42.8
141,349290,2019,4,24,55.2,68.0,39.2
142,349290,2019,7,22,72.7,82.4,64.4
143,349290,2019,10,3,63.7,78.8,51.8
144,349290,2019,11,22,30.9,37.4,24.8
145,349290,2019,12,10,38.3,50.0,28.4
146,349290,2019,9,30,62.6,75.2,50.0
147,349290,2019,6,10,79.4,91.4,66.2
148,349290,2019,6,22,82.5,93.2,75.2
149,349290,2019,9,2,73.0,87.8,55.4
150,349290,2019,9,27,61.8,71.6,55.4
151,349290,2019,3,9,50.4,64.4,37.4
152,349290,2019,4,26,59.7,75.2,44.6
153,349290,2019,5,24,72.0,80.6,57.2
154,349290,2019,12,30,37.1,39.2,35.6
155,349290,2019,1,18,35.2,46.4,23.0
156,349290,2019,2,14,37.8,41.0,33.8
157,349290,2019,4,1,45.2,55.4,33.8
158,349290,2019,5,5,61.6,73.4,46.4
159,349290,2019,8,7,70.1,80.6,53.6
160,349290,2019,1,10,36.9,42.8,32.0
161,349290,2019,5,29,74.2,86.0,60.8
162,349290,2019,9,6,67.5,80.6,60.8
163,349290,2019,12,25,44.0,50.0,41.0
164,349290,2019,4,6,54.6,71.6,37.4
165,349290,2019,10,4,67.0,84.2,53.6
166,349290,2019,10,7,53.6,62.6,44.6
167,349290,2019,3,16,45.0,46.4,42.8
168,349290,2019,11,7,54.9,77.0,41.0
169,349290,2019,9,21,49.2,62.6,44.6
170,349290,2019,9,18,69.5,78.8,60.8
171,349290,2019,5,22,66.7,75.2,59.0
172,349290,2019,2,24,26.1,28.4,24.8
173,349290,2019,6,1,77.5,89.6,64.4
174,349290,2019,6,26,81.3,91.4,68.0
175,349290,2019,10,22,52.2,64.4,39.2
176,349290,2019,11,5,53.8,69.8,37.4
177,349290,2019,5,10,59.8,68.0,51.8
178,349290,2019,7,28,75.3,84.2,64.4
179,349290,2019,8,12,73.2,86.0,57.2
180,349290,2019,12,7,30.3,42.8,21.2
181,349290,2019,1,4,38.9,46.4,33.8
182,349290,2019,4,12,55.5,62.6,48.2
183,349290,2019,6,2,78.9,89.6,66.2
184,349290,2019,6,18,79.7,91.4,66.2
185,349290,2019,8,13,77.2,87.8,64.4
186,349290,2019,8,25,79.8,93.2,68.0
187,349290,2019,10,9,47.7,53.6,42.8
188,349290,2019,1,17,31.5,41.0,23.0
189,349290,2019,2,3,46.4,55.4,37.4
190,349290,2019,12,8,33.5,41.0,19.4
191,349290,2019,2,17,41.8,50.0,35.6
192,349290,2019,2,18,40.9,46.4,26.6
193,349290,2019,5,3,56.9,66.2,46.4
194,349290,2019,6,14,78.8,87.8,68.0
195,349290,2019,7,19,73.1,80.6,60.8
196,349290,2019,12,22,41.8,50.0,30.2
197,349290,2019,3,6,46.6,51.8,39.2
198,349290,2019,5,7,70.0,87.8,55.4
199,349290,2019,7,7,76.6,86.0,62.6
200,349290,2019,7,10,70.7,78.8,60.8
201,349290,2019,11,11,49.4,71.6,35.6
202,349290,2019,12,20,40.3,46.4,33.8
203,349290,2019,2,20,38.6,50.0,24.8
204,349290,2019,3,7,43.9,53.6,32.0
205,349290,2019,6,4,75.5,86.0,66.2
206,349290,2019,3,11,50.9,57.2,39.2
207,349290,2019,5,23,68.8,78.8,55.4
208,349290,2019,10,2,63.0,77.0,46.4
209,349290,2019,10,27,50.2,66.2,41.0
210,349290,2019,5,1,65.9,80.6,50.0
211,349290,2019,6,19,81.1,95.0,62.6
212,349290,2019,6,27,80.3,91.4,68.0
213,349290,2019,9,3,69.7,86.0,53.6
214,349290,2019,11,29,50.5,57.2,42.8
215,349290,2019,6,23,73.5,80.6,68.0
216,349290,2019,12,11,33.1,33.8,30.2
217,349290,2019,4,4,40.9,50.0,30.2
218,349290,2019,4,9,60.2,75.2,44.6
219,349290,2019,5,11,63.0,75.2,51.8
220,349290,2019,6,17,80.0,91.4,68.0
221,349290,2019,7,18,72.5,78.8,64.4
222,349290,2019,9,13,70.5,82.4,59.0
223,349290,2019,11,3,41.4,57.2,30.2
224,349290,2019,12,12,32.0,33.8,28.4
225,349290,2019,2,8,35.9,39.2,33.8
226,349290,2019,2,12,42.5,55.4,32.0
227,349290,2019,4,30,63.3,77.0,50.0
228,349290,2019,6,28,78.7,89.6,66.2
229,349290,2019,12,27,42.7,42.8,41.0
230,349290,2019,2,5,32.8,35.6,30.2
231,349290,2019,12,18,44.0,59.0,28.4
232,349290,2019,1,7,36.8,42.8,32.0
233,349290,2019,9,29,59.2,71.6,48.2
234,349290,2019,1,2,36.4,39.2,32.0
235,349290,2019,9,14,64.9,78.8,50.0
236,349290,2019,12,16,42.8,50.0,32.0
237,349290,2019,7,29,76.6,87.8,64.4
238,349290,2019,2,1,42.0,48.2,37.4
239,349290,2019,2,27,34.4,39.2,32.0
240,349290,2019,4,17,48.0,53.6,41.0
241,349290,2019,5,14,63.7,75.2,51.8
242,349290,2019,7,12,67.4,77.0,60.8
243,349290,2019,10,6,58.3,66.2,48.2
244,349290,2019,7,27,74.9,84.2,64.4
245,349290,2019,7,30,76.9,86.0,66.2
246,349290,2019,8,4,69.5,78.8,60.8
247,349290,2019,8,18,68.9,71.6,66.2
248,349290,2019,9,5,74.2,89.6,57.2
249,349290,2019,12,26,44.0,48.2,39.2
250,349290,2019,3,24,37.5,42.8,32.0
251,349290,2019,5,31,75.3,86.0,60.8
252,349290,2019,7,3,79.3,91.4,62.6
253,349290,2019,8,23,77.2,95.0,62.6
254,349290,2019,11,18,38.9,55.4,26.6
255,349290,2019,12,24,45.1,50.0,41.0
256,349290,2019,8,30,71.8,82.4,60.8
257,349290,2019,1,24,40.0,51.8,30.2
258,349290,2019,3,27,44.6,59.0,32.0
259,349290,2019,7,4,79.0,91.4,66.2
260,349290,2019,8,17,73.9,82.4,68.0
261,349290,2019,5,25,64.8,69.8,60.8
262,349290,2019,6,13,76.5,86.0,68.0
263,349290,2019,8,2,69.7,78.8,57.2
264,349290,2019,12,13,35.5,42.8,26.6
265,349290,2019,3,12,45.1,50.0,37.4
266,349290,2019,4,2,46.3,50.0,41.0
267,349290,2019,7,1,72.1,82.4,57.2
268,349290,2019,10,5,70.3,86.0,55.4
269,349290,2019,2,13,42.7,53.6,33.8
270,349290,2019,5,8,61.7,68.0,55.4
271,349290,2019,5,17,73.0,84.2,59.0
272,349290,2019,7,25,71.9,82.4,66.2
273,349290,2019,3,30,42.3,53.6,28.4
274,349290,2019,5,19,68.7,75.2,62.6
275,349290,2019,8,9,75.5,87.8,60.8
276,349290,2019,9,8,69.5,80.6,57.2
277,349290,2019,11,16,42.6,60.8,30.2
278,349290,2019,1,12,38.8,46.4,35.6
279,349290,2019,4,5,48.1,60.8,35.6
280,349290,2019,4,19,43.0,50.0,35.6
281,349290,2019,6,24,76.2,86.0,68.0
282,349290,2019,7,2,77.9,89.6,62.6
283,349290,2019,3,29,39.2,48.2,30.2
284,349290,2019,4,7,57.1,71.6,41.0
285,349290,2019,4,20,46.3,55.4,39.2
286,349290,2019,10,1,63.1,75.2,53.6
287,349290,2019,1,1,33.9,37.4,28.4
288,349290,2019,1,14,36.3,42.8,33.8
289,349290,2019,7,14,70.3,80.6,57.2
290,349290,2019,1,23,34.9,42.8,30.2
291,349290,2019,4,8,57.9,71.6,42.8
292,349290,2019,4,27,60.6,78.8,44.6
293,349290,2019,9,7,67.2,78.8,57.2
294,349290,2019,11,4,46.2,66.2,32.0
295,349290,2019,2,23,34.4,39.2,26.6
296,349290,2019,3,4,37.9,48.2,26.6
297,349290,2019,4,29,59.4,73.4,42.8
298,349290,2019,5,9,58.2,64.4,51.8
299,349290,2019,6,9,75.4,89.6,59.0
300,349290,2019,11,10,47.8,60.8,35.6
301,349290,2019,11,20,38.1,46.4,33.8
302,349290,2019,1,31,41.5,51.8,33.8
303,349290,2019,4,3,44.5,51.8,32.0
304,349290,2019,4,28,61.9,75.2,46.4
305,349290,2019,8,24,77.7,87.8,64.4
306,349290,2019,10,10,53.5,69.8,41.0
307,349290,2019,10,16,59.4,77.0,42.8
308,349290,2019,5,21,70.7,82.4,55.4
309,349290,2019,10,29,56.3,62.6,51.8
310,349290,2019,11,21,30.3,39.2,26.6
311,349290,2019,1,27,45.2,53.6,37.4
312,349290,2019,3,14,39.3,44.6,28.4
313,349290,2019,5,27,68.2,77.0,57.2
314,349290,2019,6,6,74.7,84.2,62.6
315,349290,2019,7,20,78.2,87.8,68.0
316,349290,2019,7,26,72.3,80.6,64.4
317,349290,2019,6,5,77.2,86.0,68.0
318,349290,2019,11,24,33.6,46.4,21.2
319,349290,2019,2,4,39.4,50.0,30.2
320,349290,2019,2,6,35.8,42.8,32.0
321,349290,2019,4,14,56.4,64.4,46.4
322,349290,2019,8,6,66.7,78.8,55.4
323,349290,2019,9,12,71.1,82.4,60.8
324,349290,2019,10,23,52.0,64.4,41.0
325,349290,2019,12,15,51.6,60.8,46.4
326,349290,2019,1,29,38.9,44.6,32.0
327,349290,2019,2,28,36.8,42.8,32.0
328,349290,2019,3,22,47.9,53.6,42.8
329,349290,2019,6,30,67.3,77.0,55.4
330,349290,2019,9,17,66.4,78.8,50.0
331,349290,2019,9,24,57.6,73.4,44.6
332,349290,2019,11,2,34.5,42.8,26.6
333,349290,2019,11,28,44.2,50.0,35.6
334,349290,2019,12,2,32.5,35.6,28.4
335,349290,2019,1,13,34.6,37.4,32.0
336,349290,2019,4,18,41.3,44.6,37.4
337,349290,2019,12,29,41.6,44.6,39.2
338,349290,2019,2,22,40.4,42.8,35.6
339,349290,2019,9,15,65.8,80.6,51.8
340,349290,2019,10,17,57.3,73.4,44.6
341,349290,2019,11,8,55.7,77.0,39.2
342,349290,2019,11,14,48.1,60.8,41.0
343,349290,2019,4,13,54.9,60.8,46.4
344,349290,2019,6,20,84.0,95.0,66.2
345,349290,2019,7,23,76.0,86.0,64.4
346,349290,2019,4,10,59.4,75.2,48.2
347,349290,2019,11,6,56.3,75.2,41.0
348,349290,2019,12,28,42.3,48.2,39.2
349,349290,2019,2,16,32.7,39.2,21.2
350,349290,2019,9,4,73.3,89.6,51.8
351,349290,2019,1,20,35.2,37.4,33.8
352,349290,2019,5,6,63.6,77.0,50.0
353,349290,2019,6,3,75.7,86.0,68.0
354,349290,2019,12,1,39.0,44.6,33.8
355,349290,2019,1,9,30.0,33.8,24.8
356,349290,2019,2,15,35.4,44.6,26.6
357,349290,2019,6,8,73.0,84.2,59.0
358,349290,2019,7,13,65.5,75.2,59.0
359,349290,2019,2,10,39.6,44.6,35.6
360,349290,2019,5,4,60.7,71.6,44.6
361,349290,2019,5,26,66.4,71.6,60.8
362,349290,2019,6,15,79.6,91.4,62.6
363,349290,2019,7,17,72.6,82.4,59.0
364,349290,2019,8,1,73.8,82.4,60.8
0,349290,2020,3,14,47.0,57.2,39.2
1,349290,2020,3,13,49.7,66.2,32.0
2,349290,2020,8,12,75.9,87.8,66.2
3,349290,2020,11,16,39.5,42.8,37.4
4,349290,2020,1,13,34.8,37.4,32.0
5,349290,2020,6,4,62.4,68.0,55.4
6,349290,2020,1,26,42.5,46.4,35.6
7,349290,2020,8,2,70.0,80.6,57.2
8,349290,2020,11,21,38.6,39.2,37.4
9,349290,2020,2,1,40.9,48.2,32.0
10,349290,2020,2,25,40.0,48.2,28.4
11,349290,2020,2,29,40.0,46.4,33.8
12,349290,2020,4,5,49.5,60.8,35.6
13,349290,2020,4,19,56.3,69.8,42.8
14,349290,2020,3,24,36.2,39.2,32.0
15,349290,2020,11,10,48.7,51.8,42.8
16,349290,2020,3,21,47.8,59.0,39.2
17,349290,2020,5,15,69.4,80.6,55.4
18,349290,2020,5,20,65.5,78.8,48.2
19,349290,2020,5,28,71.2,82.4,60.8
20,349290,2020,11,29,38.4,51.8,28.4
21,349290,2020,12,28,38.9,46.4,33.8
22,349290,2020,3,16,33.1,41.0,24.8
23,349290,2020,4,4,51.4,66.2,35.6
24,349290,2020,4,23,48.7,60.8,33.8
25,349290,2020,6,13,70.1,78.8,64.4
26,349290,2020,8,21,72.7,80.6,62.6
27,349290,2020,9,27,73.3,86.0,62.6
28,349290,2020,4,7,46.0,57.2,30.2
29,349290,2020,7,7,85.8,100.4,71.6
30,349290,2020,7,8,75.3,86.0,68.0
31,349290,2020,8,22,71.9,86.0,60.8
32,349290,2020,9,25,68.5,84.2,50.0
33,349290,2020,1,7,33.9,35.6,30.2
34,349290,2020,4,10,52.2,68.0,32.0
35,349290,2020,7,3,82.3,95.0,68.0
36,349290,2020,9,16,69.1,82.4,53.6
37,349290,2020,9,26,69.4,82.4,59.0
38,349290,2020,11,20,38.5,41.0,35.6
39,349290,2020,3,29,53.8,62.6,46.4
40,349290,2020,6,2,62.7,71.6,51.8
41,349290,2020,12,25,32.2,39.2,23.0
42,349290,2020,3,8,54.3,73.4,37.4
43,349290,2020,10,19,58.9,64.4,50.0
44,349290,2020,2,5,39.4,42.8,35.6
45,349290,2020,2,10,19.2,30.2,6.8
46,349290,2020,7,5,85.6,98.6,71.6
47,349290,2020,7,20,81.7,95.0,66.2
48,349290,2020,8,19,75.1,93.2,57.2
49,349290,2020,1,12,38.7,46.4,33.8
50,349290,2020,1,25,42.0,46.4,35.6
51,349290,2020,5,5,61.7,71.6,55.4
52,349290,2020,11,5,49.5,59.0,41.0
53,349290,2020,11,14,37.8,53.6,28.4
54,349290,2020,2,3,49.3,53.6,44.6
55,349290,2020,2,6,54.3,64.4,41.0
56,349290,2020,7,23,74.1,84.2,62.6
57,349290,2020,8,20,78.5,93.2,60.8
58,349290,2020,6,18,74.1,86.0,60.8
59,349290,2020,7,18,78.3,87.8,66.2
60,349290,2020,9,29,71.1,80.6,60.8
61,349290,2020,10,25,57.1,73.4,42.8
62,349290,2020,10,27,58.9,69.8,50.0
63,349290,2020,5,3,62.7,73.4,50.0
64,349290,2020,5,24,55.4,66.2,42.8
65,349290,2020,8,28,72.0,86.0,60.8
66,349290,2020,9,20,58.2,71.6,42.8
67,349290,2020,3,12,50.8,60.8,37.4
68,349290,2020,3,23,43.0,53.6,33.8
69,349290,2020,4,1,42.1,50.0,35.6
70,349290,2020,8,1,70.5,75.2,60.8
71,349290,2020,2,4,39.4,44.6,32.0
72,349290,2020,4,18,55.6,69.8,37.4
73,349290,2020,7,27,79.8,89.6,69.8
74,349290,2020,9,4,83.1,98.6,68.0
75,349290,2020,10,26,60.1,73.4,51.8
76,349290,2020,1,2,35.9,41.0,28.4
77,349290,2020,5,7,59.8,69.8,51.8
78,349290,2020,6,1,65.5,75.2,51.8
79,349290,2020,8,13,71.5,82.4,57.2
80,349290,2020,8,24,73.1,86.0,57.2
81,349290,2020,2,8,19.6,24.8,12.2
82,349290,2020,2,16,37.5,48.2,26.6
83,349290,2020,3,15,41.0,46.4,33.8
84,349290,2020,4,13,46.0,62.6,26.6
85,349290,2020,8,15,68.7,80.6,53.6
86,349290,2020,10,20,53.0,60.8,39.2
87,349290,2020,8,17,71.1,84.2,53.6
88,349290,2020,11,2,57.3,62.6,51.8
89,349290,2020,12,22,31.5,33.8,30.2
90,349290,2020,3,22,49.5,62.6,35.6
91,349290,2020,4,3,46.0,59.0,32.0
92,349290,2020,4,11,50.0,59.0,35.6
93,349290,2020,5,27,69.1,80.6,53.6
94,349290,2020,6,23,78.2,91.4,66.2
95,349290,2020,7,11,77.8,89.6,60.8
96,349290,2020,9,1,77.0,95.0,59.0
97,349290,2020,11,4,56.6,66.2,51.8
98,349290,2020,1,3,34.2,41.0,26.6
99,349290,2020,2,22,38.6,41.0,35.6
100,349290,2020,3,6,52.2,64.4,44.6
101,349290,2020,7,1,79.7,91.4,64.4
102,349290,2020,7,10,73.9,86.0,60.8
103,349290,2020,4,24,51.4,66.2,33.8
104,349290,2020,10,17,65.1,80.6,53.6
105,349290,2020,7,24,76.6,86.0,62.6
106,349290,2020,10,8,64.0,78.8,48.2
107,349290,2020,12,5,36.0,44.6,30.2
108,349290,2020,12,9,33.3,41.0,23.0
109,349290,2020,5,23,54.1,64.4,42.8
110,349290,2020,6,16,75.7,87.8,64.4
111,349290,2020,7,25,80.3,89.6,66.2
112,349290,2020,12,13,41.2,48.2,37.4
113,349290,2020,1,22,43.8,46.4,37.4
114,349290,2020,2,12,39.0,46.4,33.8
115,349290,2020,5,21,63.4,77.0,51.8
116,349290,2020,11,13,36.4,50.0,24.8
117,349290,2020,11,27,33.0,39.2,28.4
118,349290,2020,3,1,39.9,44.6,35.6
119,349290,2020,6,7,73.6,87.8,60.8
120,349290,2020,7,30,78.6,89.6,66.2
121,349290,2020,12,10,37.2,50.0,26.6
122,349290,2020,2,11,33.5,41.0,26.6
123,349290,2020,3,20,44.3,53.6,37.4
124,349290,2020,3,26,51.4,60.8,41.0
125,349290,2020,6,19,72.1,82.4,62.6
126,349290,2020,9,28,70.6,82.4,57.2
127,349290,2020,10,15,66.3,77.0,55.4
128,349290,2020,2,19,39.7,53.6,28.4
129,349290,2020,3,4,56.3,75.2,37.4
130,349290,2020,9,2,78.4,95.0,60.8
131,349290,2020,10,16,63.6,77.0,51.8
132,349290,2020,4,17,53.1,62.6,44.6
133,349290,2020,4,25,54.4,69.8,32.0
134,349290,2020,6,8,75.1,87.8,62.6
135,349290,2020,7,6,84.6,96.8,71.6
136,349290,2020,11,28,37.2,50.0,30.2
137,349290,2020,6,21,71.2,77.0,66.2
138,349290,2020,7,14,71.7,80.6,60.8
139,349290,2020,8,8,84.4,96.8,69.8
140,349290,2020,10,4,63.1,75.2,50.0
141,349290,2020,12,2,37.5,41.0,32.0
142,349290,2020,12,7,28.1,32.0,24.8
143,349290,2020,4,14,51.9,69.8,28.4
144,349290,2020,5,12,65.6,78.8,46.4
145,349290,2020,9,11,71.0,87.8,53.6
146,349290,2020,10,13,66.6,82.4,51.8
147,349290,2020,12,26,47.5,57.2,37.4
148,349290,2020,12,27,44.0,53.6,35.6
149,349290,2020,8,25,73.6,89.6,57.2
150,349290,2020,10,1,62.3,68.0,57.2
151,349290,2020,12,19,34.7,37.4,32.0
152,349290,2020,2,23,40.2,44.6,35.6
153,349290,2020,4,29,55.6,71.6,33.8
154,349290,2020,5,2,62.8,69.8,55.4
155,349290,2020,5,9,53.9,60.8,50.0
156,349290,2020,1,10,33.1,35.6,32.0
157,349290,2020,4,12,45.6,57.2,28.4
158,349290,2020,6,22,75.2,84.2,64.4
159,349290,2020,10,23,56.4,69.8,46.4
160,349290,2020,12,11,35.1,42.8,30.2
161,349290,2020,1,29,47.4,51.8,42.8
162,349290,2020,12,18,34.2,37.4,32.0
163,349290,2020,3,27,53.6,64.4,42.8
164,349290,2020,4,26,56.8,68.0,44.6
165,349290,2020,2,17,36.9,48.2,26.6
166,349290,2020,6,11,81.6,93.2,66.2
167,349290,2020,12,24,25.1,30.2,19.4
168,349290,2020,8,18,73.3,89.6,53.6
169,349290,2020,10,2,61.7,68.0,53.6
170,349290,2020,12,4,36.3,46.4,28.4
171,349290,2020,1,24,33.4,39.2,30.2
172,349290,2020,4,30,60.9,78.8,42.8
173,349290,2020,8,5,76.1,86.0,62.6
174,349290,2020,9,14,70.3,84.2,57.2
175,349290,2020,4,16,47.4,55.4,35.6
176,349290,2020,6,17,72.6,84.2,62.6
177,349290,2020,6,6,69.8,82.4,53.6
178,349290,2020,6,24,76.3,89.6,66.2
179,349290,2020,8,31,81.3,96.8,64.4
180,349290,2020,11,3,56.0,66.2,50.0
181,349290,2020,1,19,33.8,39.2,30.2
182,349290,2020,9,9,68.4,77.0,55.4
183,349290,2020,9,17,71.3,84.2,59.0
184,349290,2020,1,6,36.1,46.4,28.4
185,349290,2020,1,17,28.1,30.2,23.0
186,349290,2020,5,25,55.7,62.6,44.6
187,349290,2020,12,20,31.5,33.8,30.2
188,349290,2020,1,20,30.4,37.4,24.8
189,349290,2020,2,28,45.6,55.4,35.6
190,349290,2020,5,26,60.6,69.8,53.6
191,349290,2020,6,9,78.3,91.4,62.6
192,349290,2020,1,27,40.7,53.6,28.4
193,349290,2020,5,8,56.4,62.6,51.8
194,349290,2020,10,24,56.5,75.2,42.8
195,349290,2020,11,22,35.4,39.2,32.0
196,349290,2020,12,31,37.6,55.4,26.6
197,349290,2020,1,11,40.2,46.4,33.8
198,349290,2020,3,2,43.6,53.6,33.8
199,349290,2020,5,31,65.6,77.0,53.6
200,349290,2020,7,22,74.6,87.8,60.8
201,349290,2020,12,21,29.8,30.2,28.4
202,349290,2020,12,23,29.7,30.2,28.4
203,349290,2020,8,26,74.2,91.4,53.6
204,349290,2020,9,10,67.1,80.6,53.6
205,349290,2020,9,23,64.3,82.4,44.6
206,349290,2020,10,30,62.4,69.8,53.6
207,349290,2020,11,8,47.2,57.2,37.4
208,349290,2020,10,12,66.5,78.8,50.0
209,349290,2020,11,15,38.9,48.2,26.6
210,349290,2020,11,19,35.2,41.0,30.2
211,349290,2020,1,1,40.0,44.6,32.0
212,349290,2020,9,21,63.6,77.0,50.0
213,349290,2020,8,16,68.1,80.6,53.6
214,349290,2020,9,5,75.3,87.8,66.2
215,349290,2020,10,10,61.9,77.0,51.8
216,349290,2020,10,29,60.9,73.4,50.0
217,349290,2020,11,12,36.6,48.2,26.6
218,349290,2020,8,3,71.0,82.4,57.2
219,349290,2020,12,6,29.8,33.8,26.6
220,349290,2020,2,26,47.2,55.4,32.0
221,349290,2020,5,14,59.1,73.4,37.4
222,349290,2020,7,21,71.3,77.0,64.4
223,349290,2020,8,11,78.9,89.6,62.6
224,349290,2020,9,12,73.8,91.4,59.0
225,349290,2020,10,6,65.3,78.8,53.6
226,349290,2020,10,21,48.6,59.0,37.4
227,349290,2020,2,20,37.6,42.8,33.8
228,349290,2020,4,2,43.0,50.0,33.8
229,349290,2020,11,11,39.0,50.0,30.2
230,349290,2020,3,9,59.8,78.8,41.0
231,349290,2020,6,5,65.7,75.2,51.8
232,349290,2020,6,29,75.6,91.4,57.2
233,349290,2020,8,14,69.0,80.6,53.6
234,349290,2020,9,8,72.7,84.2,66.2
235,349290,2020,9,30,66.5,75.2,60.8
236,349290,2020,1,16,31.8,41.0,21.2
237,349290,2020,4,15,52.1,66.2,39.2
238,349290,2020,6,14,69.9,78.8,62.6
239,349290,2020,9,6,70.5,77.0,68.0
240,349290,2020,11,18,35.0,37.4,32.0
241,349290,2020,12,1,37.1,46.4,26.6
242,349290,2020,5,29,63.6,71.6,57.2
243,349290,2020,11,7,49.5,51.8,46.4
244,349290,2020,6,26,75.1,84.2,62.6
245,349290,2020,4,28,51.3,64.4,35.6
246,349290,2020,6,15,72.5,80.6,62.6
247,349290,2020,1,18,32.4,33.8,30.2
248,349290,2020,7,17,72.6,82.4,66.2
249,349290,2020,3,11,54.1,59.0,46.4
250,349290,2020,3,17,36.6,46.4,21.2
251,349290,2020,7,9,73.0,78.8,62.6
252,349290,2020,7,16,75.0,84.2,62.6
253,349290,2020,9,7,73.0,80.6,68.0
254,349290,2020,10,7,64.4,78.8,55.4
255,349290,2020,7,31,80.8,91.4,68.0
256,349290,2020,10,22,51.4,62.6,42.8
257,349290,2020,1,9,31.6,32.0,30.2
258,349290,2020,11,1,57.2,64.4,51.8
259,349290,2020,12,12,39.3,50.0,35.6
260,349290,2020,3,30,52.9,60.8,46.4
261,349290,2020,5,30,63.4,71.6,51.8
262,349290,2020,8,30,79.4,95.0,59.0
263,349290,2020,12,8,30.8,41.0,24.8
264,349290,2020,2,7,35.1,41.0,24.8
265,349290,2020,3,18,40.5,48.2,35.6
266,349290,2020,8,4,75.0,87.8,57.2
267,349290,2020,9,19,56.0,64.4,44.6
268,349290,2020,1,15,34.5,39.2,30.2
269,349290,2020,5,1,63.2,77.0,50.0
270,349290,2020,7,26,82.3,93.2,68.0
271,349290,2020,10,3,64.5,73.4,55.4
272,349290,2020,10,9,64.4,77.0,53.6
273,349290,2020,1,23,35.2,42.8,28.4
274,349290,2020,4,9,48.2,64.4,26.6
275,349290,2020,12,14,38.8,50.0,30.2
276,349290,2020,1,31,36.3,41.0,30.2
277,349290,2020,5,19,64.5,75.2,50.0
278,349290,2020,6,27,75.1,86.0,59.0
279,349290,2020,6,28,74.2,89.6,55.4
280,349290,2020,7,4,83.3,96.8,71.6
281,349290,2020,4,20,48.9,59.0,35.6
282,349290,2020,12,29,39.6,51.8,32.0
283,349290,2020,3,10,58.5,73.4,42.8
284,349290,2020,5,16,66.5,82.4,51.8
285,349290,2020,5,18,62.4,71.6,51.8
286,349290,2020,10,31,59.3,68.0,51.8
287,349290,2020,5,17,61.1,71.6,46.4
288,349290,2020,8,6,80.2,95.0,62.6
289,349290,2020,7,2,82.0,93.2,68.0
290,349290,2020,10,11,64.4,75.2,51.8
291,349290,2020,11,6,42.9,46.4,37.4
292,349290,2020,12,30,39.1,55.4,30.2
293,349290,2020,1,4,30.2,41.0,23.0
294,349290,2020,3,19,39.7,42.8,37.4
295,349290,2020,5,6,60.6,66.2,53.6
296,349290,2020,9,22,62.4,80.6,44.6
297,349290,2020,6,10,78.8,91.4,66.2
298,349290,2020,6,25,73.8,82.4,64.4
299,349290,2020,7,12,81.1,96.8,62.6
300,349290,2020,2,21,39.6,44.6,35.6
301,349290,2020,4,27,53.8,62.6,41.0
302,349290,2020,5,4,59.6,71.6,50.0
303,349290,2020,11,26,40.6,44.6,33.8
304,349290,2020,3,3,48.9,64.4,32.0
305,349290,2020,8,27,74.4,87.8,62.6
306,349290,2020,2,27,55.8,66.2,44.6
307,349290,2020,10,18,66.2,78.8,50.0
308,349290,2020,1,14,37.7,42.8,28.4
309,349290,2020,7,13,74.4,80.6,68.0
310,349290,2020,7,29,74.2,84.2,64.4
311,349290,2020,4,8,46.6,60.8,32.0
312,349290,2020,10,14,65.7,82.4,50.0
313,349290,2020,11,30,31.3,37.4,26.6
314,349290,2020,12,17,33.1,33.8,32.0
315,349290,2020,2,9,14.9,19.4,8.6
316,349290,2020,2,15,38.7,48.2,30.2
317,349290,2020,4,21,47.6,57.2,39.2
318,349290,2020,8,9,83.3,95.0,71.6
319,349290,2020,11,9,49.4,59.0,35.6
320,349290,2020,11,24,42.8,48.2,35.6
321,349290,2020,11,23,38.6,46.4,33.8
322,349290,2020,12,15,36.3,48.2,28.4
323,349290,2020,3,5,54.9,73.4,39.2
324,349290,2020,4,6,43.3,53.6,33.8
325,349290,2020,7,15,72.9,82.4,57.2
326,349290,2020,7,19,78.9,91.4,66.2
327,349290,2020,10,5,66.3,77.0,53.6
328,349290,2020,1,30,39.7,50.0,33.8
329,349290,2020,5,10,58.4,68.0,51.8
330,349290,2020,8,29,73.6,86.0,60.8
331,349290,2020,9,18,71.0,84.2,55.4
332,349290,2020,2,14,38.6,50.0,28.4
333,349290,2020,4,22,46.9,57.2,35.6
334,349290,2020,7,28,72.6,82.4,64.4
335,349290,2020,1,28,43.5,55.4,30.2
336,349290,2020,6,20,71.2,80.6,64.4
337,349290,2020,8,23,73.2,84.2,59.0
338,349290,2020,2,13,37.5,46.4,32.0
339,349290,2020,6,30,78.0,89.6,66.2
340,349290,2020,11,17,38.3,41.0,37.4
341,349290,2020,2,2,46.2,50.0,41.0
342,349290,2020,3,7,55.3,68.0,41.0
343,349290,2020,5,13,60.4,69.8,41.0
344,349290,2020,1,5,35.2,44.6,23.0
345,349290,2020,1,21,30.9,37.4,28.4
346,349290,2020,2,24,43.9,46.4,41.0
347,349290,2020,5,22,53.1,53.6,50.0
348,349290,2020,3,25,43.9,55.4,33.8
349,349290,2020,11,25,38.9,46.4,33.8
350,349290,2020,2,18,39.4,55.4,23.0
351,349290,2020,6,12,75.9,84.2,68.0
352,349290,2020,10,28,57.5,68.0,46.4
353,349290,2020,1,8,32.9,35.6,32.0
354,349290,2020,9,3,83.0,98.6,68.0
355,349290,2020,9,13,74.7,89.6,62.6
356,349290,2020,9,24,65.5,84.2,48.2
357,349290,2020,12,16,34.9,39.2,32.0
358,349290,2020,3,28,54.4,68.0,42.8
359,349290,2020,3,31,51.3,62.6,35.6
360,349290,2020,6,3,64.8,73.4,57.2
361,349290,2020,8,10,82.1,93.2,69.8
362,349290,2020,9,15,68.4,82.4,55.4
363,349290,2020,12,3,37.0,44.6,32.0
364,349290,2020,5,11,61.2,71.6,50.0
365,349290,2020,8,7,82.7,96.8,66.2
