,stn,year,mo,da,temp,max,min
0,590820,1964,3,24,49.5,54.0,46.0
1,590820,1964,2,7,62.6,70.0,54.0
2,590820,1964,9,4,89.8,100.0,77.0
3,590820,1964,1,10,66.0,75.0,57.0
4,590820,1964,2,14,58.4,64.0,48.0
5,590820,1964,4,25,78.0,88.0,75.0
6,590820,1964,2,23,36.8,37.0,36.0
7,590820,1964,1,24,42.6,45.0,39.0
8,590820,1964,2,1,47.2,50.0,46.0
9,590820,1964,4,10,62.8,64.0,59.0
10,590820,1964,6,30,86.8,95.0,79.0
11,590820,1964,10,19,69.4,79.0,64.0
12,590820,1964,3,22,58.3,61.0,55.0
13,590820,1964,1,19,50.1,55.0,45.0
14,590820,1964,2,4,47.5,52.0,43.0
15,590820,1964,3,26,60.2,70.0,46.0
16,590820,1964,4,5,77.7,82.0,68.0
17,590820,1964,5,24,85.7,93.0,77.0
18,590820,1964,11,5,67.2,84.0,64.0
19,590820,1964,1,8,65.7,73.0,55.0
20,590820,1964,2,15,64.5,77.0,55.0
21,590820,1964,2,26,39.8,46.0,34.0
22,590820,1964,3,13,62.7,77.0,55.0
23,590820,1964,3,18,73.8,82.0,59.0
24,590820,1964,3,27,65.5,73.0,52.0
25,590820,1964,4,14,76.0,86.0,70.0
26,590820,1964,4,15,76.5,82.0,68.0
27,590820,1964,4,24,80.0,90.0,75.0
28,590820,1964,8,5,87.3,95.0,77.0
29,590820,1964,8,25,86.0,93.0,77.0
30,590820,1964,8,26,88.3,95.0,77.0
31,590820,1964,9,2,86.0,93.0,75.0
32,590820,1964,9,9,84.7,100.0,75.0
33,590820,1964,10,10,72.7,84.0,59.0
34,590820,1964,10,21,74.7,84.0,68.0
35,590820,1964,10,28,72.7,81.0,66.0
36,590820,1964,11,21,66.2,73.0,57.0
37,590820,1964,11,25,57.6,75.0,41.0
38,590820,1964,11,29,64.0,79.0,48.0
39,590820,1964,12,23,53.5,73.0,39.0
40,590820,1964,1,14,52.8,55.0,48.0
41,590820,1964,8,15,79.8,90.0,72.0
42,590820,1964,8,16,82.7,93.0,75.0
43,590820,1964,12,4,49.7,59.0,39.0
44,590820,1964,1,6,57.2,61.0,52.0
45,590820,1964,1,7,62.5,72.0,52.0
46,590820,1964,1,11,67.8,73.0,61.0
47,590820,1964,8,21,84.0,95.0,75.0
48,590820,1964,8,23,80.8,91.0,75.0
49,590820,1964,10,8,70.2,75.0,64.0
50,590820,1964,2,21,37.5,41.0,34.0
51,590820,1964,5,1,68.7,73.0,63.0
52,590820,1964,5,27,78.7,86.0,75.0
53,590820,1964,9,18,83.2,90.0,75.0
54,590820,1964,10,23,67.0,70.0,64.0
55,590820,1964,1,21,50.7,52.0,45.0
56,590820,1964,1,26,39.0,41.0,36.0
57,590820,1964,1,27,40.7,43.0,37.0
58,590820,1964,1,30,47.3,54.0,34.0
59,590820,1964,3,1,59.8,64.0,48.0
60,590820,1964,3,3,54.5,57.0,52.0
61,590820,1964,3,31,68.2,75.0,63.0
62,590820,1964,6,20,75.7,79.0,73.0
63,590820,1964,6,26,84.8,91.0,75.0
64,590820,1964,10,13,73.2,75.0,72.0
65,590820,1964,11,7,66.0,70.0,61.0
66,590820,1964,12,22,54.0,72.0,36.0
67,590820,1964,3,28,61.7,66.0,59.0
68,590820,1964,1,12,70.6,79.0,63.0
69,590820,1964,4,28,67.5,72.0,63.0
70,590820,1964,4,4,71.5,77.0,68.0
71,590820,1964,4,17,79.6,86.0,72.0
72,590820,1964,4,20,81.7,91.0,75.0
73,590820,1964,7,11,87.0,95.0,81.0
74,590820,1964,8,14,78.0,93.0,73.0
75,590820,1964,9,1,82.8,91.0,77.0
76,590820,1964,9,12,80.4,90.0,73.0
77,590820,1964,9,17,81.3,88.0,73.0
78,590820,1964,12,3,45.3,48.0,41.0
79,590820,1964,8,12,84.6,93.0,75.0
80,590820,1964,8,22,83.0,93.0,75.0
81,590820,1964,8,24,82.8,90.0,73.0
82,590820,1964,9,5,85.3,93.0,79.0
83,590820,1964,8,4,84.0,93.0,79.0
84,590820,1964,2,13,49.3,54.0,43.0
85,590820,1964,2,29,52.0,59.0,45.0
86,590820,1964,3,10,59.1,63.0,52.0
87,590820,1964,3,20,61.4,75.0,55.0
88,590820,1964,3,25,55.6,64.0,46.0
89,590820,1964,4,12,68.0,75.0,61.0
90,590820,1964,5,13,77.2,82.0,66.0
91,590820,1964,5,22,82.7,93.0,75.0
92,590820,1964,6,5,72.6,84.0,59.0
93,590820,1964,6,6,78.0,86.0,61.0
94,590820,1964,6,9,83.8,91.0,77.0
95,590820,1964,6,24,83.3,90.0,75.0
96,590820,1964,6,28,84.0,90.0,77.0
97,590820,1964,7,6,84.1,91.0,77.0
98,590820,1964,7,19,87.2,95.0,81.0
99,590820,1964,10,15,77.3,90.0,68.0
100,590820,1964,10,20,77.3,88.0,64.0
101,590820,1964,11,8,61.6,68.0,57.0
102,590820,1964,12,27,53.9,63.0,48.0
103,590820,1964,3,16,66.8,79.0,50.0
104,590820,1964,3,17,72.0,82.0,59.0
105,590820,1964,4,16,77.6,86.0,68.0
106,590820,1964,4,19,82.4,90.0,75.0
107,590820,1964,5,7,77.1,88.0,68.0
108,590820,1964,5,14,80.7,88.0,73.0
109,590820,1964,5,15,80.6,88.0,73.0
110,590820,1964,5,16,80.3,88.0,75.0
111,590820,1964,5,17,81.6,90.0,75.0
112,590820,1964,5,25,86.6,97.0,79.0
113,590820,1964,5,26,82.4,88.0,75.0
114,590820,1964,7,7,86.0,93.0,77.0
115,590820,1964,7,16,87.3,97.0,81.0
116,590820,1964,7,24,87.9,99.0,77.0
117,590820,1964,7,28,85.3,93.0,75.0
118,590820,1964,8,18,84.0,91.0,77.0
119,590820,1964,8,28,83.6,91.0,75.0
120,590820,1964,9,3,86.3,97.0,77.0
121,590820,1964,9,7,79.0,91.0,73.0
122,590820,1964,9,26,79.4,91.0,70.0
123,590820,1964,9,29,75.4,81.0,72.0
124,590820,1964,10,2,81.7,91.0,73.0
125,590820,1964,10,18,67.3,72.0,61.0
126,590820,1964,10,26,71.9,79.0,66.0
127,590820,1964,10,29,70.9,75.0,66.0
128,590820,1964,10,31,74.7,84.0,64.0
129,590820,1964,11,2,69.6,77.0,63.0
130,590820,1964,11,11,63.0,73.0,50.0
131,590820,1964,11,12,57.4,72.0,46.0
132,590820,1964,11,13,58.2,70.0,41.0
133,590820,1964,11,14,55.6,72.0,41.0
134,590820,1964,11,15,58.7,70.0,41.0
135,590820,1964,11,17,66.0,77.0,57.0
136,590820,1964,11,23,59.6,73.0,45.0
137,590820,1964,11,30,63.1,73.0,52.0
138,590820,1964,12,7,56.3,64.0,50.0
139,590820,1964,12,8,60.0,73.0,45.0
140,590820,1964,12,9,63.2,77.0,46.0
141,590820,1964,12,10,58.0,63.0,52.0
142,590820,1964,12,13,53.7,66.0,48.0
143,590820,1964,12,14,48.6,55.0,45.0
144,590820,1964,12,16,51.2,63.0,36.0
145,590820,1964,12,20,49.7,68.0,32.0
146,590820,1964,12,24,59.3,72.0,43.0
147,590820,1964,12,31,50.3,64.0,39.0
148,590820,1964,1,3,49.6,57.0,45.0
149,590820,1964,5,2,71.9,81.0,66.0
150,590820,1964,8,17,81.7,93.0,75.0
151,590820,1964,9,14,80.7,97.0,73.0
152,590820,1964,10,16,79.4,93.0,70.0
153,590820,1964,12,1,62.4,70.0,50.0
154,590820,1964,5,31,82.4,90.0,73.0
155,590820,1964,7,22,84.7,97.0,77.0
156,590820,1964,10,12,77.7,84.0,73.0
157,590820,1964,10,22,76.1,84.0,68.0
158,590820,1964,1,1,48.0,50.0,46.0
159,590820,1964,4,26,76.7,81.0,73.0
160,590820,1964,9,10,82.9,95.0,77.0
161,590820,1964,9,11,76.2,81.0,73.0
162,590820,1964,8,2,80.4,90.0,75.0
163,590820,1964,8,10,81.8,90.0,73.0
164,590820,1964,8,11,79.9,90.0,77.0
165,590820,1964,1,15,52.6,55.0,50.0
166,590820,1964,1,17,44.4,46.0,43.0
167,590820,1964,1,18,48.7,55.0,41.0
168,590820,1964,1,20,49.4,55.0,43.0
169,590820,1964,1,23,42.7,45.0,41.0
170,590820,1964,1,25,37.3,41.0,36.0
171,590820,1964,1,28,43.7,48.0,39.0
172,590820,1964,1,31,50.6,55.0,43.0
173,590820,1964,2,3,44.0,48.0,37.0
174,590820,1964,2,5,52.1,55.0,48.0
175,590820,1964,2,10,47.0,52.0,43.0
176,590820,1964,2,11,43.0,45.0,41.0
177,590820,1964,2,12,46.1,50.0,41.0
178,590820,1964,2,28,46.3,48.0,45.0
179,590820,1964,3,4,55.3,57.0,52.0
180,590820,1964,3,5,57.6,61.0,54.0
181,590820,1964,3,7,55.6,59.0,54.0
182,590820,1964,3,9,54.7,61.0,50.0
183,590820,1964,4,1,71.9,77.0,64.0
184,590820,1964,4,8,57.3,61.0,54.0
185,590820,1964,4,11,64.9,68.0,61.0
186,590820,1964,5,4,64.6,68.0,64.0
187,590820,1964,5,21,81.7,91.0,75.0
188,590820,1964,6,8,81.6,90.0,73.0
189,590820,1964,6,13,77.4,86.0,73.0
190,590820,1964,6,16,79.0,86.0,73.0
191,590820,1964,6,17,82.1,88.0,79.0
192,590820,1964,6,21,79.4,84.0,73.0
193,590820,1964,6,23,82.3,88.0,75.0
194,590820,1964,7,1,86.3,95.0,77.0
195,590820,1964,7,3,79.3,84.0,75.0
196,590820,1964,9,19,77.0,84.0,73.0
197,590820,1964,11,4,71.9,77.0,66.0
198,590820,1964,3,11,61.9,72.0,54.0
199,590820,1964,9,21,79.3,86.0,75.0
200,590820,1964,12,26,54.1,61.0,50.0
201,590820,1964,7,14,86.9,93.0,82.0
202,590820,1964,9,30,78.9,84.0,72.0
203,590820,1964,10,4,80.7,93.0,73.0
204,590820,1964,10,9,71.0,81.0,63.0
205,590820,1964,11,3,72.0,81.0,63.0
206,590820,1964,11,10,60.9,73.0,52.0
207,590820,1964,11,19,64.1,73.0,55.0
208,590820,1964,11,22,61.6,73.0,50.0
209,590820,1964,8,8,85.6,97.0,81.0
210,590820,1964,9,27,79.6,88.0,73.0
211,590820,1964,10,6,74.9,81.0,68.0
212,590820,1964,5,3,73.4,84.0,64.0
213,590820,1964,5,9,80.3,86.0,75.0
214,590820,1964,7,26,79.7,93.0,73.0
215,590820,1964,7,31,85.6,97.0,77.0
216,590820,1964,8,20,80.8,95.0,77.0
217,590820,1964,2,16,52.4,70.0,39.0
218,590820,1964,1,13,53.7,70.0,50.0
219,590820,1964,2,19,37.3,41.0,36.0
220,590820,1964,10,24,67.4,70.0,66.0
221,590820,1964,1,16,47.4,50.0,45.0
222,590820,1964,2,2,41.8,46.0,37.0
223,590820,1964,2,9,48.7,63.0,45.0
224,590820,1964,3,2,56.9,63.0,54.0
225,590820,1964,3,6,56.3,59.0,54.0
226,590820,1964,3,14,59.3,70.0,50.0
227,590820,1964,3,23,53.4,57.0,48.0
228,590820,1964,4,3,72.9,81.0,70.0
229,590820,1964,4,6,68.1,79.0,59.0
230,590820,1964,6,10,80.1,88.0,77.0
231,590820,1964,8,29,84.0,93.0,77.0
232,590820,1964,9,13,82.3,93.0,75.0
233,590820,1964,3,15,62.8,79.0,46.0
234,590820,1964,3,21,59.7,64.0,55.0
235,590820,1964,4,13,74.6,84.0,64.0
236,590820,1964,5,5,71.1,75.0,63.0
237,590820,1964,5,6,74.6,84.0,68.0
238,590820,1964,5,12,72.7,81.0,66.0
239,590820,1964,5,19,86.1,95.0,77.0
240,590820,1964,6,29,85.6,93.0,79.0
241,590820,1964,7,5,83.4,90.0,73.0
242,590820,1964,7,18,87.6,97.0,81.0
243,590820,1964,7,20,87.0,97.0,79.0
244,590820,1964,9,22,80.0,86.0,75.0
245,590820,1964,9,23,80.4,90.0,73.0
246,590820,1964,9,24,81.0,90.0,72.0
247,590820,1964,10,14,77.8,86.0,72.0
248,590820,1964,11,6,67.5,77.0,61.0
249,590820,1964,11,9,60.2,64.0,54.0
250,590820,1964,1,9,65.4,75.0,59.0
251,590820,1964,2,25,36.9,41.0,36.0
252,590820,1964,2,27,47.1,55.0,36.0
253,590820,1964,3,12,67.1,81.0,54.0
254,590820,1964,4,18,80.4,88.0,73.0
255,590820,1964,4,21,82.7,91.0,75.0
256,590820,1964,5,8,81.5,90.0,70.0
257,590820,1964,5,18,83.6,90.0,77.0
258,590820,1964,6,7,79.4,88.0,72.0
259,590820,1964,7,8,86.0,95.0,77.0
260,590820,1964,7,10,86.9,95.0,79.0
261,590820,1964,7,12,85.8,95.0,79.0
262,590820,1964,7,13,86.7,95.0,77.0
263,590820,1964,7,23,86.7,99.0,75.0
264,590820,1964,7,30,87.4,97.0,73.0
265,590820,1964,8,6,86.0,95.0,79.0
266,590820,1964,8,7,89.9,100.0,77.0
267,590820,1964,8,30,84.9,95.0,75.0
268,590820,1964,8,31,84.9,95.0,77.0
269,590820,1964,9,8,84.2,97.0,73.0
270,590820,1964,9,25,80.6,90.0,72.0
271,590820,1964,9,28,74.8,79.0,72.0
272,590820,1964,10,3,83.5,95.0,73.0
273,590820,1964,10,5,80.8,90.0,72.0
274,590820,1964,10,11,79.4,86.0,64.0
275,590820,1964,10,27,71.6,79.0,66.0
276,590820,1964,10,30,70.5,77.0,66.0
277,590820,1964,11,18,67.6,79.0,57.0
278,590820,1964,11,20,64.6,73.0,48.0
279,590820,1964,11,24,56.9,73.0,41.0
280,590820,1964,11,26,58.0,75.0,39.0
281,590820,1964,11,27,56.8,77.0,39.0
282,590820,1964,11,28,62.1,75.0,48.0
283,590820,1964,12,12,51.0,59.0,46.0
284,590820,1964,12,19,45.3,63.0,30.0
285,590820,1964,12,21,49.0,68.0,34.0
286,590820,1964,12,29,54.1,66.0,45.0
287,590820,1964,1,5,54.7,59.0,46.0
288,590820,1964,2,18,42.3,46.0,37.0
289,590820,1964,3,29,62.1,64.0,59.0
290,590820,1964,4,23,81.1,90.0,72.0
291,590820,1964,4,29,67.4,73.0,61.0
292,590820,1964,7,27,80.0,93.0,73.0
293,590820,1964,8,19,86.0,95.0,77.0
294,590820,1964,9,15,81.9,91.0,72.0
295,590820,1964,10,25,70.5,77.0,66.0
296,590820,1964,1,2,46.0,48.0,45.0
297,590820,1964,1,4,50.5,54.0,46.0
298,590820,1964,8,3,81.6,91.0,75.0
299,590820,1964,8,13,81.7,93.0,75.0
300,590820,1964,12,5,50.7,54.0,46.0
301,590820,1964,2,17,40.0,41.0,39.0
302,590820,1964,2,20,36.3,37.0,34.0
303,590820,1964,2,22,37.2,39.0,36.0
304,590820,1964,2,24,36.5,37.0,34.0
305,590820,1964,4,30,67.5,72.0,64.0
306,590820,1964,5,28,76.0,77.0,75.0
307,590820,1964,5,30,76.0,81.0,72.0
308,590820,1964,8,1,80.2,88.0,75.0
309,590820,1964,9,16,79.3,88.0,75.0
310,590820,1964,12,6,54.3,61.0,46.0
311,590820,1964,2,6,56.0,63.0,50.0
312,590820,1964,2,8,65.6,72.0,59.0
313,590820,1964,3,8,55.9,61.0,52.0
314,590820,1964,3,30,65.4,70.0,61.0
315,590820,1964,4,2,73.2,77.0,70.0
316,590820,1964,4,7,56.8,59.0,55.0
317,590820,1964,4,9,60.7,63.0,57.0
318,590820,1964,5,11,65.9,68.0,63.0
319,590820,1964,5,23,82.7,95.0,77.0
320,590820,1964,6,2,78.3,86.0,75.0
321,590820,1964,6,3,70.9,75.0,68.0
322,590820,1964,6,11,78.1,88.0,75.0
323,590820,1964,6,15,75.1,79.0,70.0
324,590820,1964,6,18,82.6,88.0,77.0
325,590820,1964,6,25,82.8,90.0,77.0
326,590820,1964,6,27,83.2,90.0,77.0
327,590820,1964,7,4,77.9,86.0,75.0
328,590820,1964,7,17,87.4,95.0,79.0
329,590820,1964,9,20,80.6,86.0,73.0
330,590820,1964,12,25,57.5,68.0,54.0
331,590820,1964,12,11,55.5,59.0,50.0
332,590820,1964,9,6,78.1,88.0,73.0
333,590820,1964,7,21,87.4,99.0,79.0
334,590820,1964,7,9,87.1,97.0,81.0
335,590820,1964,7,15,87.1,95.0,81.0
336,590820,1964,11,1,69.3,77.0,64.0
337,590820,1964,11,16,62.6,73.0,50.0
338,590820,1964,12,15,50.1,63.0,41.0
339,590820,1964,12,17,51.1,63.0,39.0
340,590820,1964,12,18,46.6,61.0,32.0
341,590820,1964,12,28,51.9,59.0,46.0
342,590820,1964,12,30,54.1,64.0,43.0
343,590820,1964,6,1,84.6,91.0,77.0
344,590820,1964,7,25,85.3,99.0,75.0
345,590820,1964,10,17,70.2,81.0,63.0
346,590820,1964,4,22,79.4,93.0,72.0
347,590820,1964,7,29,81.6,93.0,75.0
348,590820,1964,10,1,78.9,88.0,75.0
349,590820,1964,12,2,50.9,66.0,43.0
350,590820,1964,4,27,73.0,75.0,70.0
351,590820,1964,8,27,81.3,93.0,75.0
352,590820,1964,5,29,74.6,79.0,72.0
353,590820,1964,8,9,78.8,86.0,75.0
354,590820,1964,10,7,68.5,72.0,66.0
355,590820,1964,1,22,48.4,54.0,43.0
356,590820,1964,1,29,43.1,48.0,36.0
357,590820,1964,3,19,67.0,73.0,57.0
358,590820,1964,5,10,70.4,79.0,66.0
359,590820,1964,5,20,85.3,97.0,75.0
360,590820,1964,6,4,67.5,73.0,59.0
361,590820,1964,6,12,77.4,84.0,73.0
362,590820,1964,6,14,74.5,79.0,72.0
363,590820,1964,6,19,77.8,90.0,73.0
364,590820,1964,6,22,79.0,86.0,75.0
365,590820,1964,7,2,79.6,88.0,75.0
0,590820,1973,7,13,83.1,111.2,77.0
1,590820,1973,12,4,58.7,71.6,48.2
2,590820,1973,1,7,47.9,55.4,42.8
3,590820,1973,9,22,78.5,89.6,66.2
4,590820,1973,1,24,51.1,53.6,48.2
5,590820,1973,2,9,52.3,55.4,41.0
6,590820,1973,6,23,88.6,93.2,82.4
7,590820,1973,9,30,80.6,91.4,75.2
8,590820,1973,12,3,58.2,73.4,44.6
9,590820,1973,7,20,83.2,91.4,75.2
10,590820,1973,11,12,56.3,66.2,48.2
11,590820,1973,2,4,67.7,75.2,59.0
12,590820,1973,8,6,86.0,96.8,77.0
13,590820,1973,10,31,69.0,80.6,59.0
14,590820,1973,11,5,68.3,77.0,57.2
15,590820,1973,2,1,60.1,75.2,41.0
16,590820,1973,10,3,82.6,93.2,73.4
17,590820,1973,5,29,79.3,87.8,71.6
18,590820,1973,6,17,86.2,95.0,78.8
19,590820,1973,8,22,86.5,95.0,78.8
20,590820,1973,11,28,61.5,73.4,55.4
21,590820,1973,7,25,84.2,93.2,77.0
22,590820,1973,7,21,85.6,93.2,75.2
23,590820,1973,10,29,60.4,77.0,48.2
24,590820,1973,11,19,63.7,71.6,57.2
25,590820,1973,11,23,56.7,69.8,44.6
26,590820,1973,12,23,48.6,62.6,32.0
27,590820,1973,12,31,46.0,62.6,30.2
28,590820,1973,8,19,83.8,93.2,77.0
29,590820,1973,9,10,82.9,91.4,77.0
30,590820,1973,1,30,51.4,62.6,44.6
31,590820,1973,8,9,80.6,86.0,77.0
32,590820,1973,6,25,85.7,93.2,80.6
33,590820,1973,10,9,70.7,75.2,69.8
34,590820,1973,2,8,47.7,55.4,44.6
35,590820,1973,6,30,83.5,93.2,77.0
36,590820,1973,4,4,60.0,69.8,53.6
37,590820,1973,10,22,69.5,77.0,62.6
38,590820,1973,10,6,71.9,78.8,64.4
39,590820,1973,12,22,45.6,55.4,35.6
40,590820,1973,11,21,62.8,73.4,53.6
41,590820,1973,11,20,60.8,68.0,55.4
42,590820,1973,7,23,84.0,95.0,77.0
43,590820,1973,2,23,68.7,80.6,60.8
44,590820,1973,11,10,63.7,68.0,59.0
45,590820,1973,7,29,86.0,95.0,78.8
46,590820,1973,12,15,55.6,69.8,46.4
47,590820,1973,2,10,59.9,71.6,50.0
48,590820,1973,9,12,75.9,80.6,71.6
49,590820,1973,12,24,45.7,57.2,35.6
50,590820,1973,4,14,69.5,71.6,62.6
51,590820,1973,4,20,65.0,68.0,60.8
52,590820,1973,9,19,71.6,75.2,69.8
53,590820,1973,5,13,78.2,87.8,68.0
54,590820,1973,5,23,75.2,82.4,71.6
55,590820,1973,6,2,78.8,86.0,75.2
56,590820,1973,7,10,81.7,89.6,75.2
57,590820,1973,3,17,55.7,59.0,51.8
58,590820,1973,2,6,56.3,59.0,51.8
59,590820,1973,7,12,81.6,89.6,75.2
60,590820,1973,1,18,46.4,51.8,33.8
61,590820,1973,4,22,71.9,75.2,69.8
62,590820,1973,5,2,79.3,86.0,73.4
63,590820,1973,6,5,74.2,89.6,69.8
64,590820,1973,6,7,77.5,84.2,68.0
65,590820,1973,8,13,77.9,82.4,75.2
66,590820,1973,10,10,72.1,75.2,69.8
67,590820,1973,1,21,56.2,59.0,53.6
68,590820,1973,2,25,62.9,66.2,57.2
69,590820,1973,8,17,81.4,91.4,75.2
70,590820,1973,8,26,82.7,89.6,77.0
71,590820,1973,8,28,80.6,91.4,75.2
72,590820,1973,3,15,53.2,57.2,48.2
73,590820,1973,3,28,68.0,77.0,66.2
74,590820,1973,4,11,62.4,78.8,59.0
75,590820,1973,6,15,80.6,87.8,77.0
76,590820,1973,9,1,78.4,87.8,75.2
77,590820,1973,10,12,70.9,77.0,66.2
78,590820,1973,10,26,60.1,64.4,55.4
79,590820,1973,1,6,45.3,46.4,41.0
80,590820,1973,4,27,74.8,82.4,68.0
81,590820,1973,5,6,74.3,77.0,66.2
82,590820,1973,6,16,80.4,89.6,77.0
83,590820,1973,6,29,77.9,86.0,69.8
84,590820,1973,10,21,67.1,68.0,64.4
85,590820,1973,1,8,48.7,53.6,42.8
86,590820,1973,2,15,52.2,55.4,50.0
87,590820,1973,2,21,54.7,57.2,51.8
88,590820,1973,3,20,62.6,66.2,59.0
89,590820,1973,4,5,64.2,73.4,51.8
90,590820,1973,4,13,65.1,66.2,64.4
91,590820,1973,5,24,77.7,86.0,71.6
92,590820,1973,8,21,84.9,93.2,77.0
93,590820,1973,5,28,73.0,77.0,71.6
94,590820,1973,5,25,77.3,80.6,75.2
95,590820,1973,11,18,64.7,73.4,59.0
96,590820,1973,2,13,52.5,59.0,48.2
97,590820,1973,1,3,44.6,50.0,37.4
98,590820,1973,1,4,43.8,44.6,41.0
99,590820,1973,4,28,72.4,75.2,71.6
100,590820,1973,5,10,68.0,75.2,51.8
101,590820,1973,6,1,79.3,86.0,77.0
102,590820,1973,1,28,47.4,51.8,44.6
103,590820,1973,4,8,68.3,73.4,64.4
104,590820,1973,5,26,76.0,82.4,71.6
105,590820,1973,11,9,64.1,68.0,62.6
106,590820,1973,4,1,76.6,82.4,69.8
107,590820,1973,4,30,79.5,86.0,75.2
108,590820,1973,5,19,79.7,89.6,69.8
109,590820,1973,9,4,80.4,91.4,75.2
110,590820,1973,10,24,67.3,73.4,62.6
111,590820,1973,12,21,53.8,66.2,44.6
112,590820,1973,6,18,84.9,93.2,78.8
113,590820,1973,4,21,72.3,78.8,50.0
114,590820,1973,5,20,76.1,80.6,69.8
115,590820,1973,4,25,77.3,82.4,71.6
116,590820,1973,5,16,84.5,91.4,78.8
117,590820,1973,11,24,61.1,71.6,44.6
118,590820,1973,8,5,84.2,95.0,75.2
119,590820,1973,3,27,69.5,80.6,57.2
120,590820,1973,12,8,54.1,68.0,41.0
121,590820,1973,7,6,82.8,91.4,77.0
122,590820,1973,10,5,84.4,96.8,75.2
123,590820,1973,5,4,72.1,78.8,68.0
124,590820,1973,8,11,80.6,87.8,73.4
125,590820,1973,2,12,56.9,64.4,50.0
126,590820,1973,6,21,86.8,95.0,82.4
127,590820,1973,6,22,87.0,95.0,82.4
128,590820,1973,7,1,83.9,91.4,77.0
129,590820,1973,8,1,86.8,95.0,80.6
130,590820,1973,10,1,84.2,95.0,75.2
131,590820,1973,10,8,72.6,80.6,68.0
132,590820,1973,11,14,65.4,75.2,50.0
133,590820,1973,12,16,53.9,64.4,44.6
134,590820,1973,3,26,66.5,82.4,53.6
135,590820,1973,11,29,60.5,68.0,53.6
136,590820,1973,7,4,83.8,95.0,77.0
137,590820,1973,6,24,86.8,95.0,82.4
138,590820,1973,12,6,55.7,66.2,46.4
139,590820,1973,7,2,85.6,95.0,75.2
140,590820,1973,12,19,52.2,64.4,41.0
141,590820,1973,11,2,65.8,77.0,55.4
142,590820,1973,3,25,64.0,77.0,55.4
143,590820,1973,7,24,83.3,93.2,77.0
144,590820,1973,4,23,78.8,89.6,69.8
145,590820,1973,7,18,85.6,95.0,75.2
146,590820,1973,9,8,83.1,93.2,75.2
147,590820,1973,9,13,78.8,86.0,71.6
148,590820,1973,9,16,81.7,93.2,73.4
149,590820,1973,9,25,78.1,91.4,68.0
150,590820,1973,12,9,53.2,68.0,44.6
151,590820,1973,12,13,54.3,60.8,50.0
152,590820,1973,12,17,51.4,64.4,37.4
153,590820,1973,12,26,43.0,57.2,30.2
154,590820,1973,2,27,79.3,91.4,73.4
155,590820,1973,7,30,86.2,95.0,77.0
156,590820,1973,12,10,57.4,68.0,46.4
157,590820,1973,12,20,58.6,73.4,46.4
158,590820,1973,12,28,48.2,60.8,33.8
159,590820,1973,1,11,50.5,59.0,46.4
160,590820,1973,3,6,65.0,71.6,60.8
161,590820,1973,9,11,83.9,93.2,78.8
162,590820,1973,6,19,83.6,93.2,80.6
163,590820,1973,6,12,80.3,91.4,75.2
164,590820,1973,7,7,80.1,87.8,75.2
165,590820,1973,9,6,81.4,93.2,75.2
166,590820,1973,1,12,47.7,51.8,46.4
167,590820,1973,1,2,44.4,53.6,33.8
168,590820,1973,10,17,69.0,75.2,59.0
169,590820,1973,11,3,63.5,77.0,53.6
170,590820,1973,2,11,51.8,59.0,50.0
171,590820,1973,11,6,64.4,73.4,57.2
172,590820,1973,9,21,72.3,86.0,66.2
173,590820,1973,10,2,84.9,95.0,73.4
174,590820,1973,10,28,61.2,73.4,50.0
175,590820,1973,12,18,52.5,68.0,39.2
176,590820,1973,12,25,41.2,51.8,32.0
177,590820,1973,3,5,54.7,57.2,53.6
178,590820,1973,4,29,76.6,80.6,71.6
179,590820,1973,10,15,68.3,75.2,62.6
180,590820,1973,7,11,81.2,87.8,77.0
181,590820,1973,1,19,47.9,50.0,44.6
182,590820,1973,7,5,81.8,95.0,75.2
183,590820,1973,5,30,80.6,86.0,75.2
184,590820,1973,3,18,58.0,62.6,53.6
185,590820,1973,5,31,80.9,86.0,77.0
186,590820,1973,9,27,81.4,87.8,73.4
187,590820,1973,7,9,78.8,86.0,75.2
188,590820,1973,2,14,51.3,59.0,48.2
189,590820,1973,3,1,61.6,68.0,53.6
190,590820,1973,3,8,61.1,69.8,53.6
191,590820,1973,3,21,62.9,68.0,59.0
192,590820,1973,7,17,79.1,84.2,75.2
193,590820,1973,5,21,72.1,75.2,69.8
194,590820,1973,8,29,82.4,89.6,77.0
195,590820,1973,4,9,72.4,78.8,66.2
196,590820,1973,8,12,77.3,82.4,75.2
197,590820,1973,9,5,82.6,93.2,75.2
198,590820,1973,3,11,74.5,80.6,69.8
199,590820,1973,10,11,69.1,73.4,66.2
200,590820,1973,11,7,64.4,69.8,55.4
201,590820,1973,7,16,80.6,93.2,75.2
202,590820,1973,11,8,62.6,64.4,9999.9
203,590820,1973,1,25,53.4,57.2,46.4
204,590820,1973,3,19,59.5,60.8,57.2
205,590820,1973,5,15,81.3,86.0,77.0
206,590820,1973,8,15,81.3,91.4,75.2
207,590820,1973,9,28,79.7,87.8,75.2
208,590820,1973,12,12,55.6,59.0,53.6
209,590820,1973,12,14,57.4,66.2,50.0
210,590820,1973,3,3,56.1,57.2,51.8
211,590820,1973,3,30,71.8,80.6,66.2
212,590820,1973,4,15,76.6,93.2,68.0
213,590820,1973,4,19,61.9,62.6,59.0
214,590820,1973,6,27,76.1,78.8,75.2
215,590820,1973,7,28,84.0,93.2,75.2
216,590820,1973,10,14,68.3,73.4,62.6
217,590820,1973,10,25,68.0,87.8,57.2
218,590820,1973,11,25,57.7,64.4,51.8
219,590820,1973,3,2,55.9,60.8,53.6
220,590820,1973,3,10,71.9,82.4,64.4
221,590820,1973,8,4,82.9,91.4,75.2
222,590820,1973,1,9,47.9,50.0,46.4
223,590820,1973,5,17,82.9,93.2,71.6
224,590820,1973,6,3,75.7,80.6,73.4
225,590820,1973,6,26,79.1,87.8,75.2
226,590820,1973,11,11,55.7,62.6,50.0
227,590820,1973,4,24,81.9,91.4,73.4
228,590820,1973,1,16,45.3,48.2,42.8
229,590820,1973,3,13,57.2,62.6,53.6
230,590820,1973,2,18,66.9,75.2,57.2
231,590820,1973,8,20,84.2,95.0,78.8
232,590820,1973,8,25,81.3,89.6,77.0
233,590820,1973,2,19,52.5,64.4,46.4
234,590820,1973,4,2,73.0,80.6,64.4
235,590820,1973,5,3,73.6,84.2,68.0
236,590820,1973,5,11,70.0,73.4,66.2
237,590820,1973,6,28,72.5,77.0,69.8
238,590820,1973,7,3,80.6,89.6,77.0
239,590820,1973,9,20,71.8,77.0,68.0
240,590820,1973,10,20,68.9,75.2,64.4
241,590820,1973,1,15,50.2,71.6,46.4
242,590820,1973,3,24,60.3,66.2,51.8
243,590820,1973,4,16,74.3,87.8,62.6
244,590820,1973,4,18,60.1,62.6,57.2
245,590820,1973,5,7,78.1,86.0,73.4
246,590820,1973,9,18,77.4,84.2,69.8
247,590820,1973,12,5,59.0,69.8,51.8
248,590820,1973,8,23,86.8,95.0,78.8
249,590820,1973,2,2,64.4,73.4,51.8
250,590820,1973,7,22,86.5,96.8,80.6
251,590820,1973,8,3,86.0,95.0,77.0
252,590820,1973,9,26,79.6,91.4,68.0
253,590820,1973,11,17,66.5,77.0,53.6
254,590820,1973,7,14,87.0,95.0,77.0
255,590820,1973,9,9,82.1,91.4,77.0
256,590820,1973,12,29,47.4,59.0,35.6
257,590820,1973,12,1,54.7,69.8,44.6
258,590820,1973,9,7,81.5,91.4,75.2
259,590820,1973,11,30,57.2,69.8,42.8
260,590820,1973,2,20,54.7,62.6,46.4
261,590820,1973,2,22,67.6,77.0,53.6
262,590820,1973,11,13,58.8,71.6,48.2
263,590820,1973,1,20,54.0,59.0,46.4
264,590820,1973,2,16,60.1,66.2,51.8
265,590820,1973,2,17,67.1,78.8,59.0
266,590820,1973,3,22,66.0,73.4,59.0
267,590820,1973,7,31,87.3,96.8,78.8
268,590820,1973,9,29,81.5,91.4,73.4
269,590820,1973,10,4,82.4,96.8,75.2
270,590820,1973,10,16,69.8,78.8,62.6
271,590820,1973,10,30,65.1,84.2,51.8
272,590820,1973,11,1,66.2,78.8,51.8
273,590820,1973,12,2,55.6,71.6,42.8
274,590820,1973,9,23,78.1,89.6,69.8
275,590820,1973,1,31,56.1,69.8,48.2
276,590820,1973,2,28,70.2,84.2,60.8
277,590820,1973,1,29,47.3,53.6,42.8
278,590820,1973,6,13,79.3,84.2,77.0
279,590820,1973,10,7,69.8,75.2,66.2
280,590820,1973,11,16,64.1,73.4,53.6
281,590820,1973,10,13,69.3,77.0,66.2
282,590820,1973,9,24,78.0,89.6,68.0
283,590820,1973,12,7,51.8,64.4,42.8
284,590820,1973,11,15,64.4,75.2,57.2
285,590820,1973,10,27,63.3,73.4,51.8
286,590820,1973,8,7,85.6,98.6,75.2
287,590820,1973,12,11,56.1,60.8,51.8
288,590820,1973,2,5,66.0,78.8,55.4
289,590820,1973,11,22,60.3,73.4,48.2
290,590820,1973,11,4,65.3,78.8,55.4
291,590820,1973,12,30,45.3,62.6,30.2
292,590820,1973,8,14,80.2,86.0,75.2
293,590820,1973,10,18,67.1,71.6,66.2
294,590820,1973,4,26,77.6,84.2,73.4
295,590820,1973,5,12,71.3,82.4,66.2
296,590820,1973,9,2,76.2,80.6,75.2
297,590820,1973,6,20,86.0,93.2,80.6
298,590820,1973,6,14,80.6,89.6,75.2
299,590820,1973,10,23,68.3,80.6,60.8
300,590820,1973,1,5,45.9,48.2,42.8
301,590820,1973,1,10,48.7,51.8,46.4
302,590820,1973,1,17,44.9,48.2,42.8
303,590820,1973,5,5,67.7,71.6,66.2
304,590820,1973,6,8,78.5,86.0,71.6
305,590820,1973,7,8,78.3,84.2,75.2
306,590820,1973,4,7,62.6,64.4,9999.9
307,590820,1973,11,27,55.9,59.0,51.8
308,590820,1973,5,14,81.3,89.6,75.2
309,590820,1973,2,3,66.4,71.6,57.2
310,590820,1973,8,24,84.9,93.2,77.0
311,590820,1973,9,17,83.8,93.2,75.2
312,590820,1973,1,13,50.5,55.4,44.6
313,590820,1973,1,26,51.8,57.2,50.0
314,590820,1973,3,9,65.3,69.8,57.2
315,590820,1973,8,8,84.4,93.2,73.4
316,590820,1973,12,27,47.1,62.6,28.4
317,590820,1973,9,15,79.0,87.8,73.4
318,590820,1973,10,19,68.0,71.6,64.4
319,590820,1973,1,22,54.9,55.4,53.6
320,590820,1973,2,26,73.0,77.0,62.6
321,590820,1973,3,16,53.4,55.4,51.8
322,590820,1973,3,31,73.4,78.8,66.2
323,590820,1973,4,6,63.3,78.8,59.0
324,590820,1973,5,22,75.2,82.4,71.6
325,590820,1973,6,10,83.1,91.4,75.2
326,590820,1973,8,27,80.6,95.0,75.2
327,590820,1973,9,14,77.9,84.2,73.4
328,590820,1973,1,14,49.3,51.8,48.2
329,590820,1973,4,10,73.4,80.6,69.8
330,590820,1973,4,12,65.8,71.6,59.0
331,590820,1973,5,9,73.6,82.4,69.8
332,590820,1973,5,18,74.3,80.6,68.0
333,590820,1973,6,9,81.5,89.6,73.4
334,590820,1973,8,31,79.5,87.8,77.0
335,590820,1973,9,3,76.3,78.8,75.2
336,590820,1973,11,26,51.8,55.4,50.0
337,590820,1973,7,27,82.2,91.4,75.2
338,590820,1973,3,7,56.6,64.4,53.6
339,590820,1973,6,11,79.7,100.4,77.0
340,590820,1973,1,1,43.9,44.6,42.8
341,590820,1973,4,3,54.5,64.4,51.8
342,590820,1973,2,7,55.7,68.0,50.0
343,590820,1973,8,18,81.6,93.2,77.0
344,590820,1973,7,15,82.9,96.8,75.2
345,590820,1973,1,27,49.5,51.8,46.4
346,590820,1973,5,1,80.1,89.6,75.2
347,590820,1973,5,8,74.2,78.8,69.8
348,590820,1973,6,6,71.3,77.0,68.0
349,590820,1973,8,2,83.4,95.0,78.8
350,590820,1973,8,16,80.3,91.4,75.2
351,590820,1973,3,29,72.1,84.2,66.2
352,590820,1973,7,19,83.9,95.0,75.2
353,590820,1973,8,10,79.6,96.8,73.4
354,590820,1973,4,17,60.4,64.4,57.2
355,590820,1973,7,26,80.4,87.8,75.2
356,590820,1973,3,23,66.2,75.2,60.8
357,590820,1973,3,14,52.2,55.4,50.0
358,590820,1973,5,27,73.6,77.0,71.6
359,590820,1973,8,30,81.5,89.6,77.0
360,590820,1973,1,23,54.3,60.8,50.0
361,590820,1973,3,4,59.2,69.8,53.6
362,590820,1973,3,12,67.3,82.4,55.4
363,590820,1973,6,4,75.0,80.6,69.8
0,590820,1974,5,30,81.7,86.0,75.2
1,590820,1974,2,25,35.6,37.4,32.0
2,590820,1974,8,8,85.4,95.0,75.2
3,590820,1974,7,29,86.0,93.2,77.0
4,590820,1974,9,16,80.6,91.4,71.6
5,590820,1974,4,25,74.2,84.2,62.6
6,590820,1974,8,16,85.2,95.0,78.8
7,590820,1974,10,11,75.2,86.0,66.2
8,590820,1974,11,3,71.1,82.4,60.8
9,590820,1974,9,29,86.0,95.0,77.0
10,590820,1974,11,18,57.7,62.6,50.0
11,590820,1974,3,22,61.3,75.2,48.2
12,590820,1974,6,10,85.0,95.0,77.0
13,590820,1974,11,1,66.7,73.4,59.0
14,590820,1974,7,9,87.3,93.2,80.6
15,590820,1974,10,16,76.5,84.2,69.8
16,590820,1974,11,27,57.2,73.4,44.6
17,590820,1974,8,26,80.4,86.0,73.4
18,590820,1974,2,12,46.6,62.6,32.0
19,590820,1974,2,14,64.4,71.6,50.0
20,590820,1974,2,16,66.9,86.0,53.6
21,590820,1974,5,20,84.4,93.2,77.0
22,590820,1974,8,28,81.3,93.2,69.8
23,590820,1974,9,2,82.2,91.4,73.4
24,590820,1974,9,8,85.1,98.6,75.2
25,590820,1974,10,2,86.0,96.8,75.2
26,590820,1974,10,15,75.0,82.4,69.8
27,590820,1974,10,17,80.6,87.8,69.8
28,590820,1974,4,2,54.5,66.2,44.6
29,590820,1974,5,7,76.8,86.0,68.0
30,590820,1974,8,21,86.4,96.8,77.0
31,590820,1974,9,21,79.0,87.8,73.4
32,590820,1974,1,1,45.7,64.4,30.2
33,590820,1974,1,6,48.0,68.0,32.0
34,590820,1974,1,7,49.3,69.8,33.8
35,590820,1974,2,13,54.3,69.8,33.8
36,590820,1974,3,28,60.4,71.6,42.8
37,590820,1974,5,22,85.3,95.0,75.2
38,590820,1974,7,26,84.0,89.6,80.6
39,590820,1974,7,31,84.9,93.2,78.8
40,590820,1974,8,3,86.0,95.0,78.8
41,590820,1974,9,15,77.9,87.8,71.6
42,590820,1974,10,6,80.8,89.6,73.4
43,590820,1974,10,25,71.2,80.6,57.2
44,590820,1974,11,28,59.9,77.0,46.4
45,590820,1974,5,21,83.1,91.4,75.2
46,590820,1974,7,27,85.1,93.2,77.0
47,590820,1974,7,25,83.4,91.4,80.6
48,590820,1974,9,26,81.2,93.2,75.2
49,590820,1974,4,14,73.1,82.4,64.4
50,590820,1974,2,19,69.8,80.6,62.6
51,590820,1974,6,4,77.8,86.0,71.6
52,590820,1974,12,9,59.4,69.8,51.8
53,590820,1974,11,9,72.1,80.6,64.4
54,590820,1974,4,16,68.3,87.8,53.6
55,590820,1974,7,8,84.5,95.0,77.0
56,590820,1974,10,9,72.5,80.6,66.2
57,590820,1974,12,10,47.8,51.8,44.6
58,590820,1974,2,2,41.5,46.4,37.4
59,590820,1974,7,7,86.4,96.8,78.8
60,590820,1974,12,17,48.0,55.4,41.0
61,590820,1974,3,30,68.9,75.2,62.6
62,590820,1974,8,4,84.4,95.0,77.0
63,590820,1974,5,9,70.5,73.4,66.2
64,590820,1974,4,10,70.8,77.0,62.6
65,590820,1974,1,9,59.8,66.2,51.8
66,590820,1974,9,17,84.4,95.0,73.4
67,590820,1974,8,12,81.6,89.6,77.0
68,590820,1974,4,4,62.6,66.2,57.2
69,590820,1974,6,25,76.5,82.4,75.2
70,590820,1974,6,28,81.6,87.8,73.4
71,590820,1974,7,13,78.0,87.8,73.4
72,590820,1974,10,7,82.9,93.2,73.4
73,590820,1974,11,4,74.1,78.8,68.0
74,590820,1974,10,19,63.9,78.8,60.8
75,590820,1974,6,24,76.5,80.6,71.6
76,590820,1974,2,4,44.8,60.8,39.2
77,590820,1974,10,31,59.7,62.6,57.2
78,590820,1974,4,21,70.1,77.0,59.0
79,590820,1974,4,19,77.9,84.2,69.8
80,590820,1974,10,14,70.0,73.4,64.4
81,590820,1974,8,19,86.2,96.8,77.0
82,590820,1974,9,1,78.1,86.0,69.8
83,590820,1974,12,27,52.9,53.6,50.0
84,590820,1974,1,15,45.1,48.2,42.8
85,590820,1974,2,21,66.0,69.8,62.6
86,590820,1974,3,7,57.2,62.6,55.4
87,590820,1974,4,11,71.8,80.6,66.2
88,590820,1974,5,12,78.1,87.8,69.8
89,590820,1974,8,17,83.5,95.0,77.0
90,590820,1974,1,28,50.5,51.8,48.2
91,590820,1974,7,15,85.8,91.4,75.2
92,590820,1974,12,25,49.1,53.6,48.2
93,590820,1974,12,26,51.1,53.6,48.2
94,590820,1974,12,29,57.7,60.8,55.4
95,590820,1974,5,26,77.9,82.4,73.4
96,590820,1974,4,13,69.1,77.0,66.2
97,590820,1974,8,13,78.5,89.6,77.0
98,590820,1974,6,12,81.5,87.8,77.0
99,590820,1974,2,1,39.5,42.8,37.4
100,590820,1974,10,8,81.4,95.0,71.6
101,590820,1974,7,20,81.2,86.0,77.0
102,590820,1974,9,6,82.8,91.4,77.0
103,590820,1974,8,30,75.7,84.2,69.8
104,590820,1974,5,14,77.5,84.2,69.8
105,590820,1974,3,5,67.2,75.2,62.6
106,590820,1974,4,28,68.5,75.2,57.2
107,590820,1974,8,7,83.3,96.8,75.2
108,590820,1974,12,12,50.2,57.2,42.8
109,590820,1974,10,18,70.0,78.8,62.6
110,590820,1974,9,19,74.9,78.8,73.4
111,590820,1974,12,24,54.3,64.4,48.2
112,590820,1974,1,17,46.0,50.0,42.8
113,590820,1974,7,3,79.9,89.6,75.2
114,590820,1974,1,11,43.2,46.4,41.0
115,590820,1974,5,29,80.4,86.0,73.4
116,590820,1974,7,22,78.1,93.2,73.4
117,590820,1974,3,16,52.5,55.4,48.2
118,590820,1974,10,22,65.3,71.6,57.2
119,590820,1974,10,29,68.0,71.6,60.8
120,590820,1974,2,5,41.5,44.6,39.2
121,590820,1974,4,24,72.1,82.4,64.4
122,590820,1974,5,23,85.3,93.2,77.0
123,590820,1974,7,21,83.9,95.0,75.2
124,590820,1974,2,26,42.8,51.8,33.8
125,590820,1974,1,2,47.2,66.2,30.2
126,590820,1974,2,10,44.1,55.4,33.8
127,590820,1974,3,1,51.0,69.8,39.2
128,590820,1974,3,2,57.5,69.8,44.6
129,590820,1974,9,7,82.7,95.0,75.2
130,590820,1974,10,10,74.9,86.0,64.4
131,590820,1974,11,22,61.1,69.8,44.6
132,590820,1974,11,30,68.0,82.4,51.8
133,590820,1974,2,9,42.1,53.6,30.2
134,590820,1974,10,24,64.9,77.0,53.6
135,590820,1974,8,29,79.5,86.0,71.6
136,590820,1974,3,21,57.6,71.6,48.2
137,590820,1974,2,20,66.2,73.4,60.8
138,590820,1974,4,23,73.7,86.0,62.6
139,590820,1974,6,5,82.9,93.2,73.4
140,590820,1974,6,6,82.7,91.4,69.8
141,590820,1974,7,30,86.0,93.2,78.8
142,590820,1974,9,10,83.7,91.4,77.0
143,590820,1974,10,1,84.5,96.8,75.2
144,590820,1974,4,29,71.8,82.4,53.6
145,590820,1974,5,17,82.4,91.4,57.2
146,590820,1974,6,15,82.9,89.6,75.2
147,590820,1974,8,15,84.2,95.0,75.2
148,590820,1974,9,25,80.2,89.6,73.4
149,590820,1974,11,21,57.0,73.4,46.4
150,590820,1974,1,13,50.2,57.2,44.6
151,590820,1974,1,20,50.7,59.0,39.2
152,590820,1974,4,5,72.3,82.4,62.6
153,590820,1974,7,5,85.6,93.2,77.0
154,590820,1974,8,18,84.9,113.0,75.2
155,590820,1974,8,23,86.9,98.6,77.0
156,590820,1974,1,3,48.2,66.2,32.0
157,590820,1974,1,22,59.7,68.0,50.0
158,590820,1974,5,13,81.5,89.6,71.6
159,590820,1974,5,19,83.8,91.4,77.0
160,590820,1974,9,22,79.7,87.8,73.4
161,590820,1974,10,12,72.5,78.8,66.2
162,590820,1974,12,7,53.8,62.6,41.0
163,590820,1974,12,18,44.6,48.2,42.8
164,590820,1974,12,20,48.7,53.6,39.2
165,590820,1974,12,22,55.6,64.4,48.2
166,590820,1974,12,23,58.8,68.0,51.8
167,590820,1974,5,31,79.2,89.6,68.0
168,590820,1974,7,6,87.4,96.8,78.8
169,590820,1974,2,28,49.1,62.6,33.8
170,590820,1974,3,29,68.2,77.0,50.0
171,590820,1974,10,28,71.2,78.8,68.0
172,590820,1974,11,8,76.1,86.0,66.2
173,590820,1974,11,25,57.0,73.4,46.4
174,590820,1974,10,5,78.5,87.8,75.2
175,590820,1974,5,2,69.5,73.4,62.6
176,590820,1974,4,17,75.8,84.2,68.0
177,590820,1974,3,19,57.2,64.4,50.0
178,590820,1974,5,10,68.8,73.4,64.4
179,590820,1974,10,21,66.7,69.8,62.6
180,590820,1974,10,20,64.1,66.2,59.0
181,590820,1974,11,15,57.2,62.6,53.6
182,590820,1974,5,28,81.9,87.8,77.0
183,590820,1974,6,22,77.5,82.4,71.6
184,590820,1974,5,3,74.8,82.4,68.0
185,590820,1974,6,2,83.9,91.4,75.2
186,590820,1974,8,14,82.4,93.2,77.0
187,590820,1974,3,8,57.7,60.8,53.6
188,590820,1974,4,6,72.6,75.2,69.8
189,590820,1974,1,18,43.9,48.2,39.2
190,590820,1974,1,27,48.2,51.8,42.8
191,590820,1974,1,30,41.5,46.4,39.2
192,590820,1974,1,31,39.9,42.8,35.6
193,590820,1974,2,3,41.2,42.8,39.2
194,590820,1974,3,14,52.5,55.4,48.2
195,590820,1974,7,19,77.5,84.2,75.2
196,590820,1974,7,24,78.4,91.4,73.4
197,590820,1974,11,13,56.3,60.8,51.8
198,590820,1974,4,26,79.2,89.6,66.2
199,590820,1974,5,18,83.5,89.6,77.0
200,590820,1974,9,23,80.4,95.0,73.4
201,590820,1974,11,17,52.5,55.4,50.0
202,590820,1974,1,26,42.8,44.6,41.0
203,590820,1974,8,31,71.2,73.4,68.0
204,590820,1974,1,19,47.3,55.4,41.0
205,590820,1974,6,29,83.0,89.6,80.6
206,590820,1974,4,18,75.2,86.0,68.0
207,590820,1974,9,3,83.4,93.2,77.0
208,590820,1974,9,11,86.0,93.2,78.8
209,590820,1974,12,8,60.0,71.6,53.6
210,590820,1974,6,11,83.2,91.4,78.8
211,590820,1974,7,16,81.4,93.2,77.0
212,590820,1974,8,1,81.6,93.2,73.4
213,590820,1974,8,2,84.2,93.2,78.8
214,590820,1974,11,6,75.5,86.0,66.2
215,590820,1974,11,23,62.1,69.8,55.4
216,590820,1974,11,24,61.0,73.4,48.2
217,590820,1974,9,9,82.4,98.6,75.2
218,590820,1974,7,10,86.0,93.2,78.8
219,590820,1974,8,25,80.2,89.6,71.6
220,590820,1974,10,23,63.7,73.4,55.4
221,590820,1974,10,27,76.3,86.0,68.0
222,590820,1974,1,4,48.2,68.0,33.8
223,590820,1974,11,5,75.9,87.8,69.8
224,590820,1974,11,20,60.4,73.4,48.2
225,590820,1974,4,30,74.8,80.6,73.4
226,590820,1974,6,17,80.6,87.8,78.8
227,590820,1974,7,23,75.6,84.2,73.4
228,590820,1974,2,24,37.1,44.6,33.8
229,590820,1974,12,30,55.7,59.0,51.8
230,590820,1974,4,27,74.5,89.6,69.8
231,590820,1974,2,22,68.6,77.0,62.6
232,590820,1974,7,2,81.6,87.8,77.0
233,590820,1974,6,19,80.3,86.0,75.2
234,590820,1974,6,20,81.6,87.8,77.0
235,590820,1974,11,14,56.8,60.8,53.6
236,590820,1974,12,2,63.5,73.4,57.2
237,590820,1974,10,30,60.1,68.0,57.2
238,590820,1974,6,7,81.7,89.6,73.4
239,590820,1974,4,20,68.2,77.0,60.8
240,590820,1974,4,1,49.5,69.8,42.8
241,590820,1974,6,14,78.8,86.0,75.2
242,590820,1974,12,31,57.4,60.8,53.6
243,590820,1974,12,5,52.5,64.4,42.8
244,590820,1974,1,10,48.7,57.2,42.8
245,590820,1974,1,25,41.9,46.4,37.4
246,590820,1974,5,1,68.7,73.4,64.4
247,590820,1974,5,5,81.1,89.6,69.8
248,590820,1974,5,8,77.2,87.8,68.0
249,590820,1974,6,16,82.9,89.6,77.0
250,590820,1974,6,21,75.2,82.4,71.6
251,590820,1974,6,27,77.7,86.0,73.4
252,590820,1974,11,10,58.1,64.4,55.4
253,590820,1974,12,13,46.8,53.6,42.8
254,590820,1974,1,14,46.6,51.8,42.8
255,590820,1974,4,12,74.5,80.6,68.0
256,590820,1974,1,16,49.1,57.2,42.8
257,590820,1974,8,20,87.5,95.0,78.8
258,590820,1974,2,27,45.2,55.4,33.8
259,590820,1974,2,8,38.7,51.8,28.4
260,590820,1974,6,30,84.2,91.4,78.8
261,590820,1974,5,16,80.6,89.6,73.4
262,590820,1974,1,5,48.5,69.8,33.8
263,590820,1974,9,30,86.8,96.8,78.8
264,590820,1974,10,3,84.2,96.8,75.2
265,590820,1974,10,26,74.4,86.0,68.0
266,590820,1974,11,19,62.6,69.8,55.4
267,590820,1974,11,26,58.7,71.6,42.8
268,590820,1974,12,21,52.2,59.0,46.4
269,590820,1974,1,21,54.4,60.8,50.0
270,590820,1974,2,11,45.6,55.4,33.8
271,590820,1974,2,18,70.8,82.4,53.6
272,590820,1974,8,5,83.7,96.8,75.2
273,590820,1974,8,6,84.7,95.0,75.2
274,590820,1974,11,29,62.6,78.8,33.8
275,590820,1974,12,4,56.2,60.8,53.6
276,590820,1974,9,13,83.8,93.2,75.2
277,590820,1974,9,28,84.4,96.8,73.4
278,590820,1974,4,22,71.8,82.4,64.4
279,590820,1974,5,4,79.2,84.2,73.4
280,590820,1974,3,3,62.4,73.4,50.0
281,590820,1974,3,17,57.0,68.0,48.2
282,590820,1974,3,18,57.9,69.8,46.4
283,590820,1974,9,14,85.1,96.8,73.4
284,590820,1974,11,7,75.2,86.0,66.2
285,590820,1974,1,8,55.0,69.8,35.6
286,590820,1974,9,4,86.0,96.8,77.0
287,590820,1974,7,28,81.2,87.8,73.4
288,590820,1974,2,15,63.9,80.6,53.6
289,590820,1974,2,6,36.5,41.0,33.8
290,590820,1974,3,6,70.8,84.2,59.0
291,590820,1974,8,27,79.6,89.6,71.6
292,590820,1974,11,2,68.0,78.8,62.6
293,590820,1974,2,17,66.2,82.4,53.6
294,590820,1974,3,9,51.8,59.0,50.0
295,590820,1974,4,15,72.4,87.8,60.8
296,590820,1974,2,7,35.8,41.0,32.0
297,590820,1974,12,6,47.5,53.6,41.0
298,590820,1974,8,10,84.9,100.4,75.2
299,590820,1974,8,9,83.2,96.8,77.0
300,590820,1974,12,11,47.2,53.6,44.6
301,590820,1974,12,3,57.2,60.8,53.6
302,590820,1974,3,27,53.8,64.4,44.6
303,590820,1974,9,12,85.3,95.0,77.0
304,590820,1974,12,19,46.2,51.8,41.0
305,590820,1974,1,23,56.3,71.6,46.4
306,590820,1974,6,1,80.8,91.4,71.6
307,590820,1974,8,22,86.0,100.4,77.0
308,590820,1974,9,5,86.0,95.0,77.0
309,590820,1974,6,26,77.6,84.2,73.4
310,590820,1974,6,18,79.5,86.0,75.2
311,590820,1974,3,23,69.3,78.8,51.8
312,590820,1974,7,1,87.0,95.0,78.8
313,590820,1974,6,3,73.4,77.0,71.6
314,590820,1974,9,27,83.9,96.8,73.4
315,590820,1974,5,11,71.3,75.2,66.2
316,590820,1974,3,26,47.8,60.8,44.6
317,590820,1974,11,11,57.7,60.8,55.4
318,590820,1974,12,1,72.7,80.6,68.0
319,590820,1974,3,31,74.1,86.0,60.8
320,590820,1974,4,8,68.5,75.2,66.2
321,590820,1974,7,11,91.2,105.8,77.0
322,590820,1974,6,13,81.5,89.6,77.0
323,590820,1974,3,13,49.5,50.0,48.2
324,590820,1974,3,15,52.1,53.6,50.0
325,590820,1974,4,3,59.3,68.0,46.4
326,590820,1974,5,15,76.5,82.4,69.8
327,590820,1974,12,16,53.6,59.0,46.4
328,590820,1974,3,12,47.8,50.0,44.6
329,590820,1974,10,4,85.6,95.0,73.4
330,590820,1974,8,11,82.6,93.2,75.2
331,590820,1974,5,25,77.9,84.2,73.4
332,590820,1974,11,16,54.3,57.2,51.8
333,590820,1974,1,12,45.0,48.2,41.0
334,590820,1974,6,9,83.5,93.2,77.0
335,590820,1974,7,18,76.1,80.6,73.4
336,590820,1974,12,14,44.1,48.2,42.8
337,590820,1974,5,27,78.8,87.8,75.2
338,590820,1974,6,8,80.6,87.8,75.2
339,590820,1974,7,14,80.6,89.6,75.2
340,590820,1974,9,20,77.0,82.4,73.4
341,590820,1974,12,15,46.9,50.0,42.8
342,590820,1974,3,4,68.2,78.8,55.4
343,590820,1974,3,24,66.0,68.0,64.4
344,590820,1974,3,11,48.7,51.8,44.6
345,590820,1974,6,23,75.5,86.0,71.6
346,590820,1974,4,9,65.3,71.6,62.6
347,590820,1974,7,4,83.7,93.2,77.0
348,590820,1974,11,12,59.3,73.4,51.8
349,590820,1974,9,18,81.6,89.6,73.4
350,590820,1974,1,29,42.3,51.8,39.2
351,590820,1974,12,28,55.7,57.2,51.8
352,590820,1974,1,24,48.2,55.4,41.0
353,590820,1974,2,23,47.5,53.6,44.6
354,590820,1974,3,20,54.4,57.2,51.8
355,590820,1974,5,6,71.1,77.0,68.0
356,590820,1974,7,17,79.1,93.2,73.4
357,590820,1974,9,24,78.3,91.4,69.8
358,590820,1974,10,13,71.4,75.2,66.2
359,590820,1974,3,10,51.6,55.4,48.2
360,590820,1974,3,25,68.0,77.0,55.4
361,590820,1974,8,24,79.9,86.0,77.0
362,590820,1974,5,24,80.6,91.4,73.4
363,590820,1974,7,12,82.6,93.2,77.0
364,590820,1974,4,7,75.7,80.6,68.0
0,590820,1975,3,29,62.0,66.2,59.0
1,590820,1975,4,14,69.2,75.2,64.4
2,590820,1975,3,24,71.3,95.0,53.6
3,590820,1975,9,26,79.7,86.0,75.2
4,590820,1975,3,18,58.4,60.8,55.4
5,590820,1975,8,28,79.6,93.2,73.4
6,590820,1975,3,15,50.8,55.4,46.4
7,590820,1975,4,22,75.2,82.4,62.6
8,590820,1975,2,1,66.2,71.6,55.4
9,590820,1975,6,1,77.0,84.2,71.6
10,590820,1975,6,2,78.3,86.0,71.6
11,590820,1975,5,7,65.4,66.2,60.8
12,590820,1975,12,4,66.5,69.8,64.4
13,590820,1975,8,3,83.2,95.0,77.0
14,590820,1975,4,9,68.5,75.2,64.4
15,590820,1975,5,17,77.0,78.8,69.8
16,590820,1975,7,14,79.6,86.0,75.2
17,590820,1975,4,15,70.3,73.4,66.2
18,590820,1975,5,6,61.6,64.4,60.8
19,590820,1975,10,23,67.5,68.0,66.2
20,590820,1975,7,3,88.1,96.8,82.4
21,590820,1975,11,28,56.2,69.8,39.2
22,590820,1975,12,26,53.1,68.0,35.6
23,590820,1975,5,2,79.2,86.0,71.6
24,590820,1975,9,4,84.2,95.0,73.4
25,590820,1975,9,18,83.4,93.2,75.2
26,590820,1975,11,16,59.0,66.2,51.8
27,590820,1975,12,24,45.9,64.4,32.0
28,590820,1975,8,25,81.9,95.0,75.2
29,590820,1975,7,11,88.1,96.8,77.0
30,590820,1975,2,5,62.6,66.2,59.0
31,590820,1975,4,6,62.6,64.4,60.8
32,590820,1975,11,9,61.3,68.0,59.0
33,590820,1975,7,15,78.8,84.2,75.2
34,590820,1975,4,27,72.5,77.0,69.8
35,590820,1975,3,13,55.8,57.2,53.6
36,590820,1975,12,9,44.4,48.2,42.8
37,590820,1975,11,30,60.4,68.0,55.4
38,590820,1975,12,1,55.2,57.2,53.6
39,590820,1975,6,27,87.6,95.0,80.6
40,590820,1975,9,6,87.3,100.4,75.2
41,590820,1975,12,23,45.7,64.4,32.0
42,590820,1975,2,16,57.2,73.4,48.2
43,590820,1975,3,1,68.7,73.4,59.0
44,590820,1975,4,28,73.2,80.6,69.8
45,590820,1975,5,23,72.9,78.8,68.0
46,590820,1975,8,24,84.4,95.0,77.0
47,590820,1975,10,9,78.1,86.0,71.6
48,590820,1975,4,8,65.3,69.8,59.0
49,590820,1975,5,9,79.5,89.6,75.2
50,590820,1975,8,9,84.9,93.2,60.8
51,590820,1975,8,26,82.8,95.0,77.0
52,590820,1975,12,14,34.2,39.2,30.2
53,590820,1975,1,12,53.1,59.0,44.6
54,590820,1975,4,24,77.9,84.2,71.6
55,590820,1975,8,31,82.6,95.0,75.2
56,590820,1975,9,15,76.6,80.6,71.6
57,590820,1975,1,31,55.8,57.2,53.6
58,590820,1975,8,4,79.5,82.4,78.8
59,590820,1975,1,23,55.4,64.4,35.6
60,590820,1975,1,2,48.0,51.8,44.6
61,590820,1975,2,24,59.7,66.2,48.2
62,590820,1975,8,13,86.9,95.0,78.8
63,590820,1975,3,2,68.0,71.6,66.2
64,590820,1975,3,10,55.9,62.6,51.8
65,590820,1975,3,28,65.5,69.8,59.0
66,590820,1975,4,12,66.9,75.2,57.2
67,590820,1975,6,10,85.1,93.2,78.8
68,590820,1975,9,28,81.1,87.8,75.2
69,590820,1975,3,9,54.7,57.2,51.8
70,590820,1975,4,16,77.0,86.0,68.0
71,590820,1975,7,13,78.4,86.0,75.2
72,590820,1975,3,8,51.8,53.6,48.2
73,590820,1975,5,29,71.4,73.4,69.8
74,590820,1975,9,24,72.5,78.8,69.8
75,590820,1975,10,25,74.8,80.6,69.8
76,590820,1975,12,3,66.9,75.2,57.2
77,590820,1975,4,3,66.9,77.0,53.6
78,590820,1975,6,22,85.3,93.2,78.8
79,590820,1975,9,19,82.9,93.2,75.2
80,590820,1975,9,27,79.7,86.0,75.2
81,590820,1975,10,1,82.2,91.4,75.2
82,590820,1975,11,3,68.0,75.2,59.0
83,590820,1975,12,18,43.5,59.0,32.0
84,590820,1975,1,14,55.8,57.2,51.8
85,590820,1975,1,25,64.8,77.0,39.2
86,590820,1975,4,17,77.9,84.2,73.4
87,590820,1975,8,17,84.9,93.2,77.0
88,590820,1975,8,21,85.8,95.0,77.0
89,590820,1975,9,5,86.2,102.2,73.4
90,590820,1975,11,1,64.0,75.2,51.8
91,590820,1975,11,2,66.4,75.2,55.4
92,590820,1975,11,24,45.3,57.2,35.6
93,590820,1975,11,26,51.8,66.2,39.2
94,590820,1975,12,30,45.0,62.6,32.0
95,590820,1975,11,15,56.8,60.8,51.8
96,590820,1975,7,17,79.9,89.6,75.2
97,590820,1975,5,11,69.6,73.4,68.0
98,590820,1975,12,8,48.9,55.4,42.8
99,590820,1975,1,19,46.4,50.0,42.8
100,590820,1975,11,18,64.9,71.6,60.8
101,590820,1975,10,28,75.0,84.2,60.8
102,590820,1975,3,26,65.3,69.8,60.8
103,590820,1975,5,4,69.6,78.8,66.2
104,590820,1975,6,30,83.1,89.6,78.8
105,590820,1975,8,27,81.1,91.4,73.4
106,590820,1975,3,4,64.4,68.0,60.8
107,590820,1975,5,16,74.8,84.2,71.6
108,590820,1975,8,7,85.1,95.0,77.0
109,590820,1975,1,1,49.8,68.0,44.6
110,590820,1975,11,12,57.2,59.0,55.4
111,590820,1975,12,13,34.7,37.4,30.2
112,590820,1975,12,15,36.7,44.6,30.2
113,590820,1975,2,27,61.3,71.6,57.2
114,590820,1975,6,28,85.1,95.0,80.6
115,590820,1975,11,6,65.5,71.6,59.0
116,590820,1975,11,23,45.3,55.4,37.4
117,590820,1975,12,17,40.6,51.8,28.4
118,590820,1975,12,16,39.9,48.2,28.4
119,590820,1975,7,28,89.3,96.8,78.8
120,590820,1975,11,8,67.7,75.2,64.4
121,590820,1975,7,24,82.8,93.2,77.0
122,590820,1975,2,4,59.3,64.4,55.4
123,590820,1975,3,22,64.4,66.2,62.6
124,590820,1975,1,17,50.3,53.6,44.6
125,590820,1975,8,20,82.7,91.4,77.0
126,590820,1975,9,16,78.2,86.0,73.4
127,590820,1975,10,3,80.0,91.4,71.6
128,590820,1975,3,14,49.7,55.4,48.2
129,590820,1975,2,15,52.3,55.4,46.4
130,590820,1975,10,8,77.3,86.0,68.0
131,590820,1975,6,13,78.5,84.2,73.4
132,590820,1975,9,29,83.4,89.6,73.4
133,590820,1975,11,29,60.8,69.8,44.6
134,590820,1975,8,22,85.8,95.0,78.8
135,590820,1975,4,26,76.0,82.4,71.6
136,590820,1975,6,18,77.8,86.0,73.4
137,590820,1975,10,15,61.3,62.6,60.8
138,590820,1975,10,27,78.5,86.0,73.4
139,590820,1975,12,31,48.2,64.4,32.0
140,590820,1975,1,29,51.0,73.4,42.8
141,590820,1975,2,10,46.7,55.4,41.0
142,590820,1975,5,27,78.0,102.2,71.6
143,590820,1975,9,17,78.8,87.8,75.2
144,590820,1975,4,23,77.3,86.0,69.8
145,590820,1975,6,8,79.6,89.6,77.0
146,590820,1975,1,28,51.0,64.4,39.2
147,590820,1975,3,31,64.1,75.2,55.4
148,590820,1975,7,26,85.2,95.0,75.2
149,590820,1975,9,2,85.7,96.8,75.2
150,590820,1975,1,30,55.2,60.8,50.0
151,590820,1975,4,21,72.1,84.2,60.8
152,590820,1975,9,12,84.2,93.2,75.2
153,590820,1975,12,25,47.1,66.2,33.8
154,590820,1975,6,12,77.5,84.2,73.4
155,590820,1975,6,16,82.7,91.4,73.4
156,590820,1975,12,12,35.6,37.4,33.8
157,590820,1975,9,1,82.7,93.2,75.2
158,590820,1975,3,23,64.9,91.4,57.2
159,590820,1975,6,7,78.8,86.0,75.2
160,590820,1975,6,11,80.6,89.6,75.2
161,590820,1975,5,21,68.3,73.4,64.4
162,590820,1975,10,14,64.1,71.6,60.8
163,590820,1975,11,13,56.2,60.8,51.8
164,590820,1975,3,3,67.5,75.2,64.4
165,590820,1975,11,22,56.4,62.6,46.4
166,590820,1975,5,10,71.8,75.2,69.8
167,590820,1975,1,26,58.0,73.4,44.6
168,590820,1975,1,15,54.7,77.0,50.0
169,590820,1975,10,30,61.5,69.8,53.6
170,590820,1975,7,1,84.9,91.4,78.8
171,590820,1975,2,21,54.0,64.4,41.0
172,590820,1975,1,18,51.6,57.2,46.4
173,590820,1975,3,17,58.1,64.4,51.8
174,590820,1975,5,8,76.1,80.6,64.4
175,590820,1975,10,26,76.8,84.2,71.6
176,590820,1975,3,30,59.0,62.6,55.4
177,590820,1975,6,20,80.8,89.6,77.0
178,590820,1975,2,9,44.4,48.2,41.0
179,590820,1975,5,14,77.9,87.8,71.6
180,590820,1975,5,20,71.8,75.2,69.8
181,590820,1975,12,29,44.6,59.0,32.0
182,590820,1975,1,13,55.4,60.8,50.0
183,590820,1975,5,24,79.7,87.8,71.6
184,590820,1975,6,9,83.3,89.6,77.0
185,590820,1975,9,21,84.2,96.8,77.0
186,590820,1975,10,10,78.8,86.0,73.4
187,590820,1975,4,4,68.9,73.4,62.6
188,590820,1975,5,12,76.8,84.2,68.0
189,590820,1975,8,1,78.8,91.4,75.2
190,590820,1975,2,8,44.1,46.4,42.8
191,590820,1975,2,11,46.2,48.2,42.8
192,590820,1975,3,11,54.9,55.4,53.6
193,590820,1975,10,16,59.5,60.8,59.0
194,590820,1975,11,10,60.6,64.4,59.0
195,590820,1975,4,20,68.7,80.6,59.0
196,590820,1975,6,14,80.8,89.6,75.2
197,590820,1975,6,15,82.0,89.6,75.2
198,590820,1975,7,2,86.9,95.0,82.4
199,590820,1975,7,18,83.3,93.2,73.4
200,590820,1975,7,29,87.6,96.8,77.0
201,590820,1975,7,30,89.8,96.8,80.6
202,590820,1975,9,10,84.9,95.0,77.0
203,590820,1975,11,17,65.3,73.4,55.4
204,590820,1975,11,25,49.1,62.6,33.8
205,590820,1975,11,27,51.4,68.0,39.2
206,590820,1975,12,27,50.9,64.4,41.0
207,590820,1975,1,6,49.1,50.0,46.4
208,590820,1975,2,20,56.1,68.0,46.4
209,590820,1975,6,21,84.9,91.4,78.8
210,590820,1975,8,16,84.4,93.2,78.8
211,590820,1975,8,18,84.2,93.2,77.0
212,590820,1975,10,4,77.0,82.4,73.4
213,590820,1975,11,20,61.3,69.8,55.4
214,590820,1975,12,22,44.8,60.8,32.0
215,590820,1975,2,7,46.4,50.0,44.6
216,590820,1975,5,3,81.3,87.8,73.4
217,590820,1975,8,11,82.4,96.8,77.0
218,590820,1975,2,3,68.7,73.4,59.0
219,590820,1975,4,1,60.4,68.0,51.8
220,590820,1975,4,5,68.9,80.6,60.8
221,590820,1975,10,22,71.6,84.2,66.2
222,590820,1975,5,28,75.2,86.0,69.8
223,590820,1975,9,11,81.5,93.2,75.2
224,590820,1975,12,5,70.7,77.0,62.6
225,590820,1975,1,27,48.6,53.6,42.8
226,590820,1975,8,14,80.8,87.8,77.0
227,590820,1975,2,6,54.5,62.6,48.2
228,590820,1975,4,25,75.7,82.4,71.6
229,590820,1975,5,13,76.3,87.8,71.6
230,590820,1975,1,22,45.7,57.2,37.4
231,590820,1975,2,18,57.6,66.2,50.0
232,590820,1975,11,19,62.8,71.6,57.2
233,590820,1975,1,9,56.5,59.0,53.6
234,590820,1975,7,6,87.8,95.0,82.4
235,590820,1975,9,30,82.2,91.4,75.2
236,590820,1975,10,13,73.4,80.6,69.8
237,590820,1975,10,21,74.6,80.6,64.4
238,590820,1975,5,19,72.7,75.2,69.8
239,590820,1975,2,17,57.5,71.6,51.8
240,590820,1975,9,13,78.0,87.8,73.4
241,590820,1975,12,20,48.7,59.0,33.8
242,590820,1975,7,23,78.5,91.4,75.2
243,590820,1975,6,6,78.5,84.2,75.2
244,590820,1975,12,10,41.0,44.6,37.4
245,590820,1975,7,12,80.0,89.6,75.2
246,590820,1975,4,2,59.6,73.4,53.6
247,590820,1975,10,6,73.4,75.2,71.6
248,590820,1975,4,7,67.2,80.6,59.0
249,590820,1975,2,28,63.6,71.6,57.2
250,590820,1975,6,29,85.2,91.4,80.6
251,590820,1975,8,15,83.2,91.4,77.0
252,590820,1975,10,24,75.5,82.4,66.2
253,590820,1975,3,12,58.0,73.4,53.6
254,590820,1975,6,3,80.9,89.6,75.2
255,590820,1975,5,15,78.3,84.2,73.4
256,590820,1975,6,5,81.1,87.8,77.0
257,590820,1975,6,17,74.2,77.0,71.6
258,590820,1975,8,8,80.9,87.8,77.0
259,590820,1975,3,21,68.0,75.2,60.8
260,590820,1975,7,25,84.2,93.2,75.2
261,590820,1975,9,20,83.4,93.2,75.2
262,590820,1975,10,11,79.8,87.8,75.2
263,590820,1975,6,4,82.1,89.6,77.0
264,590820,1975,9,25,75.5,78.8,69.8
265,590820,1975,5,18,77.0,86.0,73.4
266,590820,1975,10,5,75.2,78.8,73.4
267,590820,1975,12,2,60.5,66.2,53.6
268,590820,1975,11,4,68.9,75.2,64.4
269,590820,1975,1,16,51.8,57.2,48.2
270,590820,1975,6,23,86.0,93.2,80.6
271,590820,1975,11,7,67.0,73.4,57.2
272,590820,1975,3,7,50.0,53.6,48.2
273,590820,1975,11,14,57.0,60.8,51.8
274,590820,1975,8,6,84.4,93.2,77.0
275,590820,1975,11,5,68.2,77.0,62.6
276,590820,1975,4,18,76.0,82.4,71.6
277,590820,1975,5,5,67.7,75.2,62.6
278,590820,1975,4,30,73.7,80.6,68.0
279,590820,1975,7,20,81.1,95.0,73.4
280,590820,1975,5,25,80.3,87.8,75.2
281,590820,1975,2,19,57.7,68.0,48.2
282,590820,1975,12,28,42.8,53.6,33.8
283,590820,1975,4,10,69.8,77.0,64.4
284,590820,1975,3,6,55.2,62.6,48.2
285,590820,1975,7,22,82.7,93.2,78.8
286,590820,1975,1,21,43.9,48.2,41.0
287,590820,1975,12,6,68.2,82.4,50.0
288,590820,1975,8,2,82.2,89.6,75.2
289,590820,1975,5,30,76.3,84.2,69.8
290,590820,1975,4,13,66.7,71.6,64.4
291,590820,1975,8,30,78.8,89.6,75.2
292,590820,1975,1,20,46.2,48.2,42.8
293,590820,1975,7,8,87.6,96.8,80.6
294,590820,1975,10,2,82.9,91.4,77.0
295,590820,1975,3,5,63.3,68.0,59.0
296,590820,1975,3,20,65.5,71.6,60.8
297,590820,1975,8,29,82.0,93.2,75.2
298,590820,1975,10,29,63.9,68.0,60.8
299,590820,1975,8,19,82.2,91.4,77.0
300,590820,1975,10,17,62.4,64.4,59.0
301,590820,1975,6,19,79.5,86.0,75.2
302,590820,1975,1,3,49.8,57.2,46.4
303,590820,1975,7,4,88.0,96.8,80.6
304,590820,1975,1,24,62.8,73.4,57.2
305,590820,1975,1,5,48.7,71.6,42.8
306,590820,1975,4,29,73.6,77.0,68.0
307,590820,1975,7,19,85.3,96.8,75.2
308,590820,1975,9,7,82.2,93.2,75.2
309,590820,1975,9,8,82.2,95.0,75.2
310,590820,1975,3,19,63.7,68.0,57.2
311,590820,1975,7,31,77.0,86.0,73.4
312,590820,1975,12,11,38.5,41.0,37.4
313,590820,1975,5,22,69.8,75.2,64.4
314,590820,1975,2,12,49.3,53.6,46.4
315,590820,1975,5,1,75.9,80.6,71.6
316,590820,1975,7,16,78.8,86.0,75.2
317,590820,1975,1,7,52.2,53.6,48.2
318,590820,1975,2,14,55.0,64.4,48.2
319,590820,1975,2,26,69.8,82.4,59.0
320,590820,1975,7,7,85.5,95.0,80.6
321,590820,1975,7,21,82.4,91.4,75.2
322,590820,1975,7,27,86.9,95.0,78.8
323,590820,1975,8,12,83.8,91.4,73.4
324,590820,1975,9,9,85.1,95.0,75.2
325,590820,1975,9,22,84.7,104.0,77.0
326,590820,1975,10,31,59.9,69.8,50.0
327,590820,1975,11,21,61.7,68.0,57.2
328,590820,1975,1,8,57.7,62.6,51.8
329,590820,1975,1,10,56.5,62.6,51.8
330,590820,1975,2,23,58.5,71.6,41.0
331,590820,1975,2,25,64.2,71.6,59.0
332,590820,1975,3,16,55.6,64.4,44.6
333,590820,1975,6,25,86.5,93.2,78.8
334,590820,1975,6,26,86.9,95.0,80.6
335,590820,1975,7,5,87.8,95.0,80.6
336,590820,1975,7,10,88.0,96.8,80.6
337,590820,1975,10,18,69.3,75.2,62.6
338,590820,1975,10,20,71.2,78.8,64.4
339,590820,1975,4,19,65.5,77.0,59.0
340,590820,1975,1,11,53.8,68.0,48.2
341,590820,1975,9,3,81.3,95.0,73.4
342,590820,1975,7,9,85.3,95.0,77.0
343,590820,1975,2,2,71.2,78.8,55.4
344,590820,1975,8,23,83.1,96.8,77.0
345,590820,1975,3,25,65.3,68.0,62.6
346,590820,1975,4,11,61.3,64.4,57.2
347,590820,1975,5,26,76.6,84.2,71.6
348,590820,1975,9,23,81.1,87.8,73.4
349,590820,1975,9,14,76.8,91.4,73.4
350,590820,1975,8,5,81.3,87.8,77.0
351,590820,1975,12,7,55.2,60.8,53.6
352,590820,1975,2,13,49.8,51.8,46.4
353,590820,1975,3,27,62.2,64.4,59.0
354,590820,1975,11,11,58.3,60.8,57.2
355,590820,1975,1,4,48.0,51.8,44.6
356,590820,1975,2,22,54.3,66.2,42.8
357,590820,1975,6,24,88.0,100.4,78.8
358,590820,1975,8,10,86.5,95.0,78.8
359,590820,1975,10,12,77.4,89.6,71.6
360,590820,1975,12,21,43.5,57.2,32.0
361,590820,1975,10,7,77.2,86.0,68.0
362,590820,1975,10,19,70.5,77.0,64.4
363,590820,1975,12,19,45.3,60.8,32.0
0,590820,1976,7,3,80.0,100.4,73.4
1,590820,1976,8,16,85.4,95.0,77.0
2,590820,1976,5,25,85.2,96.8,75.2
3,590820,1976,8,21,86.5,96.8,77.0
4,590820,1976,9,9,79.5,89.6,73.4
5,590820,1976,1,1,53.3,69.8,37.4
6,590820,1976,9,1,85.0,96.8,80.6
7,590820,1976,9,4,84.2,95.0,73.4
8,590820,1976,10,4,76.5,87.8,64.4
9,590820,1976,12,6,59.3,62.6,51.8
10,590820,1976,11,2,71.6,84.2,62.6
11,590820,1976,11,29,59.7,77.0,50.0
12,590820,1976,1,30,44.1,48.2,42.8
13,590820,1976,2,14,69.3,80.6,57.2
14,590820,1976,4,21,76.1,82.4,66.2
15,590820,1976,12,30,40.6,44.6,35.6
16,590820,1976,4,6,58.6,64.4,53.6
17,590820,1976,5,7,74.9,95.0,64.4
18,590820,1976,11,1,72.9,82.4,68.0
19,590820,1976,11,26,55.1,64.4,41.0
20,590820,1976,3,5,54.7,60.8,46.4
21,590820,1976,6,17,84.4,91.4,78.8
22,590820,1976,5,1,75.4,80.6,69.8
23,590820,1976,9,19,81.7,86.0,75.2
24,590820,1976,2,11,68.0,77.0,55.4
25,590820,1976,3,8,69.8,78.8,62.6
26,590820,1976,7,4,82.4,100.4,75.2
27,590820,1976,8,4,85.5,95.0,77.0
28,590820,1976,9,16,81.5,93.2,71.6
29,590820,1976,10,5,77.0,87.8,66.2
30,590820,1976,10,8,77.2,87.8,71.6
31,590820,1976,12,3,59.9,69.8,46.4
32,590820,1976,2,7,53.8,60.8,48.2
33,590820,1976,2,8,56.3,68.0,48.2
34,590820,1976,4,25,71.2,75.2,66.2
35,590820,1976,8,19,85.5,95.0,78.8
36,590820,1976,8,31,87.1,95.0,77.0
37,590820,1976,9,10,78.3,89.6,71.6
38,590820,1976,9,15,82.0,93.2,69.8
39,590820,1976,10,2,73.4,84.2,62.6
40,590820,1976,10,7,79.3,87.8,71.6
41,590820,1976,10,9,77.2,86.0,69.8
42,590820,1976,11,3,73.6,84.2,64.4
43,590820,1976,11,21,51.1,60.8,41.0
44,590820,1976,11,24,57.9,73.4,48.2
45,590820,1976,12,23,71.6,80.6,62.6
46,590820,1976,9,2,83.9,95.0,78.8
47,590820,1976,1,6,49.5,59.0,42.8
48,590820,1976,1,11,45.0,57.2,33.8
49,590820,1976,1,10,50.2,60.8,39.2
50,590820,1976,10,19,72.1,78.8,66.2
51,590820,1976,12,22,69.6,78.8,62.6
52,590820,1976,11,20,51.8,64.4,42.8
53,590820,1976,2,4,55.2,66.2,48.2
54,590820,1976,10,3,74.1,87.8,62.6
55,590820,1976,11,7,65.3,73.4,57.2
56,590820,1976,11,25,55.0,66.2,44.6
57,590820,1976,12,8,49.5,57.2,42.8
58,590820,1976,12,11,53.8,69.8,42.8
59,590820,1976,1,23,46.6,57.2,39.2
60,590820,1976,2,1,46.9,59.0,37.4
61,590820,1976,11,11,58.1,62.6,55.4
62,590820,1976,12,15,54.8,59.0,46.4
63,590820,1976,5,10,75.5,80.6,69.8
64,590820,1976,7,8,79.7,87.8,75.2
65,590820,1976,4,7,61.1,62.6,57.2
66,590820,1976,8,26,79.8,87.8,75.2
67,590820,1976,2,21,50.3,53.6,46.4
68,590820,1976,7,10,81.9,89.6,75.2
69,590820,1976,6,5,78.0,80.6,73.4
70,590820,1976,8,2,80.6,89.6,75.2
71,590820,1976,12,17,67.7,77.0,59.0
72,590820,1976,7,25,82.4,89.6,77.0
73,590820,1976,8,1,78.5,86.0,75.2
74,590820,1976,8,25,76.2,84.2,75.2
75,590820,1976,4,2,56.9,59.0,53.6
76,590820,1976,7,2,74.7,77.0,73.4
77,590820,1976,9,23,68.8,73.4,62.6
78,590820,1976,5,12,75.0,82.4,68.0
79,590820,1976,7,19,85.8,95.0,77.0
80,590820,1976,1,4,54.5,62.6,44.6
81,590820,1976,1,9,55.4,66.2,39.2
82,590820,1976,2,18,46.2,50.0,44.6
83,590820,1976,8,8,83.1,91.4,75.2
84,590820,1976,10,31,69.8,75.2,66.2
85,590820,1976,2,22,47.5,50.0,46.4
86,590820,1976,3,24,51.3,55.4,48.2
87,590820,1976,4,16,68.2,69.8,66.2
88,590820,1976,10,26,67.1,73.4,60.8
89,590820,1976,2,19,45.3,48.2,42.8
90,590820,1976,3,28,56.8,57.2,55.4
91,590820,1976,8,13,77.9,82.4,75.2
92,590820,1976,10,27,71.2,78.8,66.2
93,590820,1976,11,30,55.4,60.8,50.0
94,590820,1976,6,26,79.7,91.4,75.2
95,590820,1976,6,29,86.0,95.0,78.8
96,590820,1976,8,3,83.1,91.4,77.0
97,590820,1976,4,26,75.7,82.4,66.2
98,590820,1976,10,24,61.5,64.4,59.0
99,590820,1976,4,17,74.8,78.8,68.0
100,590820,1976,4,20,70.3,75.2,66.2
101,590820,1976,10,29,64.4,69.8,9999.9
102,590820,1976,2,27,51.4,53.6,46.4
103,590820,1976,3,26,56.8,59.0,51.8
104,590820,1976,4,28,74.1,80.6,69.8
105,590820,1976,5,14,73.8,80.6,71.6
106,590820,1976,9,26,73.6,77.0,71.6
107,590820,1976,10,11,77.7,86.0,71.6
108,590820,1976,2,16,73.4,78.8,68.0
109,590820,1976,7,28,77.8,87.8,73.4
110,590820,1976,5,15,75.2,80.6,71.6
111,590820,1976,3,12,58.7,64.4,50.0
112,590820,1976,9,5,82.4,95.0,75.2
113,590820,1976,11,14,46.7,48.2,42.8
114,590820,1976,9,8,80.4,89.6,75.2
115,590820,1976,9,30,72.9,77.0,69.8
116,590820,1976,5,18,82.9,87.8,77.0
117,590820,1976,6,1,75.7,89.6,69.8
118,590820,1976,4,8,60.6,66.2,55.4
119,590820,1976,4,29,73.6,84.2,66.2
120,590820,1976,7,29,79.7,89.6,73.4
121,590820,1976,3,19,43.2,48.2,39.2
122,590820,1976,6,9,69.8,75.2,66.2
123,590820,1976,4,22,77.0,87.8,59.0
124,590820,1976,4,13,59.9,62.6,51.8
125,590820,1976,2,28,50.7,57.2,46.4
126,590820,1976,7,11,82.6,89.6,77.0
127,590820,1976,6,2,69.8,73.4,68.0
128,590820,1976,9,25,75.6,82.4,71.6
129,590820,1976,10,13,70.3,82.4,66.2
130,590820,1976,1,7,50.3,55.4,39.2
131,590820,1976,1,24,50.0,53.6,39.2
132,590820,1976,10,17,74.6,82.4,62.6
133,590820,1976,2,2,51.5,66.2,35.6
134,590820,1976,4,24,66.7,75.2,53.6
135,590820,1976,7,23,86.8,95.0,78.8
136,590820,1976,5,26,87.1,96.8,75.2
137,590820,1976,5,19,84.2,91.4,78.8
138,590820,1976,7,21,88.0,98.6,75.2
139,590820,1976,1,3,56.7,73.4,42.8
140,590820,1976,1,15,48.7,66.2,35.6
141,590820,1976,5,9,73.9,80.6,68.0
142,590820,1976,11,9,65.4,78.8,55.4
143,590820,1976,5,28,80.6,89.6,73.4
144,590820,1976,8,14,84.0,91.4,75.2
145,590820,1976,9,18,83.5,93.2,75.2
146,590820,1976,9,24,76.8,84.2,66.2
147,590820,1976,11,18,50.5,59.0,41.0
148,590820,1976,1,8,50.9,62.6,42.8
149,590820,1976,1,12,44.4,60.8,30.2
150,590820,1976,1,16,50.7,69.8,37.4
151,590820,1976,1,19,56.3,69.8,42.8
152,590820,1976,1,28,58.3,69.8,48.2
153,590820,1976,3,10,70.7,75.2,62.6
154,590820,1976,5,6,71.2,84.2,59.0
155,590820,1976,8,15,84.4,93.2,77.0
156,590820,1976,3,7,66.7,73.4,62.6
157,590820,1976,4,30,72.5,80.6,64.4
158,590820,1976,7,16,86.7,95.0,78.8
159,590820,1976,8,9,85.6,98.6,77.0
160,590820,1976,8,28,83.8,93.2,75.2
161,590820,1976,9,11,79.9,89.6,69.8
162,590820,1976,9,12,77.9,91.4,68.0
163,590820,1976,10,6,78.3,89.6,69.8
164,590820,1976,10,16,70.9,80.6,62.6
165,590820,1976,11,6,63.7,69.8,59.0
166,590820,1976,12,4,64.0,73.4,55.4
167,590820,1976,12,10,48.4,60.8,33.8
168,590820,1976,12,21,69.1,78.8,53.6
169,590820,1976,1,22,45.5,53.6,42.8
170,590820,1976,6,21,81.4,89.6,77.0
171,590820,1976,10,15,69.0,78.8,62.6
172,590820,1976,12,18,64.2,69.8,60.8
173,590820,1976,8,29,86.0,95.0,80.6
174,590820,1976,12,13,54.1,66.2,44.6
175,590820,1976,11,10,65.3,80.6,53.6
176,590820,1976,1,21,50.7,57.2,46.4
177,590820,1976,1,27,53.4,59.0,50.0
178,590820,1976,7,15,84.9,93.2,75.2
179,590820,1976,10,14,68.9,73.4,62.6
180,590820,1976,11,27,55.0,66.2,44.6
181,590820,1976,12,20,64.6,73.4,57.2
182,590820,1976,2,25,49.7,51.8,46.4
183,590820,1976,12,28,33.8,37.4,30.2
184,590820,1976,3,17,73.1,77.0,69.8
185,590820,1976,4,19,69.1,71.6,66.2
186,590820,1976,2,20,47.4,50.0,42.8
187,590820,1976,4,10,59.8,64.4,57.2
188,590820,1976,2,26,47.5,48.2,46.4
189,590820,1976,9,7,84.4,95.0,77.0
190,590820,1976,5,8,72.4,80.6,64.4
191,590820,1976,5,13,78.8,86.0,69.8
192,590820,1976,4,5,54.6,55.4,51.8
193,590820,1976,8,24,79.1,84.2,77.0
194,590820,1976,11,17,44.6,46.4,39.2
195,590820,1976,1,25,56.8,64.4,50.0
196,590820,1976,8,23,88.3,98.6,78.8
197,590820,1976,6,10,76.1,84.2,66.2
198,590820,1976,12,19,63.7,71.6,60.8
199,590820,1976,4,11,59.5,62.6,57.2
200,590820,1976,6,22,82.6,93.2,77.0
201,590820,1976,9,21,72.3,73.4,71.6
202,590820,1976,10,22,72.5,77.0,68.0
203,590820,1976,3,13,55.8,59.0,53.6
204,590820,1976,3,20,42.8,44.6,39.2
205,590820,1976,3,21,45.7,46.4,42.8
206,590820,1976,4,4,53.4,57.2,50.0
207,590820,1976,6,15,81.9,89.6,75.2
208,590820,1976,9,29,72.1,75.2,69.8
209,590820,1976,12,14,52.0,68.0,37.4
210,590820,1976,3,2,52.0,68.0,37.4
211,590820,1976,6,16,83.5,89.6,77.0
212,590820,1976,10,18,74.5,82.4,66.2
213,590820,1976,2,23,48.0,51.8,46.4
214,590820,1976,3,14,61.0,64.4,55.4
215,590820,1976,3,22,47.8,50.0,46.4
216,590820,1976,3,23,50.0,53.6,48.2
217,590820,1976,3,27,57.2,59.0,55.4
218,590820,1976,5,3,65.5,68.0,64.4
219,590820,1976,6,4,75.2,80.6,71.6
220,590820,1976,8,12,79.0,86.0,75.2
221,590820,1976,9,27,68.9,73.4,66.2
222,590820,1976,3,25,52.3,55.4,50.0
223,590820,1976,12,24,65.2,75.2,55.4
224,590820,1976,7,1,81.4,91.4,75.2
225,590820,1976,5,2,71.6,78.8,64.4
226,590820,1976,6,8,77.5,80.6,75.2
227,590820,1976,6,30,82.2,93.2,77.0
228,590820,1976,7,9,79.3,87.8,73.4
229,590820,1976,4,23,57.6,66.2,55.4
230,590820,1976,1,29,48.0,57.2,42.8
231,590820,1976,3,16,74.5,82.4,64.4
232,590820,1976,3,1,41.7,46.4,37.4
233,590820,1976,5,20,79.7,91.4,71.6
234,590820,1976,12,1,55.0,62.6,48.2
235,590820,1976,12,26,41.0,50.0,35.6
236,590820,1976,3,4,49.3,55.4,46.4
237,590820,1976,3,18,57.7,77.0,46.4
238,590820,1976,7,12,81.1,89.6,75.2
239,590820,1976,4,27,75.9,82.4,69.8
240,590820,1976,3,11,64.9,80.6,57.2
241,590820,1976,11,13,49.5,57.2,44.6
242,590820,1976,1,26,50.9,55.4,48.2
243,590820,1976,4,1,53.8,55.4,51.8
244,590820,1976,12,31,39.2,41.0,37.4
245,590820,1976,6,6,77.7,84.2,73.4
246,590820,1976,12,27,33.6,39.2,30.2
247,590820,1976,9,17,83.3,93.2,71.6
248,590820,1976,5,24,86.0,95.0,75.2
249,590820,1976,5,17,80.6,87.8,73.4
250,590820,1976,6,27,83.4,91.4,75.2
251,590820,1976,1,18,55.4,71.6,41.0
252,590820,1976,9,14,81.6,91.4,69.8
253,590820,1976,3,15,71.3,78.8,60.8
254,590820,1976,7,13,83.7,91.4,75.2
255,590820,1976,8,20,86.8,93.2,78.8
256,590820,1976,12,5,61.3,68.0,55.4
257,590820,1976,6,24,86.9,95.0,80.6
258,590820,1976,6,28,85.8,95.0,75.2
259,590820,1976,8,6,86.0,98.6,77.0
260,590820,1976,1,14,49.0,66.2,35.6
261,590820,1976,7,30,82.9,87.8,77.0
262,590820,1976,9,13,81.4,89.6,69.8
263,590820,1976,10,20,71.6,77.0,66.2
264,590820,1976,7,5,83.8,91.4,75.2
265,590820,1976,10,1,72.5,82.4,64.4
266,590820,1976,6,23,85.1,93.2,78.8
267,590820,1976,11,5,61.2,64.4,59.0
268,590820,1976,1,13,48.2,66.2,33.8
269,590820,1976,1,17,53.8,73.4,39.2
270,590820,1976,1,31,46.8,51.8,41.0
271,590820,1976,3,9,68.7,77.0,60.8
272,590820,1976,5,22,79.7,87.8,71.6
273,590820,1976,8,17,85.8,95.0,77.0
274,590820,1976,8,27,83.5,91.4,75.2
275,590820,1976,8,30,86.0,95.0,78.8
276,590820,1976,11,8,65.3,77.0,55.4
277,590820,1976,12,2,55.0,64.4,48.2
278,590820,1976,12,12,55.6,71.6,41.0
279,590820,1976,12,16,63.7,75.2,53.6
280,590820,1976,11,19,53.8,60.8,46.4
281,590820,1976,2,6,56.8,69.8,39.2
282,590820,1976,2,10,63.1,78.8,51.8
283,590820,1976,2,15,73.0,80.6,64.4
284,590820,1976,3,6,64.6,73.4,53.6
285,590820,1976,4,14,65.8,77.0,55.4
286,590820,1976,5,30,85.6,95.0,75.2
287,590820,1976,7,18,86.4,96.8,77.0
288,590820,1976,7,20,87.1,96.8,75.2
289,590820,1976,8,22,89.2,98.6,77.0
290,590820,1976,11,22,52.5,57.2,42.8
291,590820,1976,5,21,74.0,78.8,71.6
292,590820,1976,7,24,84.5,95.0,78.8
293,590820,1976,7,14,84.2,91.4,78.8
294,590820,1976,7,17,86.5,96.8,77.0
295,590820,1976,1,20,59.3,68.0,51.8
296,590820,1976,1,5,51.4,57.2,48.2
297,590820,1976,7,22,86.0,98.6,77.0
298,590820,1976,7,31,82.2,91.4,75.2
299,590820,1976,6,19,81.3,91.4,77.0
300,590820,1976,1,2,54.7,71.6,41.0
301,590820,1976,8,18,84.0,95.0,77.0
302,590820,1976,9,6,82.2,95.0,75.2
303,590820,1976,11,23,53.4,60.8,48.2
304,590820,1976,12,7,54.0,57.2,50.0
305,590820,1976,2,5,53.6,66.2,42.8
306,590820,1976,6,18,82.6,87.8,77.0
307,590820,1976,12,9,45.7,57.2,35.6
308,590820,1976,10,25,64.7,77.0,59.0
309,590820,1976,2,29,50.8,64.4,46.4
310,590820,1976,11,28,55.1,62.6,44.6
311,590820,1976,8,5,84.0,95.0,77.0
312,590820,1976,2,24,47.9,50.0,46.4
313,590820,1976,3,31,53.6,55.4,51.8
314,590820,1976,3,30,54.4,59.0,51.8
315,590820,1976,6,12,69.8,71.6,66.2
316,590820,1976,6,13,71.4,77.0,69.8
317,590820,1976,6,7,80.9,82.4,73.4
318,590820,1976,7,27,79.8,87.8,77.0
319,590820,1976,4,9,60.8,64.4,55.4
320,590820,1976,7,7,79.1,82.4,75.2
321,590820,1976,10,30,67.2,75.2,62.6
322,590820,1976,11,15,45.5,50.0,42.8
323,590820,1976,3,3,53.4,60.8,42.8
324,590820,1976,4,15,68.9,78.8,57.2
325,590820,1976,2,9,58.5,69.8,51.8
326,590820,1976,6,3,72.3,75.2,68.0
327,590820,1976,12,29,35.4,37.4,32.0
328,590820,1976,4,12,61.5,64.4,59.0
329,590820,1976,5,23,83.1,93.2,75.2
330,590820,1976,5,29,81.3,89.6,75.2
331,590820,1976,2,3,52.2,68.0,39.2
332,590820,1976,8,10,84.2,96.8,77.0
333,590820,1976,11,12,59.7,64.4,53.6
334,590820,1976,5,16,77.2,82.4,71.6
335,590820,1976,10,28,70.9,78.8,66.2
336,590820,1976,5,27,80.4,86.0,75.2
337,590820,1976,6,25,76.3,84.2,75.2
338,590820,1976,8,11,77.2,80.6,75.2
339,590820,1976,10,21,70.2,75.2,68.0
340,590820,1976,9,28,71.4,75.2,68.0
341,590820,1976,10,10,77.9,87.8,71.6
342,590820,1976,5,31,85.7,95.0,78.8
343,590820,1976,10,23,73.1,87.8,62.6
344,590820,1976,9,3,83.4,95.0,75.2
345,590820,1976,2,13,65.2,77.0,57.2
346,590820,1976,5,5,67.2,78.8,59.0
347,590820,1976,11,4,65.7,75.2,60.8
348,590820,1976,6,11,75.7,82.4,69.8
349,590820,1976,9,20,76.2,82.4,71.6
350,590820,1976,2,12,66.9,77.0,60.8
351,590820,1976,6,20,80.8,93.2,75.2
352,590820,1976,4,18,69.1,73.4,66.2
353,590820,1976,6,14,77.5,82.4,71.6
354,590820,1976,2,17,62.6,73.4,44.6
355,590820,1976,3,29,60.6,66.2,53.6
356,590820,1976,5,4,61.9,66.2,59.0
357,590820,1976,7,6,80.8,89.6,77.0
358,590820,1976,12,25,48.2,57.2,42.8
359,590820,1976,7,26,79.2,84.2,77.0
360,590820,1976,8,7,83.3,93.2,75.2
361,590820,1976,11,16,43.0,44.6,39.2
362,590820,1976,4,3,53.6,57.2,51.8
363,590820,1976,5,11,70.9,73.4,68.0
364,590820,1976,9,22,70.7,77.0,64.4
365,590820,1976,10,12,73.2,82.4,68.0
0,590820,1977,10,11,69.8,82.4,60.8
1,590820,1977,11,19,59.2,75.2,46.4
2,590820,1977,5,24,81.6,91.4,75.2
3,590820,1977,6,10,84.5,91.4,77.0
4,590820,1977,9,6,80.4,91.4,73.4
5,590820,1977,1,24,50.8,66.2,37.4
6,590820,1977,2,6,51.0,64.4,41.0
7,590820,1977,2,17,51.5,59.0,44.6
8,590820,1977,3,4,53.9,68.0,44.6
9,590820,1977,6,14,85.7,93.2,78.8
10,590820,1977,5,1,77.9,84.2,71.6
11,590820,1977,7,24,86.0,96.8,78.8
12,590820,1977,1,16,49.6,53.6,42.8
13,590820,1977,2,10,46.4,59.0,33.8
14,590820,1977,1,13,41.9,46.4,37.4
15,590820,1977,2,15,52.2,60.8,35.6
16,590820,1977,6,1,74.5,82.4,68.0
17,590820,1977,9,8,84.2,95.0,77.0
18,590820,1977,9,14,76.8,86.0,69.8
19,590820,1977,10,5,81.1,89.6,73.4
20,590820,1977,2,28,69.8,75.2,59.0
21,590820,1977,3,19,64.1,68.0,60.8
22,590820,1977,9,17,83.2,91.4,75.2
23,590820,1977,11,16,59.0,69.8,50.0
24,590820,1977,1,17,50.9,62.6,46.4
25,590820,1977,3,8,66.9,82.4,53.6
26,590820,1977,3,17,74.8,84.2,64.4
27,590820,1977,5,4,83.1,93.2,73.4
28,590820,1977,7,3,86.9,95.0,80.6
29,590820,1977,7,19,87.3,98.6,77.0
30,590820,1977,7,25,87.6,98.6,78.8
31,590820,1977,8,8,88.0,95.0,82.4
32,590820,1977,9,11,80.6,89.6,68.0
33,590820,1977,10,7,66.2,69.8,64.4
34,590820,1977,10,9,73.6,82.4,62.6
35,590820,1977,10,22,69.1,86.0,55.4
36,590820,1977,11,20,58.1,73.4,46.4
37,590820,1977,11,28,55.4,64.4,50.0
38,590820,1977,12,12,59.7,77.0,48.2
39,590820,1977,12,20,65.8,77.0,59.0
40,590820,1977,8,11,86.9,95.0,82.4
41,590820,1977,10,12,71.0,84.2,60.8
42,590820,1977,7,12,88.3,95.0,82.4
43,590820,1977,1,20,50.4,59.0,44.6
44,590820,1977,2,2,35.8,39.2,33.8
45,590820,1977,6,30,83.1,91.4,78.8
46,590820,1977,12,26,48.9,55.4,44.6
47,590820,1977,1,25,58.8,71.6,42.8
48,590820,1977,2,4,42.6,48.2,37.4
49,590820,1977,2,5,48.0,57.2,37.4
50,590820,1977,2,21,51.4,57.2,44.6
51,590820,1977,3,13,71.8,77.0,68.0
52,590820,1977,4,22,75.9,82.4,64.4
53,590820,1977,5,2,80.6,89.6,71.6
54,590820,1977,7,8,86.0,93.2,78.8
55,590820,1977,8,25,82.0,91.4,71.6
56,590820,1977,9,2,83.5,93.2,75.2
57,590820,1977,9,28,81.5,91.4,73.4
58,590820,1977,10,13,73.6,86.0,64.4
59,590820,1977,10,21,69.4,84.2,59.0
60,590820,1977,11,2,66.4,73.4,59.0
61,590820,1977,11,27,58.6,69.8,53.6
62,590820,1977,12,6,55.6,73.4,41.0
63,590820,1977,12,9,56.8,71.6,44.6
64,590820,1977,12,11,61.0,77.0,46.4
65,590820,1977,12,15,64.0,77.0,50.0
66,590820,1977,8,27,82.7,93.2,77.0
67,590820,1977,1,11,48.2,50.0,44.6
68,590820,1977,4,12,70.8,77.0,64.4
69,590820,1977,4,2,65.9,75.2,59.0
70,590820,1977,9,23,73.8,80.6,69.8
71,590820,1977,1,10,47.2,53.6,41.0
72,590820,1977,2,1,34.6,35.6,32.0
73,590820,1977,6,6,78.5,86.0,75.2
74,590820,1977,2,19,53.8,59.0,50.0
75,590820,1977,2,26,71.1,82.4,57.2
76,590820,1977,8,6,87.6,98.6,77.0
77,590820,1977,11,1,64.8,71.6,60.8
78,590820,1977,12,18,63.0,73.4,50.0
79,590820,1977,7,1,85.1,93.2,78.8
80,590820,1977,7,14,81.3,93.2,77.0
81,590820,1977,9,27,79.5,86.0,73.4
82,590820,1977,10,15,75.0,80.6,68.0
83,590820,1977,6,20,80.2,89.6,75.2
84,590820,1977,8,16,78.5,82.4,73.4
85,590820,1977,1,30,32.2,35.6,30.2
86,590820,1977,5,21,79.2,87.8,71.6
87,590820,1977,6,2,78.1,87.8,69.8
88,590820,1977,6,24,78.8,84.2,75.2
89,590820,1977,6,27,80.6,86.0,77.0
90,590820,1977,9,13,72.3,77.0,64.4
91,590820,1977,12,29,51.8,53.6,48.2
92,590820,1977,12,30,55.9,57.2,51.8
93,590820,1977,4,30,71.8,75.2,64.4
94,590820,1977,9,18,83.1,93.2,75.2
95,590820,1977,7,22,83.3,91.4,77.0
96,590820,1977,4,20,63.7,66.2,59.0
97,590820,1977,5,16,67.3,69.8,62.6
98,590820,1977,6,11,79.0,87.8,75.2
99,590820,1977,9,30,79.9,87.8,73.4
100,590820,1977,11,24,56.4,69.8,46.4
101,590820,1977,1,18,44.9,48.2,42.8
102,590820,1977,1,23,47.7,60.8,39.2
103,590820,1977,3,24,50.2,60.8,42.8
104,590820,1977,3,16,72.4,80.6,66.2
105,590820,1977,8,22,82.6,91.4,75.2
106,590820,1977,9,21,76.3,87.8,69.8
107,590820,1977,10,17,75.0,82.4,68.0
108,590820,1977,11,12,61.5,71.6,51.8
109,590820,1977,11,22,57.2,69.8,46.4
110,590820,1977,3,1,68.0,71.6,60.8
111,590820,1977,2,16,51.1,55.4,46.4
112,590820,1977,5,9,82.1,93.2,73.4
113,590820,1977,4,17,66.9,82.4,60.8
114,590820,1977,1,7,39.7,42.8,35.6
115,590820,1977,4,9,61.3,64.4,57.2
116,590820,1977,4,27,73.9,82.4,64.4
117,590820,1977,9,24,71.4,77.0,68.0
118,590820,1977,4,7,74.9,86.0,64.4
119,590820,1977,1,3,41.2,44.6,37.4
120,590820,1977,6,19,79.7,91.4,75.2
121,590820,1977,8,15,79.9,91.4,73.4
122,590820,1977,4,23,79.9,86.0,73.4
123,590820,1977,10,25,74.1,84.2,66.2
124,590820,1977,10,19,73.6,84.2,66.2
125,590820,1977,11,7,67.1,87.8,57.2
126,590820,1977,1,12,41.7,44.6,37.4
127,590820,1977,5,31,77.9,89.6,71.6
128,590820,1977,9,19,80.6,91.4,71.6
129,590820,1977,12,3,56.6,69.8,46.4
130,590820,1977,1,5,40.4,48.2,35.6
131,590820,1977,4,26,81.8,89.6,75.2
132,590820,1977,5,23,83.3,89.6,75.2
133,590820,1977,9,20,80.6,87.8,69.8
134,590820,1977,2,24,64.7,73.4,44.6
135,590820,1977,3,26,64.1,78.8,50.0
136,590820,1977,4,19,64.9,87.8,59.0
137,590820,1977,12,1,60.8,68.0,53.6
138,590820,1977,11,5,71.6,86.0,59.0
139,590820,1977,5,5,82.9,91.4,77.0
140,590820,1977,8,5,85.8,95.0,77.0
141,590820,1977,11,9,59.5,64.4,51.8
142,590820,1977,6,23,79.9,86.0,75.2
143,590820,1977,8,17,81.7,89.6,77.0
144,590820,1977,12,25,51.3,68.0,46.4
145,590820,1977,3,10,72.6,82.4,57.2
146,590820,1977,3,20,62.1,66.2,60.8
147,590820,1977,3,7,64.6,77.0,50.0
148,590820,1977,2,11,49.8,64.4,32.0
149,590820,1977,3,5,55.0,68.0,42.8
150,590820,1977,6,28,85.6,91.4,78.8
151,590820,1977,7,18,86.0,96.8,77.0
152,590820,1977,8,30,82.4,93.2,75.2
153,590820,1977,9,16,80.8,89.6,75.2
154,590820,1977,10,8,68.9,77.0,62.6
155,590820,1977,10,27,77.2,87.8,68.0
156,590820,1977,10,30,74.8,86.0,68.0
157,590820,1977,11,10,62.6,71.6,59.0
158,590820,1977,11,11,62.4,69.8,59.0
159,590820,1977,12,5,57.4,75.2,42.8
160,590820,1977,12,8,57.7,73.4,42.8
161,590820,1977,9,22,74.3,82.4,68.0
162,590820,1977,10,16,76.6,84.2,71.6
163,590820,1977,12,23,62.4,68.0,57.2
164,590820,1977,1,21,53.4,62.6,44.6
165,590820,1977,5,17,72.1,77.0,66.2
166,590820,1977,3,9,68.7,82.4,55.4
167,590820,1977,3,12,70.7,78.8,62.6
168,590820,1977,3,15,75.4,84.2,66.2
169,590820,1977,5,8,85.1,93.2,75.2
170,590820,1977,6,3,80.8,86.0,73.4
171,590820,1977,6,29,84.9,93.2,78.8
172,590820,1977,7,9,87.4,95.0,80.6
173,590820,1977,7,23,85.5,95.0,77.0
174,590820,1977,10,14,76.1,87.8,64.4
175,590820,1977,10,18,76.3,84.2,66.2
176,590820,1977,10,23,71.6,87.8,57.2
177,590820,1977,10,29,75.6,84.2,69.8
178,590820,1977,11,13,62.2,73.4,51.8
179,590820,1977,11,25,59.2,75.2,46.4
180,590820,1977,12,13,59.2,75.2,48.2
181,590820,1977,3,23,50.7,66.2,46.4
182,590820,1977,4,3,68.0,78.8,59.0
183,590820,1977,4,5,73.9,84.2,69.8
184,590820,1977,6,13,84.7,93.2,77.0
185,590820,1977,7,13,82.4,98.6,75.2
186,590820,1977,7,28,79.3,87.8,75.2
187,590820,1977,5,10,76.6,82.4,71.6
188,590820,1977,7,30,82.4,100.4,77.0
189,590820,1977,5,13,81.8,87.8,75.2
190,590820,1977,2,13,54.3,59.0,48.2
191,590820,1977,1,6,39.0,42.8,35.6
192,590820,1977,8,19,84.2,91.4,77.0
193,590820,1977,5,26,80.6,89.6,73.4
194,590820,1977,7,16,83.8,93.2,73.4
195,590820,1977,4,6,74.5,80.6,53.6
196,590820,1977,4,28,68.4,75.2,62.6
197,590820,1977,4,29,65.1,66.2,62.6
198,590820,1977,5,25,77.9,87.8,73.4
199,590820,1977,12,27,54.0,59.0,46.4
200,590820,1977,4,10,62.3,62.6,59.0
201,590820,1977,5,30,82.4,107.6,75.2
202,590820,1977,5,18,76.8,86.0,68.0
203,590820,1977,5,27,80.6,89.6,75.2
204,590820,1977,1,4,38.1,46.4,35.6
205,590820,1977,1,31,32.5,33.8,30.2
206,590820,1977,3,31,62.8,75.2,51.8
207,590820,1977,4,1,65.1,75.2,51.8
208,590820,1977,4,11,63.9,64.4,60.8
209,590820,1977,5,29,79.7,82.4,69.8
210,590820,1977,6,18,83.3,91.4,80.6
211,590820,1977,7,15,77.2,89.6,73.4
212,590820,1977,7,27,77.0,78.8,75.2
213,590820,1977,7,31,83.5,93.2,77.0
214,590820,1977,8,21,83.8,93.2,77.0
215,590820,1977,9,5,80.2,93.2,75.2
216,590820,1977,7,11,88.3,95.0,82.4
217,590820,1977,6,17,86.0,95.0,80.6
218,590820,1977,10,26,74.3,84.2,69.8
219,590820,1977,7,21,80.2,86.0,77.0
220,590820,1977,8,3,83.1,89.6,77.0
221,590820,1977,8,29,78.1,86.0,75.2
222,590820,1977,9,26,77.5,86.0,73.4
223,590820,1977,9,29,81.7,93.2,75.2
224,590820,1977,8,24,80.4,93.2,71.6
225,590820,1977,3,27,71.3,80.6,55.4
226,590820,1977,5,22,82.0,91.4,75.2
227,590820,1977,4,25,78.8,86.0,75.2
228,590820,1977,10,10,71.6,84.2,60.8
229,590820,1977,3,18,70.5,84.2,62.6
230,590820,1977,8,23,82.0,93.2,71.6
231,590820,1977,11,17,59.2,69.8,48.2
232,590820,1977,12,17,59.0,69.8,50.0
233,590820,1977,12,21,66.4,82.4,57.2
234,590820,1977,9,1,80.4,89.6,75.2
235,590820,1977,7,4,85.6,96.8,78.8
236,590820,1977,11,8,59.2,64.4,53.6
237,590820,1977,8,18,82.8,89.6,78.8
238,590820,1977,9,9,83.3,93.2,73.4
239,590820,1977,8,1,81.9,96.8,77.0
240,590820,1977,4,14,71.3,75.2,68.0
241,590820,1977,1,27,43.2,46.4,35.6
242,590820,1977,2,8,42.8,48.2,37.4
243,590820,1977,3,21,64.2,69.8,60.8
244,590820,1977,6,12,80.4,86.0,77.0
245,590820,1977,3,11,69.4,78.8,62.6
246,590820,1977,7,20,79.2,82.4,77.0
247,590820,1977,5,14,64.6,80.6,60.8
248,590820,1977,2,14,45.0,55.4,37.4
249,590820,1977,4,8,64.9,77.0,59.0
250,590820,1977,10,4,77.7,87.8,73.4
251,590820,1977,10,28,76.7,86.0,69.8
252,590820,1977,2,12,56.9,73.4,39.2
253,590820,1977,4,24,79.1,86.0,73.4
254,590820,1977,9,12,79.3,86.0,73.4
255,590820,1977,11,14,63.3,75.2,51.8
256,590820,1977,8,28,82.6,89.6,77.0
257,590820,1977,2,27,68.3,78.8,59.0
258,590820,1977,4,18,64.9,71.6,59.0
259,590820,1977,11,21,59.3,73.4,46.4
260,590820,1977,3,14,72.5,82.4,64.4
261,590820,1977,6,15,85.3,93.2,78.8
262,590820,1977,7,17,86.2,95.0,77.0
263,590820,1977,8,9,88.7,96.8,82.4
264,590820,1977,9,7,84.2,93.2,75.2
265,590820,1977,9,15,80.6,89.6,71.6
266,590820,1977,10,24,75.2,87.8,60.8
267,590820,1977,11,6,74.1,89.6,62.6
268,590820,1977,11,18,58.8,71.6,46.4
269,590820,1977,12,2,56.1,68.0,46.4
270,590820,1977,12,4,60.4,75.2,42.8
271,590820,1977,12,7,55.9,73.4,41.0
272,590820,1977,8,10,88.0,95.0,82.4
273,590820,1977,8,14,87.1,95.0,80.6
274,590820,1977,8,7,87.6,95.0,78.8
275,590820,1977,12,19,64.9,75.2,57.2
276,590820,1977,2,3,38.1,41.0,33.8
277,590820,1977,5,6,83.3,93.2,77.0
278,590820,1977,1,15,45.3,55.4,32.0
279,590820,1977,2,18,55.2,66.2,44.6
280,590820,1977,2,23,55.0,69.8,39.2
281,590820,1977,3,25,57.0,73.4,42.8
282,590820,1977,5,3,81.5,89.6,71.6
283,590820,1977,7,2,84.7,91.4,78.8
284,590820,1977,7,10,90.3,107.6,82.4
285,590820,1977,8,26,83.5,95.0,73.4
286,590820,1977,9,3,86.2,95.0,75.2
287,590820,1977,11,4,67.6,80.6,57.2
288,590820,1977,11,23,57.6,71.6,46.4
289,590820,1977,12,14,61.3,77.0,46.4
290,590820,1977,6,7,76.7,86.0,73.4
291,590820,1977,3,22,68.0,75.2,60.8
292,590820,1977,3,28,71.6,77.0,68.0
293,590820,1977,1,8,43.2,48.2,39.2
294,590820,1977,8,31,82.9,95.0,77.0
295,590820,1977,12,22,61.9,69.8,57.2
296,590820,1977,1,19,46.6,48.2,42.8
297,590820,1977,4,4,74.3,84.2,60.8
298,590820,1977,8,12,86.7,95.0,80.6
299,590820,1977,8,13,88.7,107.6,82.4
300,590820,1977,11,26,62.8,77.0,46.4
301,590820,1977,4,16,76.5,80.6,68.0
302,590820,1977,3,30,55.6,62.6,51.8
303,590820,1977,4,13,73.0,77.0,68.0
304,590820,1977,5,12,78.4,86.0,71.6
305,590820,1977,6,4,79.7,89.6,75.2
306,590820,1977,6,5,77.9,86.0,75.2
307,590820,1977,6,8,79.5,86.0,73.4
308,590820,1977,6,9,80.8,86.0,75.2
309,590820,1977,6,25,77.4,80.6,75.2
310,590820,1977,9,25,77.5,86.0,68.0
311,590820,1977,10,2,78.6,89.6,71.6
312,590820,1977,11,29,57.4,64.4,50.0
313,590820,1977,10,3,78.8,87.8,73.4
314,590820,1977,11,30,56.8,60.8,53.6
315,590820,1977,4,21,65.8,68.0,60.8
316,590820,1977,7,6,82.2,87.8,75.2
317,590820,1977,1,2,41.2,42.8,39.2
318,590820,1977,4,15,71.8,82.4,66.2
319,590820,1977,5,15,65.1,68.0,57.2
320,590820,1977,5,19,82.4,89.6,75.2
321,590820,1977,5,28,80.8,89.6,75.2
322,590820,1977,6,26,81.3,87.8,75.2
323,590820,1977,7,7,84.0,91.4,78.8
324,590820,1977,7,29,80.2,91.4,75.2
325,590820,1977,8,2,79.0,86.0,75.2
326,590820,1977,8,4,83.1,89.6,78.8
327,590820,1977,8,20,84.4,93.2,78.8
328,590820,1977,2,22,52.3,64.4,41.0
329,590820,1977,3,3,57.0,66.2,50.0
330,590820,1977,5,7,83.3,93.2,75.2
331,590820,1977,6,16,86.3,95.0,80.6
332,590820,1977,1,22,46.9,51.8,44.6
333,590820,1977,2,7,48.7,59.0,42.8
334,590820,1977,12,10,55.9,75.2,42.8
335,590820,1977,1,14,40.1,42.8,33.8
336,590820,1977,10,6,76.8,91.4,66.2
337,590820,1977,2,25,71.4,84.2,59.0
338,590820,1977,9,10,79.5,89.6,69.8
339,590820,1977,10,20,71.8,84.2,60.8
340,590820,1977,11,3,66.2,77.0,57.2
341,590820,1977,12,16,60.3,75.2,51.8
342,590820,1977,3,2,61.1,78.8,53.6
343,590820,1977,5,20,78.3,89.6,73.4
344,590820,1977,3,29,64.1,73.4,55.4
345,590820,1977,1,9,42.0,42.8,41.0
346,590820,1977,1,29,35.6,41.0,30.2
347,590820,1977,12,24,54.3,68.0,46.4
348,590820,1977,2,9,42.2,48.2,35.6
349,590820,1977,3,6,60.1,75.2,44.6
350,590820,1977,1,26,48.7,59.0,41.0
351,590820,1977,2,20,49.8,55.4,46.4
352,590820,1977,11,15,58.1,64.4,51.8
353,590820,1977,7,26,83.5,93.2,78.8
354,590820,1977,5,11,77.0,86.0,71.6
355,590820,1977,12,31,49.1,57.2,44.6
356,590820,1977,1,28,39.4,42.8,37.4
357,590820,1977,6,21,77.5,82.4,75.2
358,590820,1977,9,4,82.0,96.8,75.2
359,590820,1977,12,28,53.2,71.6,48.2
360,590820,1977,10,31,73.6,89.6,62.6
361,590820,1977,1,1,39.0,42.8,24.8
362,590820,1977,6,22,76.6,82.4,73.4
363,590820,1977,7,5,81.5,91.4,77.0
364,590820,1977,10,1,80.2,91.4,73.4
0,590820,1978,12,5,57.5,71.6,50.0
1,590820,1978,12,7,63.6,77.0,48.2
2,590820,1978,7,22,84.0,95.0,75.2
3,590820,1978,9,21,81.1,91.4,73.4
4,590820,1978,9,16,85.4,95.0,75.2
5,590820,1978,8,23,83.3,91.4,77.0
6,590820,1978,11,12,62.6,66.2,59.0
7,590820,1978,5,29,84.2,91.4,75.2
8,590820,1978,1,22,54.9,66.2,33.8
9,590820,1978,12,3,55.1,71.6,44.6
10,590820,1978,4,12,75.4,89.6,60.8
11,590820,1978,3,10,61.9,68.0,55.4
12,590820,1978,4,23,70.9,78.8,62.6
13,590820,1978,6,3,76.8,84.2,69.8
14,590820,1978,6,29,87.1,95.0,78.8
15,590820,1978,8,1,85.3,96.8,78.8
16,590820,1978,8,5,85.3,96.8,77.0
17,590820,1978,8,31,84.2,93.2,73.4
18,590820,1978,4,25,77.9,86.0,71.6
19,590820,1978,6,23,83.1,93.2,75.2
20,590820,1978,1,5,46.2,59.0,37.4
21,590820,1978,1,21,44.6,62.6,32.0
22,590820,1978,1,23,64.2,75.2,53.6
23,590820,1978,2,19,49.1,57.2,44.6
24,590820,1978,5,7,80.2,89.6,68.0
25,590820,1978,7,4,88.2,96.8,80.6
26,590820,1978,7,11,90.1,100.4,80.6
27,590820,1978,9,29,79.9,89.6,69.8
28,590820,1978,10,30,57.9,73.4,42.8
29,590820,1978,11,14,63.1,75.2,50.0
30,590820,1978,11,30,54.5,66.2,50.0
31,590820,1978,12,12,49.8,66.2,39.2
32,590820,1978,12,28,56.8,64.4,51.8
33,590820,1978,7,18,87.6,98.6,77.0
34,590820,1978,1,7,54.1,64.4,46.4
35,590820,1978,1,24,62.2,75.2,51.8
36,590820,1978,1,26,64.4,75.2,55.4
37,590820,1978,4,13,74.5,87.8,62.6
38,590820,1978,7,1,87.1,95.0,78.8
39,590820,1978,7,5,90.1,98.6,78.8
40,590820,1978,9,3,84.7,95.0,73.4
41,590820,1978,9,11,77.4,86.0,69.8
42,590820,1978,9,18,83.1,98.6,75.2
43,590820,1978,9,20,78.8,87.8,68.0
44,590820,1978,10,8,76.1,84.2,69.8
45,590820,1978,10,26,78.6,87.8,69.8
46,590820,1978,11,4,64.4,78.8,51.8
47,590820,1978,12,8,69.6,80.6,59.0
48,590820,1978,12,18,57.0,71.6,42.8
49,590820,1978,1,6,50.0,62.6,35.6
50,590820,1978,11,7,66.2,73.4,62.6
51,590820,1978,5,8,80.6,87.8,73.4
52,590820,1978,1,3,48.2,59.0,39.2
53,590820,1978,3,2,68.5,77.0,62.6
54,590820,1978,1,8,55.8,62.6,46.4
55,590820,1978,3,7,58.8,62.6,57.2
56,590820,1978,3,15,49.3,51.8,44.6
57,590820,1978,7,2,85.3,95.0,80.6
58,590820,1978,1,12,54.9,57.2,51.8
59,590820,1978,1,31,43.2,44.6,41.0
60,590820,1978,5,16,73.2,75.2,71.6
61,590820,1978,5,21,71.2,80.6,66.2
62,590820,1978,6,24,83.3,91.4,78.8
63,590820,1978,7,17,85.3,100.4,77.0
64,590820,1978,8,17,86.2,98.6,78.8
65,590820,1978,8,20,82.8,96.8,73.4
66,590820,1978,10,1,74.5,77.0,71.6
67,590820,1978,10,17,63.7,64.4,60.8
68,590820,1978,12,26,59.5,69.8,48.2
69,590820,1978,11,27,56.1,59.0,51.8
70,590820,1978,1,11,53.6,66.2,39.2
71,590820,1978,2,21,54.0,62.6,48.2
72,590820,1978,3,13,45.9,46.4,42.8
73,590820,1978,8,6,82.0,95.0,77.0
74,590820,1978,1,1,47.0,50.0,44.6
75,590820,1978,1,30,44.2,46.4,42.8
76,590820,1978,4,5,61.6,62.6,59.0
77,590820,1978,3,18,64.6,69.8,59.0
78,590820,1978,3,19,65.8,68.0,62.6
79,590820,1978,4,8,63.1,66.2,59.0
80,590820,1978,4,17,63.7,68.0,57.2
81,590820,1978,5,15,72.7,75.2,69.8
82,590820,1978,5,19,76.3,82.4,69.8
83,590820,1978,5,23,75.0,82.4,69.8
84,590820,1978,6,22,81.7,89.6,75.2
85,590820,1978,7,24,84.4,95.0,77.0
86,590820,1978,9,25,77.2,86.0,71.6
87,590820,1978,10,18,68.7,73.4,62.6
88,590820,1978,11,8,69.6,75.2,62.6
89,590820,1978,11,11,59.9,62.6,59.0
90,590820,1978,12,30,61.9,78.8,51.8
91,590820,1978,2,16,42.1,46.4,37.4
92,590820,1978,7,16,86.4,100.4,78.8
93,590820,1978,12,1,54.5,60.8,50.0
94,590820,1978,12,25,57.9,71.6,50.0
95,590820,1978,9,1,85.1,95.0,75.2
96,590820,1978,9,17,84.4,96.8,75.2
97,590820,1978,10,12,78.3,89.6,69.8
98,590820,1978,12,15,51.8,68.0,41.0
99,590820,1978,12,22,53.8,64.4,44.6
100,590820,1978,9,4,83.2,91.4,77.0
101,590820,1978,7,20,87.1,96.8,78.8
102,590820,1978,2,9,71.0,78.8,57.2
103,590820,1978,1,4,47.2,51.8,41.0
104,590820,1978,12,10,56.5,60.8,50.0
105,590820,1978,6,6,76.2,84.2,71.6
106,590820,1978,8,19,82.0,91.4,75.2
107,590820,1978,4,28,71.6,77.0,64.4
108,590820,1978,12,29,56.5,59.0,51.8
109,590820,1978,3,31,61.7,66.2,55.4
110,590820,1978,5,10,59.0,68.0,41.0
111,590820,1978,5,27,80.6,87.8,75.2
112,590820,1978,10,27,59.9,77.0,51.8
113,590820,1978,3,12,47.1,51.8,42.8
114,590820,1978,10,15,67.5,73.4,62.6
115,590820,1978,3,27,66.4,75.2,59.0
116,590820,1978,4,10,71.2,84.2,64.4
117,590820,1978,5,9,72.7,80.6,68.0
118,590820,1978,7,21,84.7,98.6,75.2
119,590820,1978,1,14,66.7,77.0,51.8
120,590820,1978,2,27,64.1,77.0,48.2
121,590820,1978,3,1,67.0,75.2,53.6
122,590820,1978,11,25,62.3,73.4,57.2
123,590820,1978,7,28,88.0,98.6,80.6
124,590820,1978,8,8,85.5,96.8,77.0
125,590820,1978,4,24,79.2,89.6,66.2
126,590820,1978,4,22,63.4,69.8,55.4
127,590820,1978,9,14,82.7,95.0,71.6
128,590820,1978,12,17,53.2,71.6,39.2
129,590820,1978,2,2,48.9,60.8,39.2
130,590820,1978,2,24,59.2,71.6,48.2
131,590820,1978,4,11,73.6,89.6,62.6
132,590820,1978,4,29,76.8,86.0,68.0
133,590820,1978,6,11,84.2,91.4,77.0
134,590820,1978,8,7,81.3,89.6,75.2
135,590820,1978,8,15,85.8,95.0,77.0
136,590820,1978,8,30,82.6,93.2,75.2
137,590820,1978,9,27,76.6,80.6,71.6
138,590820,1978,11,9,71.4,84.2,64.4
139,590820,1978,2,3,50.2,53.6,42.8
140,590820,1978,8,11,84.4,93.2,77.0
141,590820,1978,9,22,81.3,89.6,73.4
142,590820,1978,4,14,76.5,84.2,68.0
143,590820,1978,1,19,43.7,53.6,32.0
144,590820,1978,6,12,85.8,93.2,77.0
145,590820,1978,7,10,89.4,98.6,78.8
146,590820,1978,9,12,78.8,87.8,71.6
147,590820,1978,11,1,64.0,78.8,50.0
148,590820,1978,11,24,62.4,71.6,55.4
149,590820,1978,12,9,71.8,82.4,62.6
150,590820,1978,12,20,53.4,60.8,44.6
151,590820,1978,8,16,85.1,100.4,78.8
152,590820,1978,2,20,51.1,55.4,42.8
153,590820,1978,2,26,60.4,75.2,48.2
154,590820,1978,6,19,83.8,91.4,77.0
155,590820,1978,6,30,87.4,95.0,80.6
156,590820,1978,7,9,88.7,98.6,80.6
157,590820,1978,8,25,85.3,95.0,75.2
158,590820,1978,9,15,84.0,95.0,73.4
159,590820,1978,9,28,77.9,89.6,69.8
160,590820,1978,10,9,76.8,86.0,68.0
161,590820,1978,10,10,75.6,86.0,66.2
162,590820,1978,10,13,76.8,86.0,66.2
163,590820,1978,11,2,65.3,78.8,50.0
164,590820,1978,12,2,54.3,66.2,46.4
165,590820,1978,12,6,59.0,75.2,48.2
166,590820,1978,8,29,77.9,87.8,75.2
167,590820,1978,4,4,58.7,59.0,55.4
168,590820,1978,5,3,75.7,84.2,73.4
169,590820,1978,5,30,86.8,93.2,78.8
170,590820,1978,8,13,82.4,93.2,77.0
171,590820,1978,1,25,63.5,75.2,55.4
172,590820,1978,2,4,54.2,60.8,50.0
173,590820,1978,7,27,84.9,91.4,80.6
174,590820,1978,12,24,56.5,66.2,44.6
175,590820,1978,4,15,77.4,84.2,71.6
176,590820,1978,6,25,87.8,95.0,78.8
177,590820,1978,2,5,61.0,66.2,53.6
178,590820,1978,4,27,70.7,75.2,68.0
179,590820,1978,4,19,76.3,84.2,71.6
180,590820,1978,1,13,61.0,75.2,53.6
181,590820,1978,2,12,40.3,41.0,37.4
182,590820,1978,2,13,41.7,44.6,39.2
183,590820,1978,2,15,41.2,44.6,39.2
184,590820,1978,2,23,49.8,51.8,46.4
185,590820,1978,3,29,72.3,75.2,68.0
186,590820,1978,5,13,68.7,73.4,64.4
187,590820,1978,5,20,72.1,75.2,69.8
188,590820,1978,6,10,82.6,89.6,75.2
189,590820,1978,6,15,83.5,89.6,77.0
190,590820,1978,8,4,84.0,96.8,77.0
191,590820,1978,9,26,74.1,78.8,71.6
192,590820,1978,10,19,72.3,77.0,68.0
193,590820,1978,11,6,68.0,80.6,57.2
194,590820,1978,7,26,86.2,93.2,80.6
195,590820,1978,8,9,85.1,96.8,78.8
196,590820,1978,5,26,81.3,87.8,73.4
197,590820,1978,4,1,57.4,60.8,53.6
198,590820,1978,6,5,79.8,87.8,75.2
199,590820,1978,6,8,76.0,82.4,73.4
200,590820,1978,2,14,41.0,42.8,39.2
201,590820,1978,3,16,52.7,55.4,48.2
202,590820,1978,3,17,59.7,64.4,51.8
203,590820,1978,3,22,50.2,53.6,46.4
204,590820,1978,3,25,58.1,64.4,51.8
205,590820,1978,4,7,60.8,62.6,59.0
206,590820,1978,5,14,70.7,73.4,68.0
207,590820,1978,5,17,73.9,75.2,71.6
208,590820,1978,6,9,77.2,86.0,73.4
209,590820,1978,8,18,82.2,96.8,77.0
210,590820,1978,8,22,80.4,89.6,77.0
211,590820,1978,9,6,81.9,95.0,75.2
212,590820,1978,10,20,73.2,78.8,68.0
213,590820,1978,10,11,76.8,86.0,66.2
214,590820,1978,1,2,47.7,55.4,42.8
215,590820,1978,2,17,44.6,55.4,35.6
216,590820,1978,1,20,42.8,50.0,33.8
217,590820,1978,5,5,75.6,100.4,66.2
218,590820,1978,2,25,60.8,73.4,50.0
219,590820,1978,11,13,60.1,68.0,53.6
220,590820,1978,7,13,85.8,98.6,71.6
221,590820,1978,9,19,76.3,84.2,69.8
222,590820,1978,10,7,78.1,96.8,68.0
223,590820,1978,12,11,52.5,62.6,41.0
224,590820,1978,12,19,55.0,68.0,48.2
225,590820,1978,6,18,79.8,93.2,77.0
226,590820,1978,11,18,65.8,77.0,59.0
227,590820,1978,2,10,49.6,73.4,44.6
228,590820,1978,2,22,51.1,53.6,46.4
229,590820,1978,6,26,82.4,89.6,77.0
230,590820,1978,9,9,81.1,96.8,69.8
231,590820,1978,11,28,53.4,59.0,48.2
232,590820,1978,10,5,68.0,71.6,62.6
233,590820,1978,1,15,55.4,69.8,41.0
234,590820,1978,3,20,64.2,69.8,53.6
235,590820,1978,3,21,51.6,66.2,48.2
236,590820,1978,5,18,71.8,73.4,69.8
237,590820,1978,5,31,75.0,89.6,64.4
238,590820,1978,2,28,68.3,82.4,53.6
239,590820,1978,12,14,59.0,68.0,46.4
240,590820,1978,6,13,86.9,95.0,78.8
241,590820,1978,10,24,76.8,86.0,69.8
242,590820,1978,11,23,59.0,64.4,53.6
243,590820,1978,4,2,57.9,62.6,55.4
244,590820,1978,5,1,81.1,91.4,73.4
245,590820,1978,4,26,76.3,84.2,71.6
246,590820,1978,9,10,75.0,82.4,69.8
247,590820,1978,10,22,73.6,80.6,68.0
248,590820,1978,12,4,60.8,73.4,48.2
249,590820,1978,12,13,56.7,71.6,42.8
250,590820,1978,10,23,75.4,86.0,68.0
251,590820,1978,6,17,81.7,89.6,73.4
252,590820,1978,7,3,86.9,95.0,78.8
253,590820,1978,9,7,82.4,93.2,77.0
254,590820,1978,2,6,70.3,84.2,55.4
255,590820,1978,2,18,47.1,55.4,33.8
256,590820,1978,6,4,80.8,89.6,71.6
257,590820,1978,7,12,88.9,98.6,60.8
258,590820,1978,8,3,82.8,89.6,77.0
259,590820,1978,8,26,86.2,95.0,75.2
260,590820,1978,9,8,83.3,95.0,77.0
261,590820,1978,10,25,77.0,84.2,69.8
262,590820,1978,11,3,64.6,77.0,53.6
263,590820,1978,11,5,66.7,80.6,57.2
264,590820,1978,11,16,68.5,78.8,57.2
265,590820,1978,12,16,52.5,69.8,39.2
266,590820,1978,12,21,53.8,60.8,46.4
267,590820,1978,12,23,52.7,62.6,42.8
268,590820,1978,10,14,76.0,84.2,71.6
269,590820,1978,5,24,78.3,87.8,71.6
270,590820,1978,6,2,73.6,80.6,66.2
271,590820,1978,8,2,83.3,93.2,78.8
272,590820,1978,2,7,71.4,78.8,64.4
273,590820,1978,5,6,77.5,89.6,66.2
274,590820,1978,5,11,68.9,77.0,57.2
275,590820,1978,7,8,88.7,96.8,82.4
276,590820,1978,7,14,89.2,98.6,78.8
277,590820,1978,7,15,90.3,102.2,78.8
278,590820,1978,9,13,81.5,91.4,71.6
279,590820,1978,9,23,79.7,87.8,73.4
280,590820,1978,10,6,71.6,82.4,62.6
281,590820,1978,10,28,58.6,69.8,50.0
282,590820,1978,10,31,61.5,77.0,46.4
283,590820,1978,11,15,65.3,75.2,55.4
284,590820,1978,11,20,59.9,66.2,53.6
285,590820,1978,11,21,61.7,71.6,53.6
286,590820,1978,11,29,54.0,60.8,46.4
287,590820,1978,12,27,56.3,62.6,53.6
288,590820,1978,11,22,60.0,68.0,55.4
289,590820,1978,1,27,68.0,75.2,59.0
290,590820,1978,7,25,86.3,96.8,78.8
291,590820,1978,5,28,81.4,86.0,75.2
292,590820,1978,8,10,80.3,93.2,78.8
293,590820,1978,10,3,79.9,89.6,75.2
294,590820,1978,3,6,58.6,62.6,53.6
295,590820,1978,3,8,59.0,62.6,55.4
296,590820,1978,3,14,46.2,48.2,44.6
297,590820,1978,4,9,65.2,68.0,62.6
298,590820,1978,4,21,58.5,62.6,57.2
299,590820,1978,6,1,67.2,69.8,62.6
300,590820,1978,7,31,80.9,86.0,78.8
301,590820,1978,6,28,83.3,91.4,75.2
302,590820,1978,3,24,51.6,57.2,44.6
303,590820,1978,4,3,58.8,62.6,53.6
304,590820,1978,5,22,72.1,75.2,68.0
305,590820,1978,6,14,82.0,93.2,78.8
306,590820,1978,6,16,80.2,93.2,75.2
307,590820,1978,7,30,86.5,93.2,78.8
308,590820,1978,8,21,82.2,91.4,75.2
309,590820,1978,3,4,54.0,59.0,51.8
310,590820,1978,3,5,56.1,60.8,50.0
311,590820,1978,7,29,84.6,95.0,80.6
312,590820,1978,8,27,82.6,87.8,78.8
313,590820,1978,11,19,60.6,64.4,57.2
314,590820,1978,6,21,80.6,91.4,75.2
315,590820,1978,3,26,57.9,60.8,53.6
316,590820,1978,4,6,64.4,71.6,60.8
317,590820,1978,4,18,74.1,82.4,60.8
318,590820,1978,5,2,79.9,87.8,73.4
319,590820,1978,6,7,74.8,80.6,71.6
320,590820,1978,7,23,85.1,96.8,78.8
321,590820,1978,8,14,80.8,86.0,75.2
322,590820,1978,9,5,82.6,96.8,75.2
323,590820,1978,9,24,74.3,80.6,71.6
324,590820,1978,9,30,78.8,84.2,73.4
325,590820,1978,10,2,77.2,78.8,75.2
326,590820,1978,10,16,62.4,64.4,60.8
327,590820,1978,5,12,69.0,77.0,62.6
328,590820,1978,1,9,49.2,55.4,44.6
329,590820,1978,8,24,82.4,96.8,77.0
330,590820,1978,7,19,89.6,100.4,82.4
331,590820,1978,1,10,47.5,59.0,39.2
332,590820,1978,1,18,37.6,42.8,33.8
333,590820,1978,9,2,82.8,93.2,75.2
334,590820,1978,10,29,55.4,68.0,44.6
335,590820,1978,11,17,68.9,80.6,60.8
336,590820,1978,2,1,47.3,55.4,41.0
337,590820,1978,8,12,85.3,96.8,78.8
338,590820,1978,5,25,80.6,87.8,73.4
339,590820,1978,7,6,88.9,100.4,77.0
340,590820,1978,7,7,89.4,98.6,80.6
341,590820,1978,12,31,50.8,59.0,44.6
342,590820,1978,10,21,69.5,75.2,68.0
343,590820,1978,2,8,73.1,91.4,68.0
344,590820,1978,1,16,39.7,41.0,37.4
345,590820,1978,1,17,37.6,41.0,35.6
346,590820,1978,11,26,57.0,62.6,53.6
347,590820,1978,1,29,45.7,50.0,42.8
348,590820,1978,3,28,70.2,75.2,68.0
349,590820,1978,4,30,81.5,89.6,71.6
350,590820,1978,5,4,75.7,86.0,69.8
351,590820,1978,8,28,84.0,91.4,78.8
352,590820,1978,11,10,67.8,78.8,59.0
353,590820,1978,3,11,62.4,69.8,51.8
354,590820,1978,6,20,81.3,93.2,75.2
355,590820,1978,10,4,76.8,91.4,68.0
356,590820,1978,3,3,62.6,69.8,53.6
357,590820,1978,1,28,47.6,66.2,44.6
358,590820,1978,3,9,61.0,68.0,55.4
359,590820,1978,3,23,48.2,51.8,46.4
360,590820,1978,3,30,70.5,80.6,60.8
361,590820,1978,4,16,61.5,73.4,57.2
362,590820,1978,4,20,76.3,87.8,62.6
363,590820,1978,6,27,80.4,89.6,75.2
364,590820,1978,2,11,43.6,48.2,39.2
0,590820,1979,12,20,68.5,77.0,57.2
1,590820,1979,5,31,80.2,89.6,73.4
2,590820,1979,12,19,66.2,80.6,55.4
3,590820,1979,11,9,72.4,87.8,59.0
4,590820,1979,7,27,85.6,96.8,75.2
5,590820,1979,7,28,89.8,100.4,78.8
6,590820,1979,4,26,76.8,89.6,66.2
7,590820,1979,5,19,77.5,86.0,68.0
8,590820,1979,5,24,78.6,86.0,71.6
9,590820,1979,6,14,80.8,91.4,71.6
10,590820,1979,7,15,89.2,96.8,82.4
11,590820,1979,9,12,83.1,93.2,73.4
12,590820,1979,9,14,84.0,93.2,75.2
13,590820,1979,9,29,75.2,84.2,62.6
14,590820,1979,10,7,70.0,82.4,57.2
15,590820,1979,10,9,68.2,86.0,59.0
16,590820,1979,10,12,71.2,86.0,59.0
17,590820,1979,10,29,69.4,86.0,53.6
18,590820,1979,12,10,65.1,73.4,55.4
19,590820,1979,12,11,62.2,73.4,55.4
20,590820,1979,7,12,87.4,95.0,78.8
21,590820,1979,8,26,85.6,93.2,77.0
22,590820,1979,11,25,56.3,68.0,44.6
23,590820,1979,12,23,52.3,57.2,48.2
24,590820,1979,12,28,53.8,68.0,44.6
25,590820,1979,4,11,70.2,78.8,60.8
26,590820,1979,7,8,87.6,96.8,78.8
27,590820,1979,7,16,88.3,96.8,80.6
28,590820,1979,8,1,87.8,96.8,75.2
29,590820,1979,10,6,70.7,84.2,59.0
30,590820,1979,10,10,71.6,86.0,59.0
31,590820,1979,10,18,69.1,82.4,59.0
32,590820,1979,4,23,76.6,78.8,73.4
33,590820,1979,7,7,84.7,89.6,78.8
34,590820,1979,12,26,50.7,62.6,39.2
35,590820,1979,12,27,51.4,62.6,42.8
36,590820,1979,8,21,83.8,91.4,78.8
37,590820,1979,1,1,51.8,59.0,48.2
38,590820,1979,5,8,76.6,82.4,68.0
39,590820,1979,7,4,89.8,98.6,78.8
40,590820,1979,8,12,85.1,93.2,77.0
41,590820,1979,1,5,54.0,59.0,51.8
42,590820,1979,1,22,48.9,51.8,46.4
43,590820,1979,1,4,55.2,59.0,53.6
44,590820,1979,6,8,81.5,91.4,73.4
45,590820,1979,11,24,52.0,57.2,42.8
46,590820,1979,1,24,53.2,59.0,46.4
47,590820,1979,6,24,85.8,93.2,77.0
48,590820,1979,1,3,53.1,55.4,50.0
49,590820,1979,4,16,71.9,82.4,64.4
50,590820,1979,5,12,77.7,84.2,71.6
51,590820,1979,5,16,67.1,71.6,62.6
52,590820,1979,1,9,61.2,68.0,50.0
53,590820,1979,1,26,64.6,77.0,50.0
54,590820,1979,2,26,57.7,64.4,50.0
55,590820,1979,4,10,61.8,62.6,59.0
56,590820,1979,4,29,75.5,82.4,69.8
57,590820,1979,2,27,55.2,59.0,53.6
58,590820,1979,7,5,89.4,100.4,82.4
59,590820,1979,8,7,87.1,100.4,75.2
60,590820,1979,9,18,81.3,91.4,77.0
61,590820,1979,2,2,46.9,53.6,33.8
62,590820,1979,9,11,80.2,89.6,73.4
63,590820,1979,1,13,48.4,51.8,42.8
64,590820,1979,2,9,61.5,68.0,53.6
65,590820,1979,3,2,45.9,51.8,42.8
66,590820,1979,3,19,52.5,53.6,50.0
67,590820,1979,4,6,58.3,59.0,55.4
68,590820,1979,5,2,64.6,68.0,62.6
69,590820,1979,5,28,71.8,75.2,68.0
70,590820,1979,6,11,74.1,80.6,68.0
71,590820,1979,8,6,80.8,93.2,71.6
72,590820,1979,8,19,82.8,89.6,78.8
73,590820,1979,8,29,81.7,91.4,75.2
74,590820,1979,7,10,87.8,96.8,80.6
75,590820,1979,2,3,46.2,48.2,42.8
76,590820,1979,2,4,51.8,64.4,46.4
77,590820,1979,2,12,60.6,64.4,59.0
78,590820,1979,3,14,49.1,53.6,42.8
79,590820,1979,3,15,49.1,53.6,48.2
80,590820,1979,3,18,51.6,51.8,50.0
81,590820,1979,4,15,67.3,71.6,62.6
82,590820,1979,5,26,79.5,84.2,73.4
83,590820,1979,6,23,83.5,93.2,77.0
84,590820,1979,7,2,83.1,91.4,77.0
85,590820,1979,7,30,80.6,82.4,77.0
86,590820,1979,8,20,82.4,91.4,78.8
87,590820,1979,8,25,80.4,91.4,75.2
88,590820,1979,11,21,55.0,71.6,50.0
89,590820,1979,10,3,75.2,86.0,66.2
90,590820,1979,10,22,64.9,82.4,50.0
91,590820,1979,10,31,68.0,87.8,55.4
92,590820,1979,12,16,54.1,69.8,42.8
93,590820,1979,4,20,72.1,80.6,68.0
94,590820,1979,9,27,74.3,84.2,66.2
95,590820,1979,11,11,66.4,78.8,57.2
96,590820,1979,11,18,51.4,60.8,41.0
97,590820,1979,11,27,51.6,59.0,44.6
98,590820,1979,5,23,77.7,87.8,73.4
99,590820,1979,2,23,63.5,75.2,59.0
100,590820,1979,6,16,76.5,84.2,71.6
101,590820,1979,3,11,56.8,68.0,50.0
102,590820,1979,1,11,64.2,77.0,46.4
103,590820,1979,4,13,61.7,69.8,55.4
104,590820,1979,11,3,68.7,82.4,57.2
105,590820,1979,4,3,52.2,55.4,50.0
106,590820,1979,8,2,84.9,89.6,78.8
107,590820,1979,10,26,67.3,78.8,59.0
108,590820,1979,3,13,46.4,50.0,44.6
109,590820,1979,5,1,68.2,77.0,62.6
110,590820,1979,5,9,77.4,86.0,71.6
111,590820,1979,5,15,64.8,73.4,62.6
112,590820,1979,6,10,76.3,87.8,69.8
113,590820,1979,9,2,74.8,78.8,73.4
114,590820,1979,9,23,77.7,89.6,69.8
115,590820,1979,9,25,69.8,71.6,68.0
116,590820,1979,1,14,40.8,48.2,37.4
117,590820,1979,1,29,45.3,62.6,41.0
118,590820,1979,2,11,59.5,66.2,53.6
119,590820,1979,2,13,58.3,60.8,57.2
120,590820,1979,4,18,73.4,96.8,69.8
121,590820,1979,5,27,76.3,84.2,68.0
122,590820,1979,6,18,80.2,89.6,77.0
123,590820,1979,7,26,83.3,100.4,77.0
124,590820,1979,7,31,81.9,89.6,77.0
125,590820,1979,8,24,83.3,93.2,77.0
126,590820,1979,9,7,82.6,93.2,75.2
127,590820,1979,9,16,82.6,95.0,75.2
128,590820,1979,10,21,70.8,84.2,59.0
129,590820,1979,11,8,68.3,84.2,51.8
130,590820,1979,11,15,59.4,75.2,44.6
131,590820,1979,5,21,81.1,93.2,68.0
132,590820,1979,6,2,82.0,87.8,73.4
133,590820,1979,7,18,89.6,96.8,82.4
134,590820,1979,7,23,88.7,100.4,80.6
135,590820,1979,9,17,82.6,93.2,73.4
136,590820,1979,9,30,75.0,86.0,64.4
137,590820,1979,10,4,72.0,82.4,60.8
138,590820,1979,10,17,74.1,86.0,62.6
139,590820,1979,11,10,77.2,89.6,60.8
140,590820,1979,12,18,62.4,73.4,50.0
141,590820,1979,12,29,55.4,69.8,44.6
142,590820,1979,8,8,88.9,100.4,80.6
143,590820,1979,11,29,54.0,64.4,41.0
144,590820,1979,1,27,68.8,77.0,59.0
145,590820,1979,11,30,58.1,62.6,50.0
146,590820,1979,4,24,82.6,89.6,73.4
147,590820,1979,6,1,80.2,86.0,75.2
148,590820,1979,6,3,83.3,91.4,77.0
149,590820,1979,6,4,83.8,91.4,77.0
150,590820,1979,7,9,88.0,96.8,77.0
151,590820,1979,7,25,88.9,98.6,80.6
152,590820,1979,8,14,88.0,96.8,78.8
153,590820,1979,9,3,79.2,86.0,73.4
154,590820,1979,9,13,83.3,91.4,75.2
155,590820,1979,9,15,84.4,95.0,75.2
156,590820,1979,10,5,69.8,82.4,59.0
157,590820,1979,10,13,72.1,87.8,57.2
158,590820,1979,11,4,73.4,89.6,60.8
159,590820,1979,11,7,65.1,86.0,48.2
160,590820,1979,11,26,51.6,57.2,50.0
161,590820,1979,8,15,87.6,98.6,80.6
162,590820,1979,11,19,50.9,60.8,37.4
163,590820,1979,12,2,54.0,69.8,41.0
164,590820,1979,12,14,52.3,66.2,41.0
165,590820,1979,12,15,53.1,68.0,41.0
166,590820,1979,2,6,57.4,66.2,50.0
167,590820,1979,4,8,66.2,73.4,59.0
168,590820,1979,5,30,78.8,84.2,73.4
169,590820,1979,9,22,85.3,96.8,69.8
170,590820,1979,11,23,50.2,59.0,42.8
171,590820,1979,1,25,58.8,69.8,51.8
172,590820,1979,2,18,66.7,78.8,55.4
173,590820,1979,11,14,55.8,69.8,44.6
174,590820,1979,1,19,46.6,50.0,44.6
175,590820,1979,5,25,78.4,84.2,73.4
176,590820,1979,9,5,83.1,91.4,77.0
177,590820,1979,12,5,68.7,77.0,60.8
178,590820,1979,3,8,62.9,64.4,60.8
179,590820,1979,3,28,68.8,82.4,59.0
180,590820,1979,6,26,84.2,91.4,77.0
181,590820,1979,11,20,54.7,60.8,48.2
182,590820,1979,3,29,74.3,77.0,64.4
183,590820,1979,6,21,82.2,89.6,77.0
184,590820,1979,3,5,55.2,57.2,50.0
185,590820,1979,3,7,60.3,62.6,57.2
186,590820,1979,3,16,50.0,51.8,48.2
187,590820,1979,4,30,79.0,95.0,71.6
188,590820,1979,5,4,70.7,75.2,64.4
189,590820,1979,6,20,83.3,89.6,78.8
190,590820,1979,6,28,84.0,93.2,78.8
191,590820,1979,7,11,85.3,91.4,80.6
192,590820,1979,8,10,80.1,87.8,77.0
193,590820,1979,8,30,81.5,89.6,75.2
194,590820,1979,8,31,82.4,89.6,75.2
195,590820,1979,9,4,81.5,87.8,75.2
196,590820,1979,9,24,68.7,71.6,66.2
197,590820,1979,8,11,80.2,89.6,77.0
198,590820,1979,1,12,49.3,69.8,44.6
199,590820,1979,1,15,39.4,42.8,37.4
200,590820,1979,1,16,43.2,46.4,39.2
201,590820,1979,1,17,48.4,51.8,42.8
202,590820,1979,2,5,52.2,57.2,48.2
203,590820,1979,2,10,57.9,62.6,53.6
204,590820,1979,3,4,51.1,53.6,41.0
205,590820,1979,3,6,57.0,59.0,55.4
206,590820,1979,3,17,52.5,57.2,50.0
207,590820,1979,4,5,56.1,57.2,53.6
208,590820,1979,5,11,78.8,91.4,69.8
209,590820,1979,6,6,80.2,84.2,77.0
210,590820,1979,6,22,84.9,95.0,77.0
211,590820,1979,6,25,82.4,93.2,78.8
212,590820,1979,6,27,82.4,87.8,77.0
213,590820,1979,6,29,79.0,89.6,75.2
214,590820,1979,9,10,76.8,82.4,71.6
215,590820,1979,2,8,57.4,60.8,55.4
216,590820,1979,4,28,75.7,82.4,68.0
217,590820,1979,6,15,80.8,87.8,73.4
218,590820,1979,10,8,70.0,82.4,59.0
219,590820,1979,1,18,46.0,51.8,44.6
220,590820,1979,3,9,69.3,77.0,62.6
221,590820,1979,11,5,68.2,78.8,55.4
222,590820,1979,10,2,75.7,87.8,68.0
223,590820,1979,11,6,63.5,78.8,50.0
224,590820,1979,11,17,58.1,68.0,50.0
225,590820,1979,12,1,55.6,66.2,44.6
226,590820,1979,11,28,53.4,68.0,41.0
227,590820,1979,2,24,62.6,77.0,55.4
228,590820,1979,5,20,75.9,86.0,68.0
229,590820,1979,12,12,54.7,62.6,46.4
230,590820,1979,12,24,50.9,60.8,44.6
231,590820,1979,9,6,83.1,93.2,77.0
232,590820,1979,3,3,48.4,55.4,41.0
233,590820,1979,3,20,56.5,62.6,50.0
234,590820,1979,8,13,86.0,95.0,78.8
235,590820,1979,4,1,68.5,80.6,55.4
236,590820,1979,2,25,52.0,59.0,50.0
237,590820,1979,12,22,59.7,73.4,48.2
238,590820,1979,1,30,39.2,46.4,33.8
239,590820,1979,8,22,82.6,96.8,77.0
240,590820,1979,11,22,47.5,53.6,44.6
241,590820,1979,2,19,67.1,75.2,60.8
242,590820,1979,10,14,70.5,87.8,57.2
243,590820,1979,12,13,52.2,64.4,42.8
244,590820,1979,1,28,65.3,71.6,53.6
245,590820,1979,5,6,72.3,78.8,66.2
246,590820,1979,8,16,84.4,98.6,78.8
247,590820,1979,8,23,83.3,91.4,78.8
248,590820,1979,8,28,78.8,89.6,75.2
249,590820,1979,2,20,71.2,78.8,59.0
250,590820,1979,6,13,79.3,87.8,68.0
251,590820,1979,7,14,89.4,95.0,82.4
252,590820,1979,7,17,87.8,96.8,80.6
253,590820,1979,7,24,89.8,98.6,78.8
254,590820,1979,8,27,85.6,95.0,80.6
255,590820,1979,9,19,84.0,91.4,75.2
256,590820,1979,10,16,75.0,89.6,59.0
257,590820,1979,10,19,70.0,82.4,59.0
258,590820,1979,10,28,69.1,86.0,57.2
259,590820,1979,10,30,68.5,87.8,55.4
260,590820,1979,11,16,67.1,78.8,48.2
261,590820,1979,12,8,63.7,78.8,53.6
262,590820,1979,3,31,79.9,82.4,75.2
263,590820,1979,9,8,83.3,93.2,73.4
264,590820,1979,9,26,72.7,77.0,69.8
265,590820,1979,4,22,76.3,82.4,69.8
266,590820,1979,5,18,74.8,84.2,64.4
267,590820,1979,7,19,89.6,98.6,82.4
268,590820,1979,7,20,90.1,98.6,82.4
269,590820,1979,7,21,89.4,98.6,82.4
270,590820,1979,9,28,73.2,84.2,62.6
271,590820,1979,10,1,76.3,86.0,66.2
272,590820,1979,10,11,71.8,86.0,59.0
273,590820,1979,10,15,72.9,89.6,59.0
274,590820,1979,10,20,71.4,86.0,57.2
275,590820,1979,10,23,66.7,84.2,50.0
276,590820,1979,10,24,68.4,86.0,55.4
277,590820,1979,10,25,71.2,86.0,57.2
278,590820,1979,10,27,68.7,84.2,57.2
279,590820,1979,11,1,70.0,87.8,53.6
280,590820,1979,12,4,67.3,78.8,57.2
281,590820,1979,12,9,64.6,78.8,53.6
282,590820,1979,12,30,61.5,75.2,48.2
283,590820,1979,3,30,78.6,84.2,71.6
284,590820,1979,12,3,58.8,68.0,44.6
285,590820,1979,12,17,56.7,69.8,42.8
286,590820,1979,6,9,81.7,89.6,73.4
287,590820,1979,8,4,85.1,95.0,77.0
288,590820,1979,1,8,59.0,73.4,46.4
289,590820,1979,2,16,57.6,71.6,46.4
290,590820,1979,2,1,42.1,51.8,32.0
291,590820,1979,2,14,64.2,73.4,57.2
292,590820,1979,3,24,57.0,64.4,51.8
293,590820,1979,5,7,70.7,78.8,64.4
294,590820,1979,5,14,74.1,78.8,66.2
295,590820,1979,7,3,85.6,93.2,77.0
296,590820,1979,9,21,85.1,95.0,75.2
297,590820,1979,1,7,55.0,64.4,48.2
298,590820,1979,2,17,64.0,77.0,50.0
299,590820,1979,1,10,61.6,69.8,57.2
300,590820,1979,5,3,65.9,69.8,62.6
301,590820,1979,1,6,52.2,55.4,50.0
302,590820,1979,9,20,83.5,91.4,77.0
303,590820,1979,4,4,55.2,59.0,50.0
304,590820,1979,4,2,54.3,57.2,50.0
305,590820,1979,6,30,83.4,89.6,77.0
306,590820,1979,7,29,86.2,96.8,80.6
307,590820,1979,1,21,48.9,51.8,44.6
308,590820,1979,4,21,76.3,86.0,66.2
309,590820,1979,5,22,84.4,95.0,75.2
310,590820,1979,1,20,46.6,50.0,44.6
311,590820,1979,4,27,76.1,87.8,64.4
312,590820,1979,6,5,82.4,87.8,77.0
313,590820,1979,1,2,50.9,55.4,48.2
314,590820,1979,3,21,60.1,66.2,50.0
315,590820,1979,3,22,59.0,60.8,57.2
316,590820,1979,3,26,55.6,59.0,53.6
317,590820,1979,6,7,78.6,84.2,75.2
318,590820,1979,6,17,77.0,84.2,69.8
319,590820,1979,7,6,84.0,93.2,78.8
320,590820,1979,8,3,80.8,87.8,75.2
321,590820,1979,8,17,83.3,95.0,78.8
322,590820,1979,4,14,64.6,69.8,55.4
323,590820,1979,6,19,84.2,91.4,75.2
324,590820,1979,3,27,58.8,62.6,55.4
325,590820,1979,4,7,63.3,78.8,57.2
326,590820,1979,4,9,60.8,66.2,59.0
327,590820,1979,4,17,76.3,84.2,68.0
328,590820,1979,5,5,76.8,82.4,68.0
329,590820,1979,5,10,73.2,77.0,53.6
330,590820,1979,5,29,76.3,82.4,69.8
331,590820,1979,8,18,80.6,89.6,77.0
332,590820,1979,2,7,57.0,60.8,53.6
333,590820,1979,2,21,76.3,80.6,69.8
334,590820,1979,5,17,68.0,71.6,64.4
335,590820,1979,3,25,55.0,57.2,53.6
336,590820,1979,11,13,56.9,68.0,41.0
337,590820,1979,12,21,68.5,82.4,55.4
338,590820,1979,7,22,88.5,98.6,80.6
339,590820,1979,11,2,67.3,86.0,55.4
340,590820,1979,11,12,56.8,64.4,53.6
341,590820,1979,12,31,65.1,77.0,57.2
342,590820,1979,2,22,76.8,84.2,66.2
343,590820,1979,7,13,86.9,96.8,73.4
344,590820,1979,12,25,49.8,59.0,41.0
345,590820,1979,1,31,37.0,42.8,32.0
346,590820,1979,2,15,60.4,69.8,50.0
347,590820,1979,3,10,72.7,78.8,64.4
348,590820,1979,12,6,65.5,73.4,59.0
349,590820,1979,12,7,65.5,78.8,55.4
350,590820,1979,1,23,51.6,59.0,46.4
351,590820,1979,6,12,75.9,82.4,69.8
352,590820,1979,4,19,69.6,77.0,66.2
353,590820,1979,4,12,70.9,77.0,62.6
354,590820,1979,4,25,73.6,84.2,68.0
355,590820,1979,3,12,50.0,53.6,46.4
356,590820,1979,3,1,50.9,55.4,44.6
357,590820,1979,3,23,60.8,69.8,51.8
358,590820,1979,5,13,72.5,80.6,68.0
359,590820,1979,7,1,81.3,89.6,78.8
360,590820,1979,8,5,80.8,95.0,73.4
361,590820,1979,8,9,86.0,98.6,77.0
362,590820,1979,9,9,77.4,86.0,71.6
363,590820,1979,2,28,56.8,62.6,50.0
364,590820,1979,9,1,80.2,89.6,75.2
0,590820,1980,1,13,45.5,48.2,42.8
1,590820,1980,6,7,79.2,86.0,75.2
2,590820,1980,10,14,77.5,84.2,68.0
3,590820,1980,11,15,65.2,77.0,51.8
4,590820,1980,8,23,86.0,96.8,78.8
5,590820,1980,9,15,84.9,95.0,75.2
6,590820,1980,10,4,79.9,91.4,66.2
7,590820,1980,11,11,67.6,84.2,55.4
8,590820,1980,10,10,83.4,93.2,73.4
9,590820,1980,7,1,87.4,96.8,77.0
10,590820,1980,3,20,65.5,69.8,59.0
11,590820,1980,1,27,67.5,73.4,53.6
12,590820,1980,7,27,86.5,95.0,75.2
13,590820,1980,8,18,81.9,91.4,75.2
14,590820,1980,12,29,53.9,64.4,44.6
15,590820,1980,12,2,64.0,77.0,53.6
16,590820,1980,7,13,78.8,84.2,75.2
17,590820,1980,8,4,88.3,96.8,77.0
18,590820,1980,8,13,83.3,93.2,77.0
19,590820,1980,6,25,89.4,96.8,78.8
20,590820,1980,2,18,65.8,77.0,55.4
21,590820,1980,2,19,66.4,78.8,57.2
22,590820,1980,5,24,87.6,95.0,77.0
23,590820,1980,8,29,87.6,96.8,80.6
24,590820,1980,9,4,85.1,95.0,78.8
25,590820,1980,9,12,77.7,89.6,64.4
26,590820,1980,9,27,75.7,87.8,64.4
27,590820,1980,10,2,76.3,87.8,64.4
28,590820,1980,10,11,85.5,96.8,73.4
29,590820,1980,10,15,78.8,89.6,68.0
30,590820,1980,11,10,64.9,77.0,55.4
31,590820,1980,11,24,68.2,78.8,53.6
32,590820,1980,12,4,63.3,75.2,53.6
33,590820,1980,1,2,67.3,77.0,57.2
34,590820,1980,1,25,61.9,75.2,51.8
35,590820,1980,4,18,73.6,78.8,57.2
36,590820,1980,5,19,79.7,89.6,71.6
37,590820,1980,6,11,86.2,95.0,78.8
38,590820,1980,6,12,87.6,95.0,78.8
39,590820,1980,7,2,89.6,98.6,78.8
40,590820,1980,8,2,86.2,95.0,78.8
41,590820,1980,8,24,83.8,93.2,78.8
42,590820,1980,9,14,82.8,93.2,68.0
43,590820,1980,9,24,74.8,80.6,69.8
44,590820,1980,10,5,81.3,93.2,69.8
45,590820,1980,11,3,63.3,77.0,53.6
46,590820,1980,1,23,55.4,62.6,50.0
47,590820,1980,6,26,88.5,98.6,82.4
48,590820,1980,8,14,83.8,93.2,75.2
49,590820,1980,12,31,54.9,68.0,41.0
50,590820,1980,1,10,52.5,69.8,37.4
51,590820,1980,5,9,73.6,80.6,64.4
52,590820,1980,7,16,87.6,95.0,78.8
53,590820,1980,3,9,60.6,66.2,55.4
54,590820,1980,4,15,62.6,75.2,46.4
55,590820,1980,9,22,76.3,82.4,71.6
56,590820,1980,3,23,64.2,75.2,53.6
57,590820,1980,4,8,71.6,77.0,66.2
58,590820,1980,7,31,83.1,91.4,77.0
59,590820,1980,4,7,68.0,73.4,60.8
60,590820,1980,5,20,75.0,82.4,71.6
61,590820,1980,12,25,53.1,59.0,46.4
62,590820,1980,10,7,82.6,96.8,71.6
63,590820,1980,3,3,64.6,69.8,59.0
64,590820,1980,3,30,70.9,75.2,64.4
65,590820,1980,1,14,47.8,53.6,42.8
66,590820,1980,1,15,52.9,62.6,42.8
67,590820,1980,3,16,55.2,57.2,51.8
68,590820,1980,5,3,74.7,82.4,69.8
69,590820,1980,4,4,70.9,77.0,60.8
70,590820,1980,10,23,63.3,64.4,59.0
71,590820,1980,2,28,61.9,69.8,44.6
72,590820,1980,3,8,62.6,78.8,55.4
73,590820,1980,4,1,55.0,59.0,50.0
74,590820,1980,4,9,72.3,80.6,66.2
75,590820,1980,4,12,71.4,77.0,66.2
76,590820,1980,5,1,70.5,73.4,66.2
77,590820,1980,6,5,73.6,78.8,68.0
78,590820,1980,8,5,78.1,84.2,73.4
79,590820,1980,9,21,77.2,84.2,69.8
80,590820,1980,5,22,82.6,93.2,73.4
81,590820,1980,4,3,63.7,80.6,59.0
82,590820,1980,4,21,71.4,75.2,68.0
83,590820,1980,4,22,71.6,77.0,69.8
84,590820,1980,4,23,70.9,75.2,69.8
85,590820,1980,4,28,69.1,71.6,64.4
86,590820,1980,6,29,79.0,87.8,77.0
87,590820,1980,9,1,79.0,89.6,75.2
88,590820,1980,11,26,69.3,78.8,59.0
89,590820,1980,9,26,74.5,82.4,66.2
90,590820,1980,11,22,65.8,75.2,55.4
91,590820,1980,7,4,89.2,98.6,80.6
92,590820,1980,9,9,79.5,91.4,73.4
93,590820,1980,9,17,79.2,89.6,71.6
94,590820,1980,10,19,72.3,78.8,66.2
95,590820,1980,10,25,66.0,75.2,53.6
96,590820,1980,11,13,63.5,73.4,51.8
97,590820,1980,11,25,68.9,80.6,60.8
98,590820,1980,12,9,58.6,69.8,46.4
99,590820,1980,1,3,58.3,75.2,48.2
100,590820,1980,10,13,80.2,91.4,71.6
101,590820,1980,1,17,50.7,59.0,42.8
102,590820,1980,7,7,88.0,98.6,82.4
103,590820,1980,4,14,53.2,62.6,46.4
104,590820,1980,6,23,87.6,98.6,78.8
105,590820,1980,7,3,90.2,98.6,82.4
106,590820,1980,7,19,81.5,89.6,77.0
107,590820,1980,1,28,62.4,73.4,48.2
108,590820,1980,4,24,63.5,71.6,57.2
109,590820,1980,5,26,69.4,77.0,64.4
110,590820,1980,5,31,80.8,89.6,73.4
111,590820,1980,7,23,82.0,96.8,75.2
112,590820,1980,10,29,68.9,75.2,62.6
113,590820,1980,3,31,59.5,73.4,53.6
114,590820,1980,4,6,66.0,73.4,62.6
115,590820,1980,4,13,56.8,69.8,48.2
116,590820,1980,5,25,83.3,93.2,68.0
117,590820,1980,12,18,53.6,59.0,50.0
118,590820,1980,5,12,79.6,87.8,69.8
119,590820,1980,7,11,86.2,100.4,80.6
120,590820,1980,2,2,39.0,41.0,35.6
121,590820,1980,6,20,88.8,98.6,80.6
122,590820,1980,1,26,62.6,77.0,53.6
123,590820,1980,1,20,51.2,57.2,46.4
124,590820,1980,7,22,86.2,95.0,78.8
125,590820,1980,2,9,40.6,42.8,33.8
126,590820,1980,11,1,68.5,80.6,59.0
127,590820,1980,6,3,67.4,73.4,66.2
128,590820,1980,2,26,57.5,62.6,51.8
129,590820,1980,1,5,50.8,55.4,42.8
130,590820,1980,11,23,64.2,78.8,53.6
131,590820,1980,12,21,52.3,62.6,46.4
132,590820,1980,8,3,87.0,95.0,80.6
133,590820,1980,2,22,55.4,59.0,53.6
134,590820,1980,4,30,68.3,73.4,66.2
135,590820,1980,12,11,58.5,66.2,44.6
136,590820,1980,5,23,82.9,89.6,75.2
137,590820,1980,4,20,70.1,78.8,64.4
138,590820,1980,9,10,76.5,84.2,69.8
139,590820,1980,6,1,74.3,80.6,69.8
140,590820,1980,8,1,86.7,91.4,78.8
141,590820,1980,1,4,45.5,50.0,44.6
142,590820,1980,5,13,83.8,91.4,75.2
143,590820,1980,6,17,86.7,95.0,80.6
144,590820,1980,7,5,88.3,96.8,82.4
145,590820,1980,7,9,91.2,102.2,82.4
146,590820,1980,7,18,86.9,96.8,78.8
147,590820,1980,7,20,85.1,95.0,77.0
148,590820,1980,8,9,84.6,91.4,78.8
149,590820,1980,8,11,84.0,91.4,77.0
150,590820,1980,8,16,85.8,95.0,77.0
151,590820,1980,8,21,84.2,93.2,77.0
152,590820,1980,8,26,87.8,96.8,78.8
153,590820,1980,9,28,77.5,87.8,62.6
154,590820,1980,10,12,80.6,87.8,75.2
155,590820,1980,11,4,65.8,80.6,50.0
156,590820,1980,11,9,65.8,77.0,57.2
157,590820,1980,11,16,66.2,80.6,55.4
158,590820,1980,11,18,68.2,80.6,55.4
159,590820,1980,11,29,64.9,77.0,53.6
160,590820,1980,1,11,60.1,68.0,46.4
161,590820,1980,3,17,64.2,73.4,55.4
162,590820,1980,5,18,78.1,86.0,69.8
163,590820,1980,5,21,79.9,87.8,71.6
164,590820,1980,7,21,87.4,98.6,77.0
165,590820,1980,8,12,85.8,93.2,78.8
166,590820,1980,8,22,85.1,95.0,77.0
167,590820,1980,9,8,83.5,91.4,78.8
168,590820,1980,9,11,76.8,86.0,68.0
169,590820,1980,9,18,81.5,91.4,69.8
170,590820,1980,9,23,74.5,80.6,69.8
171,590820,1980,9,25,73.6,80.6,68.0
172,590820,1980,10,3,77.7,89.6,64.4
173,590820,1980,10,26,61.9,75.2,51.8
174,590820,1980,11,5,67.8,84.2,55.4
175,590820,1980,11,6,70.0,86.0,57.2
176,590820,1980,11,17,66.7,82.4,53.6
177,590820,1980,2,16,57.2,68.0,44.6
178,590820,1980,2,17,61.9,73.4,48.2
179,590820,1980,3,24,53.6,59.0,51.8
180,590820,1980,8,7,81.5,91.4,73.4
181,590820,1980,12,24,52.5,66.2,37.4
182,590820,1980,12,30,48.4,60.8,41.0
183,590820,1980,1,7,49.1,59.0,41.0
184,590820,1980,12,7,59.7,64.4,55.4
185,590820,1980,12,13,51.3,64.4,37.4
186,590820,1980,12,23,49.8,64.4,35.6
187,590820,1980,2,13,46.6,51.8,42.8
188,590820,1980,1,31,37.0,42.8,30.2
189,590820,1980,5,27,74.1,84.2,64.4
190,590820,1980,5,16,72.3,77.0,69.8
191,590820,1980,7,30,83.1,89.6,78.8
192,590820,1980,3,12,53.6,57.2,50.0
193,590820,1980,8,17,84.4,95.0,78.8
194,590820,1980,1,19,52.0,55.4,50.0
195,590820,1980,3,2,59.9,60.8,59.0
196,590820,1980,3,28,62.4,69.8,55.4
197,590820,1980,3,29,66.4,73.4,60.8
198,590820,1980,4,29,75.4,82.4,68.0
199,590820,1980,9,13,78.8,91.4,66.2
200,590820,1980,2,25,59.9,64.4,53.6
201,590820,1980,3,26,51.3,53.6,48.2
202,590820,1980,3,5,52.2,55.4,48.2
203,590820,1980,9,16,79.5,87.8,73.4
204,590820,1980,2,12,47.3,53.6,41.0
205,590820,1980,3,22,58.6,66.2,53.6
206,590820,1980,1,16,47.3,50.0,46.4
207,590820,1980,10,28,67.8,73.4,59.0
208,590820,1980,4,11,67.8,68.0,64.4
209,590820,1980,4,25,56.1,59.0,55.4
210,590820,1980,4,26,56.8,59.0,53.6
211,590820,1980,5,8,66.0,68.0,60.8
212,590820,1980,8,6,79.0,89.6,73.4
213,590820,1980,8,10,80.4,86.0,75.2
214,590820,1980,9,20,73.8,80.6,68.0
215,590820,1980,12,15,53.8,57.2,46.4
216,590820,1980,10,8,85.3,96.8,73.4
217,590820,1980,2,3,39.7,41.0,37.4
218,590820,1980,4,2,60.6,64.4,53.6
219,590820,1980,5,6,77.9,87.8,71.6
220,590820,1980,6,2,77.5,84.2,69.8
221,590820,1980,7,15,84.0,91.4,77.0
222,590820,1980,7,29,81.7,89.6,73.4
223,590820,1980,5,10,75.2,80.6,69.8
224,590820,1980,3,15,53.6,57.2,48.2
225,590820,1980,12,12,51.3,62.6,39.2
226,590820,1980,10,27,65.5,77.0,53.6
227,590820,1980,12,5,62.8,71.6,57.2
228,590820,1980,2,27,57.7,73.4,46.4
229,590820,1980,5,29,80.4,86.0,77.0
230,590820,1980,3,10,58.8,62.6,57.2
231,590820,1980,4,19,70.5,73.4,68.0
232,590820,1980,12,14,51.4,57.2,46.4
233,590820,1980,12,22,50.7,60.8,39.2
234,590820,1980,2,7,35.6,39.2,33.8
235,590820,1980,9,19,75.7,84.2,69.8
236,590820,1980,12,6,60.8,66.2,57.2
237,590820,1980,1,29,43.5,50.0,39.2
238,590820,1980,1,30,36.5,41.0,30.2
239,590820,1980,5,7,73.0,78.8,60.8
240,590820,1980,5,14,81.1,91.4,73.4
241,590820,1980,5,15,76.5,82.4,71.6
242,590820,1980,12,27,47.8,51.8,44.6
243,590820,1980,8,20,81.6,91.4,77.0
244,590820,1980,4,5,73.8,82.4,68.0
245,590820,1980,11,19,65.8,71.6,60.8
246,590820,1980,3,11,57.4,62.6,53.6
247,590820,1980,3,25,56.4,64.4,50.0
248,590820,1980,12,20,52.7,59.0,46.4
249,590820,1980,12,19,52.7,59.0,50.0
250,590820,1980,7,17,88.1,96.8,80.6
251,590820,1980,12,8,63.6,73.4,51.8
252,590820,1980,8,25,84.5,91.4,78.8
253,590820,1980,12,26,52.1,57.2,46.4
254,590820,1980,11,27,70.3,82.4,60.8
255,590820,1980,9,7,82.9,93.2,78.8
256,590820,1980,10,21,74.9,84.2,68.0
257,590820,1980,3,4,54.3,60.8,46.4
258,590820,1980,6,28,80.2,89.6,77.0
259,590820,1980,8,31,78.8,86.0,77.0
260,590820,1980,2,20,56.2,66.2,50.0
261,590820,1980,1,12,47.9,62.6,44.6
262,590820,1980,6,13,81.6,93.2,77.0
263,590820,1980,7,12,79.5,84.2,77.0
264,590820,1980,1,1,65.5,77.0,55.4
265,590820,1980,1,24,60.1,71.6,51.8
266,590820,1980,2,14,49.3,57.2,44.6
267,590820,1980,6,14,86.9,98.6,75.2
268,590820,1980,6,16,87.1,95.0,80.6
269,590820,1980,6,19,87.8,96.8,78.8
270,590820,1980,6,22,88.9,96.8,78.8
271,590820,1980,7,8,89.2,98.6,82.4
272,590820,1980,7,25,88.5,98.6,77.0
273,590820,1980,9,5,85.6,95.0,77.0
274,590820,1980,10,6,81.5,95.0,71.6
275,590820,1980,10,30,70.0,78.8,60.8
276,590820,1980,10,31,70.5,80.6,59.0
277,590820,1980,11,7,73.4,86.0,59.0
278,590820,1980,11,14,61.9,77.0,50.0
279,590820,1980,12,3,62.4,75.2,50.0
280,590820,1980,2,15,52.2,64.4,42.8
281,590820,1980,4,17,70.5,84.2,53.6
282,590820,1980,6,15,86.9,95.0,80.6
283,590820,1980,6,21,90.3,102.2,78.8
284,590820,1980,7,24,85.3,95.0,75.2
285,590820,1980,9,3,82.0,91.4,73.4
286,590820,1980,9,30,75.7,87.8,66.2
287,590820,1980,11,30,68.0,78.8,55.4
288,590820,1980,1,22,52.2,60.8,39.2
289,590820,1980,2,21,54.3,57.2,50.0
290,590820,1980,3,27,56.1,59.0,50.0
291,590820,1980,8,8,84.2,91.4,77.0
292,590820,1980,1,8,49.1,57.2,37.4
293,590820,1980,12,1,68.9,82.4,59.0
294,590820,1980,4,27,66.0,71.6,57.2
295,590820,1980,5,17,73.4,80.6,68.0
296,590820,1980,5,28,77.5,86.0,64.4
297,590820,1980,6,9,84.2,91.4,75.2
298,590820,1980,3,6,56.1,57.2,50.0
299,590820,1980,7,14,80.2,86.0,75.2
300,590820,1980,12,17,55.6,60.8,50.0
301,590820,1980,2,6,35.6,37.4,33.8
302,590820,1980,2,10,42.6,44.6,39.2
303,590820,1980,2,23,53.6,55.4,51.8
304,590820,1980,2,24,55.6,59.0,53.6
305,590820,1980,3,19,60.8,64.4,59.0
306,590820,1980,5,5,78.4,87.8,68.0
307,590820,1980,10,18,71.8,75.2,68.0
308,590820,1980,8,28,88.5,98.6,78.8
309,590820,1980,10,24,66.9,71.6,62.6
310,590820,1980,2,1,38.1,41.0,35.6
311,590820,1980,2,5,37.4,41.0,33.8
312,590820,1980,3,13,55.2,59.0,48.2
313,590820,1980,3,14,49.6,57.2,48.2
314,590820,1980,5,2,71.4,75.2,69.8
315,590820,1980,5,30,78.6,84.2,73.4
316,590820,1980,6,8,79.9,86.0,75.2
317,590820,1980,7,6,85.3,91.4,80.6
318,590820,1980,7,28,77.5,84.2,73.4
319,590820,1980,9,6,85.5,95.0,77.0
320,590820,1980,12,28,52.2,59.0,44.6
321,590820,1980,1,18,52.9,60.8,39.2
322,590820,1980,10,16,81.1,89.6,73.4
323,590820,1980,3,7,57.9,59.0,55.4
324,590820,1980,5,4,71.2,75.2,69.8
325,590820,1980,6,4,68.9,71.6,64.4
326,590820,1980,6,6,79.0,84.2,73.4
327,590820,1980,8,19,81.1,93.2,75.2
328,590820,1980,12,16,52.5,59.0,50.0
329,590820,1980,9,29,78.4,89.6,68.0
330,590820,1980,10,1,75.2,86.0,66.2
331,590820,1980,11,21,66.2,75.2,57.2
332,590820,1980,8,15,82.9,93.2,77.0
333,590820,1980,10,20,76.1,96.8,68.0
334,590820,1980,11,2,65.1,77.0,55.4
335,590820,1980,11,8,68.2,78.8,59.0
336,590820,1980,11,28,66.0,77.0,57.2
337,590820,1980,1,6,48.4,53.6,42.8
338,590820,1980,4,16,64.9,78.8,55.4
339,590820,1980,6,18,86.2,95.0,78.8
340,590820,1980,6,24,84.9,96.8,69.8
341,590820,1980,12,10,55.0,71.6,44.6
342,590820,1980,3,1,63.3,69.8,59.0
343,590820,1980,3,21,69.1,77.0,59.0
344,590820,1980,7,10,87.8,102.2,80.6
345,590820,1980,3,18,62.6,71.6,59.0
346,590820,1980,8,27,85.3,98.6,78.8
347,590820,1980,1,21,47.5,51.8,41.0
348,590820,1980,6,27,81.9,93.2,73.4
349,590820,1980,10,17,73.8,84.2,69.8
350,590820,1980,10,22,63.3,71.6,60.8
351,590820,1980,2,4,37.4,41.0,33.8
352,590820,1980,7,26,87.3,102.2,77.0
353,590820,1980,8,30,83.3,95.0,77.0
354,590820,1980,9,2,77.0,89.6,73.4
355,590820,1980,5,11,72.1,75.2,69.8
356,590820,1980,4,10,66.2,68.0,64.4
357,590820,1980,11,20,69.8,80.6,59.0
358,590820,1980,6,30,86.0,95.0,71.6
359,590820,1980,11,12,74.0,86.0,57.2
360,590820,1980,6,10,86.0,93.2,78.8
361,590820,1980,2,29,65.4,68.0,62.6
362,590820,1980,10,9,84.2,95.0,77.0
363,590820,1980,1,9,48.8,66.2,35.6
364,590820,1980,2,11,45.5,48.2,41.0
365,590820,1980,2,8,34.9,37.4,33.8
0,590820,1981,9,15,73.7,78.8,69.8
1,590820,1981,9,16,75.2,82.4,69.8
2,590820,1981,9,12,83.9,93.2,78.8
3,590820,1981,5,24,79.1,89.6,66.2
4,590820,1981,7,14,87.0,93.2,78.8
5,590820,1981,2,14,68.0,80.6,53.6
6,590820,1981,6,16,82.9,91.4,75.2
7,590820,1981,10,15,77.0,86.0,64.4
8,590820,1981,6,18,87.0,95.0,78.8
9,590820,1981,9,7,81.4,89.6,75.2
10,590820,1981,8,17,86.9,96.8,77.0
11,590820,1981,9,26,80.9,89.6,71.6
12,590820,1981,5,23,75.6,87.8,66.2
13,590820,1981,9,21,80.3,86.0,75.2
14,590820,1981,1,4,51.0,60.8,44.6
15,590820,1981,10,2,79.8,87.8,71.6
16,590820,1981,10,9,57.5,60.8,51.8
17,590820,1981,12,28,63.3,77.0,50.0
18,590820,1981,1,20,60.1,75.2,44.6
19,590820,1981,5,6,71.2,84.2,60.8
20,590820,1981,6,21,89.8,98.6,77.0
21,590820,1981,7,5,84.7,95.0,77.0
22,590820,1981,7,15,86.9,95.0,77.0
23,590820,1981,8,7,89.6,100.4,80.6
24,590820,1981,8,19,88.0,96.8,80.6
25,590820,1981,9,8,83.5,89.6,78.8
26,590820,1981,1,8,48.7,53.6,42.8
27,590820,1981,2,8,57.0,62.6,48.2
28,590820,1981,2,9,60.8,69.8,51.8
29,590820,1981,6,13,79.7,86.0,71.6
30,590820,1981,6,17,86.7,95.0,78.8
31,590820,1981,7,13,86.4,95.0,78.8
32,590820,1981,8,11,86.7,93.2,78.8
33,590820,1981,10,11,69.1,78.8,60.8
34,590820,1981,11,20,68.9,78.8,59.0
35,590820,1981,11,30,53.4,60.8,42.8
36,590820,1981,1,3,52.2,62.6,42.8
37,590820,1981,1,18,50.5,69.8,37.4
38,590820,1981,12,8,50.2,64.4,37.4
39,590820,1981,12,11,54.0,68.0,42.8
40,590820,1981,12,27,59.0,75.2,44.6
41,590820,1981,7,11,85.6,93.2,78.8
42,590820,1981,8,4,85.8,95.0,78.8
43,590820,1981,12,3,45.5,57.2,35.6
44,590820,1981,12,15,50.9,60.8,41.0
45,590820,1981,9,23,79.0,87.8,73.4
46,590820,1981,10,25,62.2,73.4,53.6
47,590820,1981,8,15,87.3,96.8,78.8
48,590820,1981,10,4,80.6,89.6,73.4
49,590820,1981,5,5,66.9,75.2,60.8
50,590820,1981,3,9,63.5,69.8,57.2
51,590820,1981,6,26,85.8,93.2,78.8
52,590820,1981,12,16,54.5,64.4,46.4
53,590820,1981,1,29,45.5,48.2,44.6
54,590820,1981,3,1,46.6,50.0,44.6
55,590820,1981,3,17,61.9,64.4,59.0
56,590820,1981,3,25,64.2,71.6,59.0
57,590820,1981,3,26,68.4,78.8,57.2
58,590820,1981,3,27,65.3,66.2,60.8
59,590820,1981,4,5,80.6,84.2,75.2
60,590820,1981,4,15,69.8,75.2,66.2
61,590820,1981,4,23,70.3,77.0,66.2
62,590820,1981,5,14,70.5,75.2,68.0
63,590820,1981,6,3,77.5,84.2,71.6
64,590820,1981,6,7,78.8,86.0,73.4
65,590820,1981,6,29,79.5,82.4,77.0
66,590820,1981,7,2,82.0,87.8,75.2
67,590820,1981,3,5,59.4,69.8,42.8
68,590820,1981,3,21,67.6,78.8,53.6
69,590820,1981,5,25,72.7,77.0,68.0
70,590820,1981,5,26,78.1,80.6,71.6
71,590820,1981,5,31,75.7,80.6,71.6
72,590820,1981,7,22,80.4,93.2,77.0
73,590820,1981,7,24,79.7,84.2,77.0
74,590820,1981,8,16,82.8,93.2,77.0
75,590820,1981,10,20,74.1,78.8,71.6
76,590820,1981,11,2,62.4,66.2,59.0
77,590820,1981,11,7,53.6,57.2,51.8
78,590820,1981,7,9,84.4,91.4,77.0
79,590820,1981,12,19,49.0,57.2,42.8
80,590820,1981,9,10,84.5,91.4,77.0
81,590820,1981,10,3,77.9,86.0,73.4
82,590820,1981,9,4,85.0,93.2,77.0
83,590820,1981,12,20,44.9,55.4,35.6
84,590820,1981,6,11,80.9,98.6,73.4
85,590820,1981,9,28,81.5,89.6,75.2
86,590820,1981,6,30,76.0,80.6,75.2
87,590820,1981,1,2,52.2,60.8,44.6
88,590820,1981,11,27,54.7,57.2,51.8
89,590820,1981,1,21,59.9,77.0,50.0
90,590820,1981,12,30,49.5,55.4,46.4
91,590820,1981,8,25,89.4,98.6,82.4
92,590820,1981,12,1,51.8,62.6,42.8
93,590820,1981,12,14,50.5,59.0,42.8
94,590820,1981,5,16,73.6,86.0,62.6
95,590820,1981,7,8,81.7,89.6,77.0
96,590820,1981,11,9,49.8,53.6,44.6
97,590820,1981,7,17,84.2,100.4,75.2
98,590820,1981,8,14,86.7,98.6,78.8
99,590820,1981,11,21,67.8,77.0,59.0
100,590820,1981,2,16,54.5,64.4,46.4
101,590820,1981,3,4,49.8,53.6,46.4
102,590820,1981,4,9,70.0,75.2,64.4
103,590820,1981,4,18,78.1,86.0,69.8
104,590820,1981,5,2,75.2,89.6,59.0
105,590820,1981,8,10,84.4,98.6,78.8
106,590820,1981,11,6,55.6,57.2,53.6
107,590820,1981,4,7,71.6,86.0,66.2
108,590820,1981,4,19,65.1,77.0,62.6
109,590820,1981,4,24,75.9,86.0,66.2
110,590820,1981,4,28,77.4,86.0,69.8
111,590820,1981,5,20,67.6,71.6,64.4
112,590820,1981,5,22,72.7,80.6,66.2
113,590820,1981,5,29,80.6,89.6,73.4
114,590820,1981,7,26,80.8,89.6,77.0
115,590820,1981,7,28,77.2,86.0,75.2
116,590820,1981,8,9,87.1,96.8,80.6
117,590820,1981,11,1,69.1,77.0,59.0
118,590820,1981,11,5,63.7,68.0,57.2
119,590820,1981,6,28,85.8,93.2,80.6
120,590820,1981,10,12,72.8,86.0,64.4
121,590820,1981,3,20,66.8,80.6,57.2
122,590820,1981,10,1,80.1,87.8,73.4
123,590820,1981,10,14,73.1,80.6,62.6
124,590820,1981,9,27,83.2,93.2,75.2
125,590820,1981,1,28,47.2,53.6,41.0
126,590820,1981,12,26,57.0,77.0,42.8
127,590820,1981,11,18,60.3,71.6,50.0
128,590820,1981,1,7,45.6,50.0,41.0
129,590820,1981,2,6,48.5,51.8,46.4
130,590820,1981,10,6,77.8,84.2,71.6
131,590820,1981,4,29,73.8,78.8,69.8
132,590820,1981,3,24,71.9,77.0,60.8
133,590820,1981,4,4,77.8,82.4,71.6
134,590820,1981,6,6,75.5,80.6,69.8
135,590820,1981,9,5,80.9,84.2,77.0
136,590820,1981,2,22,54.7,57.2,50.0
137,590820,1981,6,24,82.8,89.6,78.8
138,590820,1981,12,31,49.0,53.6,42.8
139,590820,1981,1,24,60.5,80.6,46.4
140,590820,1981,9,14,74.2,80.6,69.8
141,590820,1981,11,26,58.5,60.8,55.4
142,590820,1981,2,13,68.0,78.8,59.0
143,590820,1981,9,13,78.0,82.4,73.4
144,590820,1981,12,17,52.3,69.8,48.2
145,590820,1981,10,5,76.2,82.4,73.4
146,590820,1981,4,25,68.7,75.2,64.4
147,590820,1981,10,23,51.6,57.2,48.2
148,590820,1981,11,16,65.5,68.0,62.6
149,590820,1981,7,20,82.9,96.8,77.0
150,590820,1981,1,23,63.5,71.6,51.8
151,590820,1981,6,19,87.6,95.0,80.6
152,590820,1981,7,12,85.6,93.2,80.6
153,590820,1981,5,7,77.7,87.8,60.8
154,590820,1981,8,21,88.5,96.8,80.6
155,590820,1981,10,27,70.7,82.4,60.8
156,590820,1981,10,29,64.0,71.6,59.0
157,590820,1981,10,30,72.1,82.4,57.2
158,590820,1981,11,13,67.1,73.4,60.8
159,590820,1981,11,14,68.7,78.8,60.8
160,590820,1981,5,8,81.7,89.6,69.8
161,590820,1981,6,10,86.9,95.0,78.8
162,590820,1981,6,15,82.4,93.2,73.4
163,590820,1981,6,27,85.8,93.2,78.8
164,590820,1981,7,30,86.2,93.2,80.6
165,590820,1981,1,13,49.3,68.0,33.8
166,590820,1981,11,11,60.4,71.6,44.6
167,590820,1981,12,5,54.1,68.0,44.6
168,590820,1981,12,12,55.6,68.0,42.8
169,590820,1981,1,14,51.4,71.6,35.6
170,590820,1981,1,19,55.4,73.4,41.0
171,590820,1981,6,8,82.0,89.6,75.2
172,590820,1981,12,6,52.7,62.6,44.6
173,590820,1981,3,28,70.0,77.0,62.6
174,590820,1981,9,20,83.3,93.2,71.6
175,590820,1981,4,30,78.6,86.0,69.8
176,590820,1981,5,17,74.8,89.6,62.6
177,590820,1981,11,10,53.4,64.4,42.8
178,590820,1981,2,4,54.3,62.6,42.8
179,590820,1981,1,30,46.9,50.0,42.8
180,590820,1981,1,31,45.7,48.2,44.6
181,590820,1981,11,22,70.9,77.0,60.8
182,590820,1981,1,9,48.7,55.4,44.6
183,590820,1981,3,11,57.9,60.8,53.6
184,590820,1981,8,5,83.8,95.0,78.8
185,590820,1981,2,3,45.3,48.2,44.6
186,590820,1981,8,1,80.4,91.4,77.0
187,590820,1981,2,18,48.4,51.8,44.6
188,590820,1981,3,29,68.5,73.4,64.4
189,590820,1981,4,8,71.2,77.0,66.2
190,590820,1981,4,11,68.7,73.4,66.2
191,590820,1981,5,21,67.8,71.6,62.6
192,590820,1981,6,2,74.8,80.6,68.0
193,590820,1981,6,5,71.8,78.8,66.2
194,590820,1981,7,3,82.0,91.4,77.0
195,590820,1981,8,31,83.8,98.6,78.8
196,590820,1981,10,7,76.8,78.8,75.2
197,590820,1981,10,18,79.5,87.8,73.4
198,590820,1981,2,26,42.4,46.4,39.2
199,590820,1981,3,16,62.6,77.0,53.6
200,590820,1981,3,18,66.4,75.2,60.8
201,590820,1981,3,22,60.1,62.6,59.0
202,590820,1981,3,31,76.3,86.0,66.2
203,590820,1981,4,1,77.0,84.2,71.6
204,590820,1981,4,6,72.9,78.8,69.8
205,590820,1981,4,12,68.7,75.2,64.4
206,590820,1981,4,22,70.5,75.2,62.6
207,590820,1981,4,27,75.2,82.4,68.0
208,590820,1981,5,1,80.8,87.8,71.6
209,590820,1981,5,12,68.0,73.4,64.4
210,590820,1981,6,4,72.3,75.2,71.6
211,590820,1981,7,25,80.4,84.2,75.2
212,590820,1981,11,3,61.2,64.4,59.0
213,590820,1981,11,24,58.1,59.0,55.4
214,590820,1981,1,11,45.7,59.0,35.6
215,590820,1981,12,13,54.3,60.8,48.2
216,590820,1981,1,16,52.5,64.4,44.6
217,590820,1981,10,28,65.1,73.4,60.8
218,590820,1981,10,21,74.6,80.6,69.8
219,590820,1981,1,17,49.3,64.4,39.2
220,590820,1981,12,7,50.0,62.6,39.2
221,590820,1981,10,19,77.7,86.0,73.4
222,590820,1981,1,10,44.4,48.2,39.2
223,590820,1981,3,15,61.3,66.2,57.2
224,590820,1981,5,3,57.6,60.8,55.4
225,590820,1981,5,9,77.9,82.4,75.2
226,590820,1981,5,10,77.2,84.2,73.4
227,590820,1981,5,15,67.1,69.8,66.2
228,590820,1981,6,1,70.0,75.2,68.0
229,590820,1981,7,18,81.3,93.2,77.0
230,590820,1981,9,6,81.3,89.6,75.2
231,590820,1981,2,23,61.2,71.6,51.8
232,590820,1981,2,25,43.0,44.6,41.0
233,590820,1981,3,6,54.3,60.8,48.2
234,590820,1981,3,23,66.7,73.4,60.8
235,590820,1981,5,11,73.0,80.6,64.4
236,590820,1981,5,19,76.6,86.0,66.2
237,590820,1981,11,4,62.6,64.4,60.8
238,590820,1981,11,23,61.7,69.8,55.4
239,590820,1981,6,14,82.6,91.4,73.4
240,590820,1981,1,12,47.3,62.6,33.8
241,590820,1981,9,22,73.7,80.6,73.4
242,590820,1981,9,30,80.9,87.8,75.2
243,590820,1981,8,6,87.8,96.8,77.0
244,590820,1981,9,2,85.7,93.2,78.8
245,590820,1981,11,29,55.1,59.0,46.4
246,590820,1981,12,18,45.3,51.8,44.6
247,590820,1981,9,1,84.5,93.2,78.8
248,590820,1981,9,19,80.6,91.4,71.6
249,590820,1981,9,29,79.3,82.4,75.2
250,590820,1981,5,4,63.1,68.0,53.6
251,590820,1981,7,16,88.3,96.8,78.8
252,590820,1981,8,12,88.9,96.8,80.6
253,590820,1981,1,26,44.4,50.0,41.0
254,590820,1981,1,27,44.6,51.8,41.0
255,590820,1981,5,18,78.3,95.0,64.4
256,590820,1981,6,9,85.1,93.2,75.2
257,590820,1981,7,19,84.6,95.0,75.2
258,590820,1981,8,13,89.4,98.6,82.4
259,590820,1981,8,20,86.9,93.2,80.6
260,590820,1981,1,22,57.7,73.4,46.4
261,590820,1981,2,7,52.7,62.6,44.6
262,590820,1981,2,11,60.8,71.6,50.0
263,590820,1981,3,13,73.0,80.6,62.6
264,590820,1981,7,10,84.6,91.4,78.8
265,590820,1981,8,3,83.3,91.4,77.0
266,590820,1981,8,8,90.3,98.6,80.6
267,590820,1981,8,22,89.6,96.8,82.4
268,590820,1981,9,18,78.3,89.6,69.8
269,590820,1981,10,16,79.7,87.8,69.8
270,590820,1981,1,5,57.0,66.2,42.8
271,590820,1981,1,15,58.3,73.4,39.2
272,590820,1981,12,9,54.5,66.2,42.8
273,590820,1981,12,21,50.0,62.6,35.6
274,590820,1981,12,25,53.8,69.8,37.4
275,590820,1981,2,1,47.5,50.0,42.8
276,590820,1981,8,30,85.1,95.0,78.8
277,590820,1981,12,4,51.4,64.4,35.6
278,590820,1981,12,10,53.6,66.2,44.6
279,590820,1981,9,11,82.6,89.6,75.2
280,590820,1981,10,10,61.5,64.4,57.2
281,590820,1981,8,18,87.6,96.8,80.6
282,590820,1981,8,28,84.7,93.2,77.0
283,590820,1981,4,16,78.1,86.0,66.2
284,590820,1981,2,12,66.0,71.6,57.2
285,590820,1981,3,12,67.1,77.0,57.2
286,590820,1981,7,29,82.8,89.6,75.2
287,590820,1981,2,15,68.0,75.2,62.6
288,590820,1981,3,8,58.8,62.6,53.6
289,590820,1981,3,10,56.1,60.8,53.6
290,590820,1981,8,23,89.4,96.8,84.2
291,590820,1981,2,5,52.7,53.6,50.0
292,590820,1981,1,1,59.0,66.2,50.0
293,590820,1981,2,2,48.9,53.6,46.4
294,590820,1981,11,12,64.8,69.8,57.2
295,590820,1981,2,20,50.9,57.2,46.4
296,590820,1981,2,21,50.7,53.6,46.4
297,590820,1981,2,28,43.2,46.4,39.2
298,590820,1981,3,3,51.8,53.6,46.4
299,590820,1981,3,30,70.9,80.6,66.2
300,590820,1981,4,10,70.0,75.2,68.0
301,590820,1981,4,20,65.8,69.8,60.8
302,590820,1981,7,1,77.0,80.6,75.2
303,590820,1981,7,6,81.5,91.4,77.0
304,590820,1981,7,23,80.8,91.4,77.0
305,590820,1981,8,27,82.9,93.2,77.0
306,590820,1981,10,24,58.8,68.0,46.4
307,590820,1981,2,17,47.5,51.8,44.6
308,590820,1981,2,27,40.8,44.6,37.4
309,590820,1981,3,2,48.0,50.0,44.6
310,590820,1981,4,13,71.2,78.8,64.4
311,590820,1981,4,14,69.3,73.4,64.4
312,590820,1981,4,17,79.0,87.8,71.6
313,590820,1981,4,21,65.1,68.0,62.6
314,590820,1981,4,26,69.8,73.4,62.6
315,590820,1981,5,13,70.5,75.2,66.2
316,590820,1981,5,28,77.7,82.4,75.2
317,590820,1981,5,30,73.4,80.6,69.8
318,590820,1981,6,25,82.9,91.4,77.0
319,590820,1981,7,4,81.1,89.6,77.0
320,590820,1981,7,21,78.3,80.6,77.0
321,590820,1981,9,24,78.6,82.4,73.4
322,590820,1981,3,7,55.8,60.8,44.6
323,590820,1981,6,22,90.3,98.6,82.4
324,590820,1981,8,24,89.0,95.0,84.2
325,590820,1981,10,26,66.4,77.0,51.8
326,590820,1981,11,19,65.8,75.2,55.4
327,590820,1981,12,24,49.6,66.2,35.6
328,590820,1981,11,25,61.0,64.4,57.2
329,590820,1981,7,7,83.0,91.4,78.8
330,590820,1981,9,25,78.8,87.8,73.4
331,590820,1981,10,8,66.2,77.0,51.8
332,590820,1981,9,9,86.3,95.0,80.6
333,590820,1981,6,12,76.0,82.4,71.6
334,590820,1981,8,26,87.3,98.6,80.6
335,590820,1981,2,19,49.5,51.8,46.4
336,590820,1981,2,10,59.2,68.0,51.8
337,590820,1981,6,20,87.8,98.6,78.8
338,590820,1981,9,3,83.1,93.2,62.6
339,590820,1981,9,17,76.3,82.4,69.8
340,590820,1981,10,17,79.5,86.0,75.2
341,590820,1981,11,28,54.7,60.8,50.0
342,590820,1981,12,22,53.4,62.6,42.8
343,590820,1981,12,29,59.7,71.6,51.8
344,590820,1981,10,13,72.1,78.8,64.4
345,590820,1981,12,2,46.2,57.2,37.4
346,590820,1981,12,23,49.3,64.4,37.4
347,590820,1981,8,2,81.3,91.4,77.0
348,590820,1981,7,27,79.2,87.8,71.6
349,590820,1981,1,6,48.7,57.2,42.8
350,590820,1981,10,22,59.7,73.4,50.0
351,590820,1981,3,14,69.8,80.6,60.8
352,590820,1981,11,15,68.2,75.2,62.6
353,590820,1981,2,24,50.0,57.2,44.6
354,590820,1981,4,3,74.1,77.0,69.8
355,590820,1981,5,27,79.5,86.0,75.2
356,590820,1981,10,31,73.6,80.6,68.0
357,590820,1981,11,8,50.0,55.4,46.4
358,590820,1981,3,19,63.9,69.8,59.0
359,590820,1981,4,2,77.0,89.6,68.0
360,590820,1981,6,23,85.6,96.8,80.6
361,590820,1981,8,29,85.1,95.0,78.8
362,590820,1981,11,17,59.7,64.4,51.8
363,590820,1981,1,25,49.6,57.2,44.6
364,590820,1981,7,31,82.8,93.2,77.0
0,590820,1982,11,27,60.4,65.1,56.5
1,590820,1982,1,8,50.4,63.0,42.3
2,590820,1982,2,10,41.0,43.2,39.9
3,590820,1982,2,17,57.0,67.5,40.3
4,590820,1982,6,3,76.2,85.3,66.9
5,590820,1982,10,19,77.6,86.2,66.6
6,590820,1982,7,19,85.8,92.8,79.7
7,590820,1982,12,14,47.1,59.4,34.3
8,590820,1982,5,17,79.2,87.3,71.2
9,590820,1982,3,10,52.6,55.4,47.3
10,590820,1982,10,26,63.3,65.7,61.0
11,590820,1982,1,12,64.9,77.0,55.6
12,590820,1982,1,6,52.2,55.2,49.1
13,590820,1982,2,7,42.3,43.7,40.6
14,590820,1982,3,13,68.1,72.1,61.5
15,590820,1982,3,22,70.5,82.6,60.8
16,590820,1982,3,25,49.0,52.2,46.9
17,590820,1982,4,25,76.5,82.9,70.3
18,590820,1982,5,18,80.2,91.4,72.9
19,590820,1982,5,20,82.3,92.7,73.2
20,590820,1982,7,1,83.8,92.1,76.6
21,590820,1982,7,9,85.0,92.8,78.8
22,590820,1982,7,13,86.0,94.5,78.6
23,590820,1982,8,5,86.0,93.0,79.5
24,590820,1982,8,22,85.0,94.3,75.6
25,590820,1982,8,28,86.6,95.9,79.7
26,590820,1982,10,2,84.5,95.5,75.6
27,590820,1982,10,7,75.8,85.1,67.5
28,590820,1982,10,9,75.2,87.8,61.0
29,590820,1982,10,13,76.7,89.4,66.0
30,590820,1982,11,12,64.3,73.9,49.6
31,590820,1982,11,23,59.0,61.9,55.0
32,590820,1982,12,2,59.7,68.5,54.3
33,590820,1982,12,3,61.3,72.0,53.6
34,590820,1982,12,8,47.6,49.6,43.7
35,590820,1982,12,9,51.5,54.1,47.5
36,590820,1982,12,28,45.6,62.6,32.4
37,590820,1982,5,14,60.7,63.5,57.6
38,590820,1982,1,22,66.4,75.7,57.6
39,590820,1982,9,28,75.5,85.6,67.3
40,590820,1982,2,9,42.0,44.1,40.5
41,590820,1982,2,13,43.2,46.0,40.5
42,590820,1982,3,21,65.0,74.7,56.1
43,590820,1982,3,23,71.4,78.3,63.9
44,590820,1982,4,7,64.7,74.3,52.0
45,590820,1982,5,4,74.7,85.3,63.9
46,590820,1982,6,18,84.5,92.8,79.7
47,590820,1982,6,20,86.4,91.8,78.1
48,590820,1982,6,23,75.0,82.2,69.4
49,590820,1982,6,24,77.3,81.5,71.6
50,590820,1982,8,23,86.7,95.5,77.5
51,590820,1982,9,25,79.1,90.0,68.2
52,590820,1982,10,17,77.5,84.6,73.0
53,590820,1982,11,1,68.7,74.5,64.0
54,590820,1982,12,4,61.2,65.3,56.7
55,590820,1982,12,15,51.4,64.2,38.1
56,590820,1982,12,18,45.3,56.7,34.5
57,590820,1982,12,19,46.5,60.3,34.5
58,590820,1982,12,27,43.7,59.0,31.1
59,590820,1982,4,20,70.2,74.3,64.2
60,590820,1982,5,11,72.6,73.6,70.7
61,590820,1982,7,8,83.9,90.3,77.9
62,590820,1982,8,9,86.0,95.9,76.8
63,590820,1982,8,14,82.9,94.6,77.4
64,590820,1982,9,14,73.2,77.0,70.0
65,590820,1982,10,28,73.9,82.4,67.1
66,590820,1982,11,20,64.6,73.2,55.6
67,590820,1982,2,1,64.5,75.0,55.2
68,590820,1982,4,28,72.2,77.5,69.3
69,590820,1982,5,28,75.8,80.1,73.0
70,590820,1982,6,7,72.0,75.9,67.1
71,590820,1982,8,1,81.6,88.7,77.5
72,590820,1982,8,25,83.8,94.8,75.0
73,590820,1982,8,26,85.5,94.5,76.5
74,590820,1982,12,24,54.3,56.7,51.4
75,590820,1982,1,31,60.6,70.0,45.3
76,590820,1982,3,1,55.1,61.5,49.6
77,590820,1982,2,12,43.0,44.2,41.4
78,590820,1982,7,20,84.9,95.4,72.0
79,590820,1982,2,4,52.3,62.1,49.8
80,590820,1982,10,23,70.7,75.4,66.7
81,590820,1982,1,3,55.3,59.2,48.0
82,590820,1982,2,5,45.5,51.4,41.5
83,590820,1982,2,27,52.5,55.9,49.8
84,590820,1982,3,7,50.3,55.2,47.5
85,590820,1982,3,8,46.7,49.1,45.3
86,590820,1982,3,24,59.3,75.6,48.0
87,590820,1982,4,2,67.9,71.1,63.7
88,590820,1982,4,26,74.6,80.6,68.9
89,590820,1982,5,2,64.0,69.4,58.5
90,590820,1982,6,26,82.8,92.3,72.3
91,590820,1982,7,15,87.2,96.1,79.2
92,590820,1982,7,27,87.0,96.4,78.1
93,590820,1982,9,11,80.5,87.4,76.6
94,590820,1982,9,27,73.7,81.5,67.5
95,590820,1982,11,22,60.1,65.7,56.8
96,590820,1982,12,12,45.2,54.5,37.6
97,590820,1982,4,13,67.1,76.8,60.4
98,590820,1982,1,29,52.1,58.1,46.8
99,590820,1982,1,13,57.8,68.0,50.4
100,590820,1982,2,16,50.7,69.8,38.7
101,590820,1982,2,18,59.8,62.6,57.6
102,590820,1982,3,14,69.4,75.2,63.0
103,590820,1982,3,20,60.8,70.5,56.3
104,590820,1982,4,8,61.1,66.9,52.7
105,590820,1982,6,2,76.5,84.6,69.3
106,590820,1982,6,22,74.2,84.2,70.9
107,590820,1982,7,16,88.1,96.3,82.0
108,590820,1982,11,9,61.5,69.3,56.5
109,590820,1982,11,10,56.4,66.2,46.8
110,590820,1982,3,11,57.6,59.4,53.2
111,590820,1982,4,30,68.2,72.5,64.4
112,590820,1982,5,6,68.6,72.9,64.8
113,590820,1982,5,10,73.2,80.1,70.7
114,590820,1982,5,12,73.3,77.4,71.6
115,590820,1982,6,5,72.0,77.9,68.5
116,590820,1982,6,9,72.7,78.3,70.0
117,590820,1982,8,13,83.4,94.5,77.4
118,590820,1982,12,25,43.3,56.1,39.9
119,590820,1982,2,3,61.4,66.4,54.0
120,590820,1982,3,15,60.6,66.9,57.4
121,590820,1982,5,29,76.2,80.2,74.5
122,590820,1982,8,7,84.4,96.4,76.3
123,590820,1982,9,2,81.5,90.9,76.5
124,590820,1982,2,28,54.1,55.6,51.4
125,590820,1982,4,24,72.3,75.6,67.5
126,590820,1982,9,10,82.8,90.5,78.4
127,590820,1982,9,18,83.3,93.6,75.2
128,590820,1982,4,29,71.8,74.7,70.2
129,590820,1982,7,6,81.0,89.4,76.8
130,590820,1982,1,23,66.1,72.5,61.2
131,590820,1982,3,29,54.3,59.0,48.6
132,590820,1982,8,10,86.1,97.9,77.4
133,590820,1982,9,20,83.2,92.7,75.9
134,590820,1982,10,31,73.7,87.6,64.8
135,590820,1982,9,19,84.1,94.8,75.7
136,590820,1982,3,18,72.4,79.3,64.8
137,590820,1982,10,11,76.4,87.6,65.3
138,590820,1982,9,26,81.5,92.1,70.9
139,590820,1982,6,28,85.2,93.7,73.2
140,590820,1982,9,23,78.6,87.4,69.8
141,590820,1982,1,11,58.5,76.3,49.5
142,590820,1982,2,2,67.2,73.4,59.5
143,590820,1982,11,5,71.1,77.2,67.3
144,590820,1982,2,26,50.8,52.5,49.8
145,590820,1982,3,27,51.1,54.7,46.4
146,590820,1982,3,28,49.9,52.0,48.7
147,590820,1982,3,30,65.7,76.6,51.3
148,590820,1982,4,9,64.1,75.0,52.0
149,590820,1982,4,19,66.3,69.8,61.7
150,590820,1982,6,13,84.0,89.8,78.3
151,590820,1982,7,22,84.4,92.3,80.1
152,590820,1982,7,25,86.2,93.2,79.9
153,590820,1982,7,28,88.5,99.3,77.2
154,590820,1982,8,2,84.3,89.6,78.8
155,590820,1982,8,31,88.1,97.5,80.2
156,590820,1982,10,5,81.5,90.5,73.4
157,590820,1982,11,21,66.4,72.5,60.3
158,590820,1982,12,16,49.5,58.3,43.3
159,590820,1982,12,29,48.4,66.9,33.3
160,590820,1982,12,30,54.3,71.1,38.5
161,590820,1982,3,3,51.1,53.8,48.9
162,590820,1982,3,2,50.5,52.2,49.3
163,590820,1982,4,1,71.1,74.5,68.9
164,590820,1982,8,11,85.4,98.4,77.4
165,590820,1982,2,14,43.6,46.4,42.3
166,590820,1982,2,24,55.2,61.9,50.9
167,590820,1982,3,17,70.6,77.4,60.3
168,590820,1982,4,10,66.0,76.3,54.7
169,590820,1982,4,16,73.3,83.8,58.6
170,590820,1982,5,26,78.5,82.4,74.7
171,590820,1982,6,1,75.2,86.0,71.4
172,590820,1982,6,30,79.1,81.5,75.6
173,590820,1982,7,10,86.0,93.0,79.9
174,590820,1982,8,27,85.3,95.0,78.4
175,590820,1982,9,5,85.4,93.9,77.9
176,590820,1982,9,6,86.6,94.1,80.1
177,590820,1982,9,29,79.0,89.2,68.7
178,590820,1982,10,14,78.5,90.5,66.4
179,590820,1982,10,15,80.0,90.9,68.9
180,590820,1982,11,3,72.6,79.0,64.0
181,590820,1982,11,17,62.7,66.2,54.5
182,590820,1982,3,9,48.0,50.2,44.4
183,590820,1982,4,27,74.5,82.8,68.4
184,590820,1982,6,11,80.5,89.1,74.7
185,590820,1982,6,16,84.1,88.7,78.4
186,590820,1982,7,5,83.8,103.8,76.6
187,590820,1982,7,29,89.0,99.7,80.1
188,590820,1982,8,12,84.5,94.8,78.3
189,590820,1982,9,3,84.2,93.6,76.3
190,590820,1982,9,17,80.3,88.9,73.8
191,590820,1982,10,22,73.8,82.9,63.3
192,590820,1982,11,29,52.3,58.5,48.0
193,590820,1982,1,10,56.8,73.9,40.6
194,590820,1982,1,14,52.6,57.6,50.2
195,590820,1982,1,18,51.4,63.9,40.6
196,590820,1982,2,22,63.3,67.6,59.0
197,590820,1982,3,16,61.9,63.7,56.7
198,590820,1982,5,15,64.8,68.0,59.9
199,590820,1982,6,8,73.9,77.2,70.7
200,590820,1982,9,4,83.8,92.1,77.5
201,590820,1982,9,16,77.9,102.9,72.5
202,590820,1982,10,29,75.3,82.0,70.2
203,590820,1982,11,30,53.2,61.9,46.6
204,590820,1982,1,20,55.1,65.3,43.5
205,590820,1982,2,20,64.8,76.6,58.3
206,590820,1982,1,7,50.7,59.0,42.8
207,590820,1982,10,12,76.2,88.9,67.3
208,590820,1982,12,7,44.2,46.8,40.3
209,590820,1982,1,2,56.3,78.6,48.6
210,590820,1982,2,8,43.3,44.6,42.1
211,590820,1982,10,25,64.3,66.7,61.5
212,590820,1982,2,11,43.2,45.9,39.9
213,590820,1982,6,19,82.9,89.6,78.4
214,590820,1982,7,12,86.3,94.6,78.6
215,590820,1982,8,29,86.7,94.8,80.1
216,590820,1982,10,4,80.9,93.7,73.9
217,590820,1982,11,4,73.6,82.0,68.2
218,590820,1982,11,14,66.7,68.2,64.4
219,590820,1982,12,17,47.3,55.6,37.0
220,590820,1982,5,13,61.4,72.3,57.9
221,590820,1982,9,22,78.4,87.3,70.9
222,590820,1982,1,4,51.6,55.0,49.6
223,590820,1982,5,5,70.3,72.5,68.7
224,590820,1982,5,19,81.4,92.1,74.1
225,590820,1982,5,25,80.8,87.4,74.8
226,590820,1982,6,21,86.9,93.9,81.0
227,590820,1982,9,24,77.7,88.3,69.3
228,590820,1982,10,8,75.4,86.5,65.7
229,590820,1982,11,2,69.4,75.4,64.4
230,590820,1982,11,15,63.9,67.6,61.7
231,590820,1982,11,25,59.9,65.1,57.4
232,590820,1982,12,11,46.5,54.9,43.2
233,590820,1982,4,3,56.9,67.5,50.7
234,590820,1982,4,18,69.9,78.3,62.2
235,590820,1982,4,21,74.9,84.7,66.9
236,590820,1982,5,16,72.6,77.5,63.9
237,590820,1982,6,6,67.9,70.2,67.1
238,590820,1982,6,15,84.0,91.6,78.4
239,590820,1982,7,31,82.4,94.6,78.1
240,590820,1982,9,21,78.1,84.7,74.1
241,590820,1982,11,19,65.7,73.2,57.2
242,590820,1982,11,28,51.8,57.9,48.6
243,590820,1982,12,5,50.7,61.5,44.1
244,590820,1982,8,17,77.3,81.0,74.5
245,590820,1982,1,15,53.0,61.2,46.9
246,590820,1982,1,24,68.9,79.9,61.3
247,590820,1982,8,3,85.9,93.7,77.9
248,590820,1982,3,26,49.4,52.2,46.8
249,590820,1982,10,16,81.0,86.4,70.7
250,590820,1982,2,6,44.1,47.1,41.0
251,590820,1982,5,23,82.3,87.8,75.9
252,590820,1982,12,20,49.0,62.6,34.9
253,590820,1982,1,30,49.6,54.7,45.9
254,590820,1982,1,25,59.8,76.3,47.3
255,590820,1982,1,19,51.3,63.5,37.8
256,590820,1982,7,18,84.8,90.9,79.3
257,590820,1982,4,14,68.7,78.8,60.3
258,590820,1982,7,11,86.4,94.3,80.1
259,590820,1982,2,25,52.1,55.4,50.2
260,590820,1982,2,15,46.2,50.7,42.3
261,590820,1982,2,19,64.6,70.0,57.0
262,590820,1982,3,12,65.3,81.0,57.7
263,590820,1982,3,31,72.3,81.1,63.7
264,590820,1982,4,6,58.3,67.3,52.0
265,590820,1982,4,15,68.5,81.5,56.7
266,590820,1982,5,21,81.9,91.4,72.9
267,590820,1982,5,31,82.1,91.0,75.6
268,590820,1982,6,4,79.5,86.2,66.6
269,590820,1982,7,14,87.9,95.4,80.4
270,590820,1982,7,21,88.2,96.6,80.2
271,590820,1982,7,23,87.3,95.5,80.4
272,590820,1982,8,20,81.7,91.0,73.8
273,590820,1982,8,30,86.6,95.0,78.8
274,590820,1982,10,10,75.4,87.8,64.8
275,590820,1982,10,20,76.1,86.7,62.2
276,590820,1982,11,6,72.2,78.8,66.9
277,590820,1982,12,13,44.3,54.0,35.4
278,590820,1982,12,21,48.2,65.1,35.6
279,590820,1982,12,23,54.7,69.1,36.9
280,590820,1982,1,1,52.2,57.9,41.4
281,590820,1982,1,21,60.5,67.1,51.4
282,590820,1982,3,4,66.4,74.8,50.2
283,590820,1982,3,5,68.5,72.3,61.7
284,590820,1982,4,11,71.5,79.3,59.5
285,590820,1982,4,12,74.5,83.5,67.1
286,590820,1982,5,3,71.2,84.6,57.6
287,590820,1982,5,22,81.0,87.4,73.6
288,590820,1982,6,12,82.8,88.7,77.0
289,590820,1982,6,25,82.9,90.9,73.2
290,590820,1982,6,27,82.6,91.8,72.3
291,590820,1982,7,24,88.2,96.4,82.0
292,590820,1982,8,21,83.0,92.3,75.2
293,590820,1982,9,8,86.2,95.4,76.8
294,590820,1982,9,9,85.1,95.9,79.2
295,590820,1982,10,18,80.1,90.3,72.5
296,590820,1982,11,8,72.4,79.0,67.5
297,590820,1982,11,13,69.7,78.1,62.1
298,590820,1982,11,24,60.6,63.9,58.3
299,590820,1982,12,1,57.1,65.1,46.8
300,590820,1982,12,22,49.4,68.2,36.0
301,590820,1982,12,31,58.2,70.9,44.8
302,590820,1982,4,4,53.1,58.5,49.5
303,590820,1982,4,23,71.2,76.1,66.2
304,590820,1982,5,7,69.6,75.9,64.8
305,590820,1982,6,10,76.2,81.7,70.0
306,590820,1982,7,4,78.5,85.3,74.7
307,590820,1982,8,15,83.4,95.7,77.4
308,590820,1982,8,18,78.3,81.0,74.3
309,590820,1982,9,15,76.8,82.9,71.8
310,590820,1982,1,9,52.9,70.5,38.8
311,590820,1982,1,17,51.1,62.8,40.6
312,590820,1982,4,5,56.0,60.4,49.1
313,590820,1982,4,17,67.8,74.1,65.1
314,590820,1982,4,22,68.3,72.9,65.5
315,590820,1982,5,8,76.1,84.7,66.9
316,590820,1982,5,9,78.0,85.1,69.3
317,590820,1982,7,7,79.2,83.3,76.3
318,590820,1982,8,8,82.0,93.6,75.9
319,590820,1982,9,30,79.6,87.3,74.8
320,590820,1982,10,27,67.5,68.9,63.0
321,590820,1982,1,5,52.9,60.3,49.3
322,590820,1982,1,26,55.7,62.4,50.4
323,590820,1982,1,27,54.4,58.8,51.1
324,590820,1982,7,26,85.2,90.5,77.2
325,590820,1982,11,16,61.4,68.4,56.5
326,590820,1982,3,6,56.9,67.5,52.5
327,590820,1982,7,17,86.1,95.4,79.5
328,590820,1982,9,7,84.6,94.6,77.4
329,590820,1982,9,12,78.8,84.0,75.9
330,590820,1982,11,7,71.9,79.7,67.5
331,590820,1982,12,10,56.1,62.1,50.7
332,590820,1982,12,26,44.3,54.0,33.4
333,590820,1982,2,21,63.7,78.6,53.6
334,590820,1982,3,19,70.7,80.1,59.7
335,590820,1982,5,24,80.0,85.3,75.4
336,590820,1982,6,14,84.3,91.0,80.2
337,590820,1982,10,1,82.7,90.9,76.3
338,590820,1982,10,3,82.2,97.3,75.6
339,590820,1982,10,6,77.3,87.3,69.4
340,590820,1982,10,24,69.1,84.7,65.5
341,590820,1982,2,23,57.0,65.8,51.8
342,590820,1982,7,30,84.1,94.5,78.8
343,590820,1982,8,6,86.4,94.6,79.5
344,590820,1982,8,19,77.2,85.3,74.8
345,590820,1982,9,1,80.3,92.8,76.6
346,590820,1982,11,26,58.6,60.8,56.8
347,590820,1982,1,28,54.4,61.5,50.0
348,590820,1982,5,1,69.7,77.7,63.7
349,590820,1982,5,27,74.9,77.5,73.2
350,590820,1982,6,17,85.0,94.1,79.7
351,590820,1982,6,29,82.9,87.1,75.9
352,590820,1982,7,2,81.3,90.1,76.1
353,590820,1982,7,3,77.1,82.4,74.8
354,590820,1982,8,4,85.6,92.8,79.5
355,590820,1982,8,16,81.3,89.1,76.6
356,590820,1982,8,24,83.1,95.9,75.0
357,590820,1982,9,13,75.3,83.1,70.5
358,590820,1982,10,21,68.4,73.8,64.9
359,590820,1982,10,30,79.3,88.2,71.6
360,590820,1982,11,18,64.6,68.5,62.4
361,590820,1982,12,6,42.1,46.6,39.4
362,590820,1982,1,16,50.1,56.7,44.8
363,590820,1982,5,30,80.7,86.9,74.5
364,590820,1982,11,11,56.0,69.1,45.3
0,590820,1983,9,7,83.4,93.6,75.0
1,590820,1983,10,29,68.2,78.1,63.1
2,590820,1983,11,6,68.5,81.0,61.9
3,590820,1983,9,16,85.9,93.2,79.5
4,590820,1983,11,7,71.2,82.8,60.4
5,590820,1983,1,2,53.2,59.5,49.1
6,590820,1983,1,23,44.1,56.1,32.5
7,590820,1983,1,25,48.5,61.9,33.8
8,590820,1983,1,31,67.3,75.6,56.8
9,590820,1983,2,9,60.6,69.1,51.4
10,590820,1983,2,18,56.4,65.7,43.9
11,590820,1983,2,23,47.5,50.7,44.2
12,590820,1983,3,13,62.0,73.8,50.4
13,590820,1983,3,28,54.3,57.6,51.8
14,590820,1983,4,1,60.7,76.8,50.5
15,590820,1983,4,19,70.1,77.4,61.2
16,590820,1983,4,26,81.3,89.2,71.1
17,590820,1983,6,12,82.8,90.0,77.9
18,590820,1983,6,24,85.3,94.8,75.7
19,590820,1983,7,1,86.1,90.9,81.7
20,590820,1983,7,6,87.7,96.4,81.3
21,590820,1983,8,12,85.7,98.8,79.0
22,590820,1983,8,18,86.0,96.1,77.2
23,590820,1983,8,28,84.4,97.3,73.6
24,590820,1983,9,1,85.0,94.6,78.8
25,590820,1983,9,15,85.3,93.4,77.4
26,590820,1983,9,21,85.5,94.6,76.8
27,590820,1983,9,22,86.2,94.8,77.7
28,590820,1983,11,2,65.9,80.6,54.3
29,590820,1983,11,18,57.8,72.5,45.9
30,590820,1983,11,28,52.7,66.0,39.2
31,590820,1983,12,2,52.2,68.4,39.7
32,590820,1983,12,6,57.4,73.8,44.2
33,590820,1983,12,18,53.6,60.3,48.4
34,590820,1983,3,4,49.7,52.7,47.1
35,590820,1983,3,22,74.9,80.1,63.3
36,590820,1983,4,8,72.9,74.8,70.2
37,590820,1983,4,30,56.0,57.2,53.4
38,590820,1983,5,13,79.5,88.2,73.8
39,590820,1983,6,5,79.2,87.1,72.9
40,590820,1983,6,21,81.5,89.6,74.5
41,590820,1983,8,22,85.0,93.4,78.6
42,590820,1983,9,4,82.7,92.8,73.2
43,590820,1983,9,12,82.9,90.9,74.1
44,590820,1983,10,1,77.4,83.8,68.5
45,590820,1983,12,31,38.9,42.4,34.7
46,590820,1983,1,24,45.1,57.7,33.8
47,590820,1983,1,26,49.8,66.0,34.3
48,590820,1983,1,30,65.5,75.2,56.3
49,590820,1983,2,4,46.1,47.7,43.5
50,590820,1983,3,6,54.0,62.2,42.3
51,590820,1983,4,27,81.7,87.6,75.9
52,590820,1983,6,8,85.2,94.3,73.8
53,590820,1983,6,22,83.7,92.5,76.8
54,590820,1983,7,8,87.6,94.3,81.7
55,590820,1983,7,9,89.0,97.7,82.4
56,590820,1983,7,12,89.0,99.1,79.5
57,590820,1983,7,22,87.8,95.7,81.1
58,590820,1983,8,3,87.3,97.2,75.2
59,590820,1983,8,8,87.1,97.7,76.8
60,590820,1983,8,15,83.8,94.1,78.1
61,590820,1983,9,9,81.3,86.4,73.6
62,590820,1983,9,14,85.1,93.6,75.2
63,590820,1983,9,27,83.4,93.2,72.7
64,590820,1983,10,21,77.5,86.5,71.4
65,590820,1983,10,27,66.0,72.3,60.8
66,590820,1983,11,3,69.3,82.9,56.5
67,590820,1983,11,20,60.5,78.3,46.6
68,590820,1983,12,4,54.6,72.0,42.1
69,590820,1983,12,8,54.9,69.8,42.6
70,590820,1983,12,26,50.2,56.8,40.3
71,590820,1983,2,14,51.6,55.8,50.5
72,590820,1983,2,15,53.0,55.9,51.4
73,590820,1983,3,8,52.2,54.7,48.0
74,590820,1983,4,5,64.4,68.4,61.2
75,590820,1983,4,16,53.6,54.9,49.3
76,590820,1983,4,23,68.1,71.1,65.1
77,590820,1983,4,25,78.0,86.2,68.4
78,590820,1983,5,8,77.3,87.8,71.8
79,590820,1983,6,14,83.2,88.9,77.7
80,590820,1983,7,18,83.5,90.1,77.2
81,590820,1983,8,24,75.3,80.1,70.7
82,590820,1983,9,19,81.8,89.6,75.4
83,590820,1983,9,24,82.6,95.5,78.8
84,590820,1983,9,30,69.8,71.8,66.7
85,590820,1983,10,12,76.5,85.3,64.8
86,590820,1983,10,17,80.2,86.4,73.4
87,590820,1983,12,29,38.7,42.1,34.3
88,590820,1983,1,18,48.2,54.3,44.8
89,590820,1983,10,23,69.5,74.7,65.7
90,590820,1983,1,16,55.6,66.0,44.2
91,590820,1983,3,17,48.9,58.6,39.9
92,590820,1983,4,10,80.5,87.3,75.0
93,590820,1983,6,28,84.7,91.4,79.7
94,590820,1983,7,14,86.5,93.4,81.7
95,590820,1983,7,15,88.3,96.4,80.4
96,590820,1983,8,2,84.1,94.5,75.9
97,590820,1983,8,17,86.8,99.5,78.1
98,590820,1983,9,8,82.1,95.5,75.4
99,590820,1983,10,20,80.0,92.3,72.7
100,590820,1983,11,8,72.6,83.7,63.9
101,590820,1983,11,27,51.7,63.3,41.5
102,590820,1983,5,22,83.9,92.8,77.4
103,590820,1983,5,9,77.6,88.0,73.0
104,590820,1983,5,15,69.1,79.2,62.6
105,590820,1983,5,16,68.9,78.3,61.5
106,590820,1983,5,28,80.8,86.4,77.0
107,590820,1983,9,25,83.6,92.1,74.8
108,590820,1983,1,17,53.0,64.0,48.2
109,590820,1983,2,10,54.5,59.0,51.3
110,590820,1983,2,20,45.1,52.9,40.3
111,590820,1983,3,5,48.6,55.6,45.3
112,590820,1983,6,2,83.5,89.1,78.8
113,590820,1983,9,29,75.2,78.8,69.3
114,590820,1983,11,10,63.1,68.7,60.4
115,590820,1983,11,13,62.1,69.3,57.9
116,590820,1983,3,7,50.2,52.5,48.4
117,590820,1983,4,17,55.0,56.5,52.7
118,590820,1983,5,6,76.0,86.5,66.6
119,590820,1983,5,19,76.9,83.1,72.9
120,590820,1983,7,16,88.0,99.3,78.4
121,590820,1983,7,5,87.7,94.1,82.0
122,590820,1983,12,22,45.9,48.9,43.5
123,590820,1983,8,19,85.3,98.6,78.4
124,590820,1983,5,12,77.8,85.6,73.8
125,590820,1983,10,9,75.4,86.4,55.0
126,590820,1983,5,11,80.6,87.1,77.2
127,590820,1983,6,29,87.1,94.5,79.0
128,590820,1983,8,14,84.2,96.3,76.6
129,590820,1983,1,13,43.6,47.5,39.0
130,590820,1983,1,14,46.8,50.0,42.1
131,590820,1983,2,2,45.5,51.4,42.4
132,590820,1983,2,13,57.6,66.2,48.2
133,590820,1983,2,21,41.2,43.0,39.2
134,590820,1983,2,22,44.9,46.4,40.1
135,590820,1983,2,25,48.9,51.8,43.3
136,590820,1983,3,18,52.0,60.8,39.4
137,590820,1983,4,20,71.4,77.5,66.2
138,590820,1983,5,17,72.2,81.5,60.6
139,590820,1983,6,6,81.6,89.6,72.9
140,590820,1983,6,10,81.4,87.3,74.3
141,590820,1983,7,4,87.8,95.0,82.6
142,590820,1983,7,10,88.9,97.9,81.5
143,590820,1983,7,21,88.9,97.5,81.9
144,590820,1983,8,9,87.8,99.5,78.6
145,590820,1983,8,27,83.1,95.0,73.0
146,590820,1983,8,30,85.0,95.9,76.1
147,590820,1983,9,6,80.9,89.2,75.0
148,590820,1983,10,26,61.3,63.0,59.0
149,590820,1983,11,21,64.7,78.3,48.4
150,590820,1983,11,25,59.3,71.1,45.9
151,590820,1983,12,5,55.9,73.8,42.1
152,590820,1983,12,14,65.9,77.0,57.0
153,590820,1983,12,23,46.3,50.4,43.2
154,590820,1983,12,25,45.8,49.5,39.4
155,590820,1983,5,29,82.4,88.0,76.1
156,590820,1983,11,19,59.2,76.5,46.0
157,590820,1983,3,2,57.2,62.1,50.2
158,590820,1983,5,2,64.6,67.6,59.5
159,590820,1983,9,20,82.9,90.0,76.3
160,590820,1983,1,10,38.8,40.3,37.2
161,590820,1983,1,12,41.0,44.2,36.7
162,590820,1983,2,17,55.0,66.0,44.8
163,590820,1983,2,28,51.5,52.5,49.1
164,590820,1983,3,1,53.1,56.8,50.5
165,590820,1983,3,21,64.1,68.4,57.7
166,590820,1983,4,3,64.1,72.7,51.4
167,590820,1983,4,7,74.6,82.4,67.1
168,590820,1983,4,9,79.3,85.3,71.6
169,590820,1983,6,17,78.5,82.2,74.5
170,590820,1983,7,19,86.8,95.5,79.9
171,590820,1983,7,27,81.5,91.9,76.8
172,590820,1983,8,20,82.4,93.9,77.7
173,590820,1983,8,26,81.7,89.2,73.4
174,590820,1983,9,3,78.5,88.7,73.6
175,590820,1983,10,13,70.6,74.1,67.6
176,590820,1983,10,19,81.6,91.4,73.9
177,590820,1983,7,3,86.8,93.9,79.0
178,590820,1983,1,5,48.9,50.4,47.3
179,590820,1983,1,27,53.3,72.0,41.4
180,590820,1983,2,3,47.4,50.7,43.0
181,590820,1983,2,6,56.2,61.2,48.6
182,590820,1983,2,12,53.5,60.4,48.6
183,590820,1983,4,12,81.5,89.6,70.5
184,590820,1983,6,1,86.1,92.3,80.6
185,590820,1983,6,23,84.6,93.6,76.3
186,590820,1983,6,26,87.8,95.9,79.9
187,590820,1983,7,13,88.2,98.2,80.1
188,590820,1983,8,16,84.3,93.0,77.7
189,590820,1983,8,29,85.3,97.7,73.9
190,590820,1983,9,5,82.2,92.1,75.9
191,590820,1983,9,13,83.5,91.6,75.0
192,590820,1983,9,17,85.5,93.9,78.8
193,590820,1983,10,8,71.4,76.8,64.9
194,590820,1983,10,10,79.6,90.3,68.4
195,590820,1983,12,3,55.6,71.8,41.7
196,590820,1983,12,9,54.1,72.1,41.4
197,590820,1983,12,10,55.5,74.3,41.0
198,590820,1983,12,16,62.6,73.2,56.7
199,590820,1983,3,19,53.2,54.7,50.5
200,590820,1983,3,20,57.7,60.4,53.2
201,590820,1983,3,25,50.9,52.7,48.4
202,590820,1983,3,26,55.0,59.5,50.0
203,590820,1983,4,24,75.4,84.6,67.1
204,590820,1983,6,4,77.9,83.7,72.0
205,590820,1983,6,27,85.9,94.5,81.0
206,590820,1983,8,25,81.9,90.5,71.2
207,590820,1983,9,11,79.1,89.2,75.2
208,590820,1983,10,14,70.6,72.3,67.6
209,590820,1983,10,16,76.0,81.7,70.7
210,590820,1983,5,14,81.9,89.8,72.1
211,590820,1983,6,9,79.9,90.9,75.2
212,590820,1983,2,1,54.5,71.2,44.6
213,590820,1983,3,23,71.3,84.7,57.2
214,590820,1983,3,24,53.9,60.3,50.0
215,590820,1983,3,31,62.0,73.8,51.8
216,590820,1983,7,11,89.3,99.1,80.4
217,590820,1983,10,7,76.4,91.9,66.2
218,590820,1983,10,24,67.0,71.1,64.8
219,590820,1983,10,25,64.6,70.5,60.4
220,590820,1983,12,15,62.8,69.4,57.9
221,590820,1983,1,7,50.7,55.6,44.8
222,590820,1983,1,8,42.5,46.6,40.1
223,590820,1983,7,17,83.0,92.5,77.5
224,590820,1983,8,13,85.1,99.0,77.7
225,590820,1983,3,30,59.0,65.8,52.3
226,590820,1983,4,28,79.6,88.0,63.3
227,590820,1983,6,7,80.9,89.1,74.1
228,590820,1983,10,4,84.6,93.2,77.4
229,590820,1983,11,22,60.1,69.6,50.4
230,590820,1983,3,10,55.8,60.3,51.4
231,590820,1983,5,23,82.6,91.9,76.8
232,590820,1983,8,7,85.1,99.0,77.5
233,590820,1983,9,2,80.2,93.6,75.4
234,590820,1983,9,10,79.3,86.0,74.7
235,590820,1983,6,13,81.6,88.2,78.1
236,590820,1983,6,18,80.1,84.6,76.1
237,590820,1983,4,29,57.3,79.2,55.0
238,590820,1983,8,5,90.3,97.7,79.7
239,590820,1983,12,13,58.2,74.7,42.8
240,590820,1983,6,25,87.4,94.8,76.1
241,590820,1983,12,28,44.0,49.6,34.5
242,590820,1983,11,16,59.9,75.2,51.4
243,590820,1983,4,2,58.5,62.1,53.2
244,590820,1983,9,28,80.3,90.3,71.8
245,590820,1983,4,22,66.6,72.1,61.3
246,590820,1983,5,24,78.7,85.6,75.7
247,590820,1983,10,18,81.6,91.2,75.0
248,590820,1983,6,19,83.1,86.5,77.9
249,590820,1983,7,29,83.9,94.1,79.5
250,590820,1983,10,15,75.4,82.2,69.8
251,590820,1983,1,3,53.2,59.4,48.9
252,590820,1983,1,15,53.1,64.9,45.3
253,590820,1983,1,21,40.9,43.7,39.6
254,590820,1983,1,28,56.5,73.2,40.5
255,590820,1983,3,27,54.1,55.0,53.1
256,590820,1983,3,29,56.5,61.2,52.9
257,590820,1983,4,13,79.7,83.3,77.9
258,590820,1983,5,4,77.2,84.4,71.6
259,590820,1983,5,7,79.1,89.6,66.2
260,590820,1983,5,21,81.2,90.0,73.9
261,590820,1983,7,7,86.2,92.3,81.7
262,590820,1983,7,20,87.7,95.4,79.3
263,590820,1983,7,30,86.9,95.0,79.3
264,590820,1983,8,31,85.0,94.6,77.7
265,590820,1983,10,3,82.8,89.4,75.6
266,590820,1983,11,5,71.2,81.0,61.3
267,590820,1983,11,11,61.1,62.2,59.7
268,590820,1983,11,14,61.3,66.9,57.0
269,590820,1983,11,29,55.5,70.3,42.1
270,590820,1983,11,30,56.8,69.6,43.7
271,590820,1983,12,20,53.9,57.7,50.7
272,590820,1983,3,15,51.4,52.2,49.6
273,590820,1983,2,27,49.5,50.7,47.3
274,590820,1983,4,4,62.7,64.8,60.4
275,590820,1983,4,6,68.7,74.5,62.1
276,590820,1983,4,18,62.0,64.0,54.1
277,590820,1983,5,25,78.2,85.3,75.2
278,590820,1983,5,26,78.6,87.8,75.2
279,590820,1983,7,28,85.7,94.8,77.2
280,590820,1983,8,11,86.9,100.2,76.3
281,590820,1983,9,26,82.2,88.7,72.9
282,590820,1983,10,2,81.7,87.8,73.4
283,590820,1983,5,31,85.8,92.1,79.3
284,590820,1983,1,1,55.8,68.5,49.6
285,590820,1983,1,20,46.7,55.4,39.4
286,590820,1983,1,29,64.2,75.4,51.1
287,590820,1983,2,5,48.7,50.2,45.3
288,590820,1983,2,8,55.6,62.8,51.1
289,590820,1983,2,11,53.8,60.3,50.7
290,590820,1983,2,24,44.9,47.3,43.3
291,590820,1983,3,11,53.8,55.9,50.9
292,590820,1983,3,16,56.6,63.5,51.3
293,590820,1983,5,3,75.4,84.4,63.9
294,590820,1983,5,18,78.1,85.6,65.5
295,590820,1983,5,27,81.8,88.0,75.7
296,590820,1983,6,30,87.7,95.0,81.7
297,590820,1983,7,23,88.5,96.8,81.3
298,590820,1983,7,25,90.3,99.0,78.4
299,590820,1983,7,26,79.8,86.0,75.9
300,590820,1983,8,1,87.0,98.4,75.6
301,590820,1983,8,4,88.8,98.4,79.2
302,590820,1983,10,28,66.6,72.9,60.4
303,590820,1983,11,9,73.3,82.9,63.0
304,590820,1983,11,12,62.0,64.4,59.7
305,590820,1983,11,24,59.3,72.5,45.3
306,590820,1983,12,11,55.8,68.5,44.2
307,590820,1983,12,12,52.9,67.6,42.3
308,590820,1983,12,19,54.2,61.3,50.4
309,590820,1983,12,27,49.7,52.7,46.8
310,590820,1983,2,26,49.1,53.1,46.4
311,590820,1983,3,9,53.9,56.7,51.4
312,590820,1983,5,1,60.4,65.1,54.5
313,590820,1983,5,10,81.0,88.7,72.3
314,590820,1983,6,16,75.4,79.5,74.5
315,590820,1983,8,21,82.2,90.5,76.3
316,590820,1983,1,9,39.3,41.7,37.6
317,590820,1983,10,31,69.3,79.2,60.1
318,590820,1983,2,7,58.7,68.2,52.9
319,590820,1983,5,30,83.2,89.1,80.2
320,590820,1983,6,11,82.1,89.1,78.4
321,590820,1983,6,15,81.2,84.6,79.5
322,590820,1983,7,2,84.1,91.9,79.7
323,590820,1983,10,11,78.0,88.7,67.8
324,590820,1983,11,4,70.3,80.1,62.8
325,590820,1983,11,26,56.3,67.6,46.8
326,590820,1983,12,1,51.0,64.0,40.1
327,590820,1983,12,7,56.2,71.1,45.1
328,590820,1983,12,17,52.1,58.5,48.6
329,590820,1983,8,6,87.0,99.3,79.2
330,590820,1983,10,5,83.7,91.4,75.7
331,590820,1983,2,16,53.6,57.9,46.8
332,590820,1983,3,3,53.7,58.5,47.7
333,590820,1983,4,15,66.0,83.8,52.5
334,590820,1983,5,5,76.2,84.0,70.9
335,590820,1983,6,20,79.4,88.9,74.8
336,590820,1983,8,23,80.8,91.9,72.0
337,590820,1983,9,18,82.4,91.8,76.3
338,590820,1983,11,1,66.7,80.1,56.1
339,590820,1983,1,4,50.0,51.3,48.6
340,590820,1983,1,19,43.7,46.0,41.0
341,590820,1983,2,19,54.0,59.4,51.8
342,590820,1983,3,12,55.9,59.5,52.7
343,590820,1983,3,14,53.3,59.2,49.8
344,590820,1983,4,11,78.3,86.4,70.5
345,590820,1983,4,14,77.5,79.2,75.9
346,590820,1983,4,21,71.9,75.9,63.7
347,590820,1983,7,24,88.2,97.5,79.7
348,590820,1983,7,31,85.5,96.4,76.8
349,590820,1983,9,23,86.5,95.7,76.8
350,590820,1983,10,22,73.8,78.4,71.2
351,590820,1983,11,17,59.9,73.4,48.9
352,590820,1983,11,23,57.4,70.7,46.9
353,590820,1983,12,21,51.5,55.4,48.0
354,590820,1983,12,24,43.9,47.3,40.6
355,590820,1983,1,11,38.2,39.7,37.0
356,590820,1983,6,3,81.0,90.3,72.0
357,590820,1983,8,10,86.0,101.3,77.0
358,590820,1983,11,15,60.1,67.3,54.0
359,590820,1983,12,30,36.9,40.5,35.6
360,590820,1983,1,6,53.3,56.1,48.2
361,590820,1983,10,6,84.0,94.1,74.1
362,590820,1983,10,30,69.3,77.0,63.1
363,590820,1983,5,20,77.0,82.9,72.7
364,590820,1983,1,22,42.5,52.2,34.3
0,590820,1984,12,17,47.9,54.9,40.5
1,590820,1984,1,2,44.4,52.2,33.1
2,590820,1984,10,6,63.5,67.5,61.0
3,590820,1984,9,20,80.2,87.3,70.9
4,590820,1984,4,3,72.2,76.1,61.7
5,590820,1984,6,13,85.3,91.4,80.2
6,590820,1984,7,2,85.6,94.5,79.3
7,590820,1984,4,24,65.6,68.0,62.6
8,590820,1984,7,15,86.5,95.4,81.3
9,590820,1984,8,16,81.4,86.4,76.3
10,590820,1984,2,5,39.9,42.1,38.8
11,590820,1984,10,11,77.2,85.6,69.8
12,590820,1984,5,6,66.4,75.9,57.2
13,590820,1984,3,26,59.7,62.6,56.5
14,590820,1984,5,29,80.7,89.6,74.3
15,590820,1984,3,6,52.0,55.8,51.1
16,590820,1984,6,2,75.8,82.0,70.9
17,590820,1984,1,11,50.6,69.6,36.3
18,590820,1984,7,12,84.5,92.7,74.5
19,590820,1984,9,19,76.0,83.3,70.9
20,590820,1984,11,21,52.6,61.7,46.2
21,590820,1984,4,14,61.0,63.9,57.9
22,590820,1984,8,2,86.1,95.0,77.0
23,590820,1984,10,29,67.4,79.7,56.7
24,590820,1984,5,18,68.1,71.4,65.5
25,590820,1984,8,1,83.1,92.7,72.9
26,590820,1984,1,16,50.0,53.6,44.4
27,590820,1984,1,22,40.3,47.1,35.4
28,590820,1984,2,19,48.5,50.7,46.8
29,590820,1984,3,12,56.6,60.3,53.6
30,590820,1984,3,23,57.0,60.3,52.5
31,590820,1984,4,16,68.9,72.5,67.1
32,590820,1984,5,7,71.0,83.7,57.0
33,590820,1984,5,21,71.9,78.1,66.4
34,590820,1984,8,10,82.8,91.4,79.5
35,590820,1984,8,20,87.3,96.4,75.6
36,590820,1984,10,13,71.0,77.4,66.9
37,590820,1984,12,13,67.4,78.4,53.2
38,590820,1984,12,18,42.2,44.6,39.9
39,590820,1984,12,21,38.2,39.6,36.7
40,590820,1984,1,9,45.4,62.4,33.3
41,590820,1984,1,14,56.9,70.9,38.5
42,590820,1984,1,19,41.0,43.5,38.7
43,590820,1984,1,23,41.6,44.6,38.5
44,590820,1984,1,27,42.1,43.9,39.9
45,590820,1984,2,15,50.7,54.3,46.6
46,590820,1984,2,16,51.6,55.0,48.4
47,590820,1984,3,2,53.2,67.8,34.7
48,590820,1984,3,13,61.7,66.9,55.4
49,590820,1984,3,17,62.9,66.2,60.1
50,590820,1984,4,2,63.1,64.8,61.3
51,590820,1984,4,19,70.0,74.7,61.3
52,590820,1984,4,25,72.6,81.7,62.2
53,590820,1984,5,11,81.1,88.9,75.7
54,590820,1984,6,29,84.4,93.2,78.8
55,590820,1984,7,1,86.3,92.3,79.7
56,590820,1984,7,5,80.3,88.5,74.3
57,590820,1984,7,20,86.8,95.7,82.0
58,590820,1984,9,10,85.2,95.0,75.7
59,590820,1984,10,25,72.1,85.1,57.4
60,590820,1984,11,8,73.4,89.8,59.5
61,590820,1984,11,18,69.8,81.0,57.2
62,590820,1984,12,2,55.7,72.5,43.5
63,590820,1984,12,4,63.3,76.3,50.5
64,590820,1984,12,24,40.6,50.7,32.2
65,590820,1984,12,27,43.1,49.5,35.4
66,590820,1984,9,6,78.1,89.2,72.7
67,590820,1984,7,7,85.3,94.5,76.5
68,590820,1984,5,13,78.2,86.0,73.6
69,590820,1984,6,15,78.5,86.4,75.6
70,590820,1984,6,10,79.9,90.3,74.7
71,590820,1984,10,5,65.4,72.3,61.5
72,590820,1984,8,21,81.7,90.9,76.6
73,590820,1984,11,23,59.7,72.0,50.2
74,590820,1984,1,1,38.2,40.8,34.2
75,590820,1984,1,15,53.1,66.7,44.2
76,590820,1984,1,29,41.1,45.7,38.5
77,590820,1984,2,28,44.2,46.4,42.8
78,590820,1984,6,20,82.1,87.6,78.6
79,590820,1984,7,27,88.7,97.7,81.1
80,590820,1984,8,31,78.4,80.6,76.6
81,590820,1984,9,1,77.7,83.7,73.6
82,590820,1984,9,18,73.9,79.0,71.6
83,590820,1984,9,28,80.1,91.4,72.7
84,590820,1984,10,1,81.8,91.6,73.4
85,590820,1984,10,19,70.1,79.3,63.0
86,590820,1984,11,3,66.2,79.5,55.8
87,590820,1984,11,15,63.5,71.8,54.5
88,590820,1984,11,24,59.2,67.6,51.3
89,590820,1984,12,15,67.1,81.1,56.8
90,590820,1984,12,31,43.5,46.8,42.1
91,590820,1984,11,13,68.6,79.9,64.8
92,590820,1984,1,4,42.7,53.1,34.2
93,590820,1984,1,20,38.7,41.5,37.8
94,590820,1984,3,9,51.0,54.7,49.3
95,590820,1984,3,15,66.5,75.0,60.8
96,590820,1984,5,4,60.8,64.9,58.6
97,590820,1984,5,15,75.7,86.0,70.2
98,590820,1984,6,1,76.0,82.9,72.3
99,590820,1984,6,26,80.6,88.9,77.2
100,590820,1984,7,30,87.4,104.0,78.3
101,590820,1984,8,19,83.2,94.8,76.6
102,590820,1984,10,12,74.6,83.1,68.0
103,590820,1984,10,28,69.5,81.5,58.5
104,590820,1984,12,16,49.6,63.1,46.8
105,590820,1984,12,28,42.3,50.2,38.8
106,590820,1984,4,7,58.4,61.3,55.4
107,590820,1984,11,30,60.0,72.0,48.7
108,590820,1984,12,12,59.3,68.0,54.1
109,590820,1984,12,10,62.0,73.6,55.6
110,590820,1984,11,14,64.9,69.1,60.4
111,590820,1984,6,19,84.4,93.2,78.1
112,590820,1984,11,17,65.4,81.5,57.2
113,590820,1984,6,14,85.4,89.2,81.1
114,590820,1984,1,31,40.8,44.4,37.0
115,590820,1984,3,29,59.4,62.1,57.7
116,590820,1984,8,22,84.7,92.1,76.3
117,590820,1984,3,24,60.5,67.6,56.8
118,590820,1984,9,4,81.1,90.5,70.7
119,590820,1984,12,29,43.7,51.6,38.3
120,590820,1984,9,21,82.0,91.4,73.9
121,590820,1984,11,27,56.1,63.3,48.9
122,590820,1984,3,27,59.2,74.3,55.2
123,590820,1984,4,26,69.0,71.6,68.4
124,590820,1984,7,9,78.9,83.8,77.4
125,590820,1984,9,25,78.9,94.1,72.9
126,590820,1984,3,25,60.5,63.9,57.0
127,590820,1984,6,27,82.5,92.7,77.0
128,590820,1984,12,6,53.4,64.0,45.1
129,590820,1984,9,26,80.0,86.7,72.1
130,590820,1984,1,8,46.6,62.1,34.3
131,590820,1984,1,10,48.1,66.9,33.1
132,590820,1984,1,12,55.1,70.3,39.4
133,590820,1984,1,25,39.6,41.5,37.4
134,590820,1984,2,23,51.1,56.3,47.3
135,590820,1984,3,3,58.7,72.0,49.3
136,590820,1984,3,8,51.7,55.0,49.1
137,590820,1984,3,16,64.0,69.8,60.4
138,590820,1984,3,30,64.6,68.5,58.8
139,590820,1984,4,10,63.0,68.4,59.7
140,590820,1984,4,17,73.7,81.7,67.6
141,590820,1984,4,23,67.8,74.7,61.3
142,590820,1984,5,27,74.3,79.0,69.8
143,590820,1984,6,7,83.8,92.1,76.8
144,590820,1984,6,11,82.1,89.4,74.3
145,590820,1984,6,17,83.0,92.8,75.6
146,590820,1984,6,28,84.7,93.2,77.7
147,590820,1984,7,8,85.0,94.5,77.5
148,590820,1984,7,17,89.1,97.7,82.0
149,590820,1984,8,18,84.4,91.4,77.2
150,590820,1984,9,8,83.4,90.9,75.0
151,590820,1984,9,13,71.0,77.0,65.5
152,590820,1984,9,16,79.7,89.1,70.3
153,590820,1984,9,23,82.5,93.6,73.6
154,590820,1984,9,27,79.7,89.6,73.0
155,590820,1984,9,30,82.9,91.8,75.9
156,590820,1984,10,2,81.8,92.5,72.1
157,590820,1984,10,7,68.3,73.0,60.4
158,590820,1984,10,14,74.7,82.4,67.3
159,590820,1984,10,26,75.4,86.7,60.4
160,590820,1984,10,30,65.8,77.4,55.4
161,590820,1984,10,31,65.4,78.3,54.0
162,590820,1984,11,2,68.2,81.1,56.5
163,590820,1984,12,8,62.2,70.9,50.0
164,590820,1984,1,5,44.3,55.6,32.4
165,590820,1984,1,21,38.6,41.9,36.0
166,590820,1984,1,26,42.2,45.0,39.0
167,590820,1984,2,2,40.9,42.4,39.6
168,590820,1984,2,11,46.6,51.8,43.0
169,590820,1984,2,18,49.9,54.1,45.1
170,590820,1984,2,21,53.0,54.3,51.3
171,590820,1984,3,11,55.8,59.0,52.5
172,590820,1984,3,14,71.5,78.4,59.7
173,590820,1984,3,18,70.2,75.2,61.0
174,590820,1984,4,8,60.1,61.9,57.0
175,590820,1984,4,13,67.1,75.9,59.9
176,590820,1984,4,28,69.2,84.2,63.7
177,590820,1984,5,2,76.7,83.3,69.4
178,590820,1984,5,9,76.9,89.2,65.5
179,590820,1984,5,10,80.9,90.9,64.9
180,590820,1984,5,19,70.7,75.7,66.4
181,590820,1984,5,23,77.6,85.5,69.6
182,590820,1984,5,28,80.7,90.0,72.1
183,590820,1984,5,31,80.0,86.4,76.8
184,590820,1984,6,9,85.0,93.7,70.3
185,590820,1984,6,12,83.3,90.0,76.8
186,590820,1984,6,23,88.5,99.1,77.9
187,590820,1984,7,6,84.2,94.1,74.5
188,590820,1984,8,4,81.0,90.0,77.7
189,590820,1984,8,6,84.3,96.8,75.7
190,590820,1984,8,17,83.0,93.4,75.7
191,590820,1984,8,23,86.0,94.5,81.0
192,590820,1984,9,7,82.4,90.9,73.2
193,590820,1984,9,24,81.8,94.1,73.9
194,590820,1984,10,9,72.2,78.1,67.3
195,590820,1984,10,10,74.1,79.2,68.4
196,590820,1984,10,21,65.2,79.0,53.6
197,590820,1984,11,1,67.5,79.5,53.6
198,590820,1984,11,6,69.3,87.4,55.2
199,590820,1984,11,10,77.5,88.9,67.6
200,590820,1984,11,22,57.6,70.2,45.5
201,590820,1984,11,25,59.4,69.8,49.8
202,590820,1984,8,11,80.3,86.5,76.6
203,590820,1984,6,8,85.8,94.6,77.0
204,590820,1984,2,27,49.3,53.6,45.0
205,590820,1984,2,22,54.7,59.0,48.9
206,590820,1984,9,12,71.4,76.6,67.5
207,590820,1984,1,3,44.4,51.3,38.1
208,590820,1984,2,6,39.1,43.3,34.0
209,590820,1984,2,9,48.1,57.7,42.1
210,590820,1984,3,20,55.2,59.4,54.3
211,590820,1984,4,4,72.1,78.6,60.1
212,590820,1984,4,22,67.9,76.5,61.7
213,590820,1984,5,20,70.9,73.8,66.9
214,590820,1984,5,25,76.7,85.5,71.2
215,590820,1984,6,21,83.0,91.9,77.7
216,590820,1984,6,30,84.1,93.0,80.2
217,590820,1984,7,10,80.6,88.5,75.6
218,590820,1984,9,22,82.4,93.4,74.3
219,590820,1984,12,1,60.2,70.9,46.8
220,590820,1984,12,5,55.1,66.9,46.4
221,590820,1984,12,20,40.2,42.8,37.8
222,590820,1984,12,26,44.3,48.4,41.5
223,590820,1984,2,24,51.4,55.0,47.8
224,590820,1984,2,25,48.1,51.4,45.9
225,590820,1984,4,12,64.0,68.7,60.4
226,590820,1984,4,18,67.5,76.6,62.1
227,590820,1984,4,21,67.8,73.2,64.4
228,590820,1984,5,17,68.9,73.2,66.0
229,590820,1984,5,26,73.4,79.3,70.2
230,590820,1984,6,25,82.9,94.1,77.9
231,590820,1984,7,4,80.8,91.9,75.4
232,590820,1984,7,19,89.2,97.5,82.8
233,590820,1984,7,22,87.8,96.3,80.4
234,590820,1984,8,3,83.1,92.8,78.1
235,590820,1984,8,30,83.8,92.7,79.0
236,590820,1984,9,11,84.3,97.2,75.6
237,590820,1984,10,16,75.5,86.7,67.1
238,590820,1984,11,20,53.9,62.4,47.5
239,590820,1984,12,23,40.2,47.7,34.2
240,590820,1984,2,20,51.2,53.4,48.0
241,590820,1984,2,13,45.6,47.8,43.5
242,590820,1984,11,29,58.2,68.9,46.2
243,590820,1984,8,25,82.9,95.0,77.0
244,590820,1984,7,11,82.7,91.4,75.2
245,590820,1984,3,19,61.8,69.3,55.4
246,590820,1984,6,4,81.1,91.4,71.8
247,590820,1984,9,29,81.1,88.7,70.7
248,590820,1984,2,10,44.8,48.9,41.7
249,590820,1984,12,25,45.1,53.2,31.6
250,590820,1984,2,1,40.8,44.1,38.8
251,590820,1984,2,7,41.9,50.9,33.1
252,590820,1984,9,9,83.9,93.4,76.6
253,590820,1984,9,3,78.9,88.9,70.7
254,590820,1984,6,24,89.8,100.6,85.1
255,590820,1984,4,5,61.6,66.2,59.4
256,590820,1984,4,6,57.6,62.1,56.7
257,590820,1984,8,12,79.2,86.9,76.8
258,590820,1984,8,27,80.6,87.6,76.6
259,590820,1984,11,19,63.0,73.9,56.5
260,590820,1984,6,16,79.9,86.0,74.5
261,590820,1984,8,28,83.9,92.8,76.3
262,590820,1984,5,24,79.5,87.6,70.0
263,590820,1984,11,5,66.5,82.2,52.9
264,590820,1984,7,29,90.0,100.4,78.4
265,590820,1984,1,7,47.5,59.9,36.3
266,590820,1984,1,17,55.4,64.0,48.0
267,590820,1984,2,4,40.2,43.3,38.3
268,590820,1984,2,8,45.3,53.6,32.2
269,590820,1984,2,14,47.4,50.2,43.5
270,590820,1984,2,26,50.8,55.8,45.3
271,590820,1984,3,22,54.1,58.5,52.5
272,590820,1984,3,28,59.3,63.9,54.0
273,590820,1984,3,31,69.9,73.9,64.0
274,590820,1984,4,1,66.8,74.7,61.7
275,590820,1984,4,11,64.4,68.9,59.9
276,590820,1984,4,15,69.0,75.7,60.4
277,590820,1984,4,29,68.6,73.8,63.3
278,590820,1984,5,1,72.4,76.5,68.0
279,590820,1984,5,5,62.2,68.4,57.9
280,590820,1984,5,8,74.6,86.5,61.7
281,590820,1984,5,12,82.6,89.6,75.7
282,590820,1984,5,22,74.4,80.8,68.7
283,590820,1984,6,22,84.4,93.2,77.4
284,590820,1984,7,14,85.9,94.6,80.1
285,590820,1984,7,16,88.6,96.8,80.8
286,590820,1984,8,8,85.4,99.9,78.1
287,590820,1984,8,13,83.9,94.6,76.5
288,590820,1984,10,8,72.6,78.8,66.6
289,590820,1984,11,9,77.1,90.0,63.5
290,590820,1984,11,12,68.1,73.4,64.0
291,590820,1984,11,16,64.4,77.2,53.4
292,590820,1984,11,28,56.2,66.7,46.8
293,590820,1984,1,6,45.8,56.3,37.8
294,590820,1984,1,28,44.2,50.0,40.8
295,590820,1984,2,12,46.4,51.1,43.7
296,590820,1984,3,4,58.0,67.3,50.7
297,590820,1984,3,10,56.5,61.9,48.9
298,590820,1984,4,20,68.9,70.5,66.6
299,590820,1984,4,30,69.4,73.4,65.7
300,590820,1984,5,30,80.3,87.3,76.3
301,590820,1984,6,3,76.1,82.4,72.1
302,590820,1984,6,5,80.4,86.4,76.1
303,590820,1984,7,13,85.1,93.2,77.9
304,590820,1984,7,18,89.6,98.6,81.9
305,590820,1984,7,23,88.8,97.9,82.0
306,590820,1984,7,24,89.2,97.7,82.4
307,590820,1984,7,26,88.5,97.2,81.7
308,590820,1984,8,9,86.3,97.3,78.3
309,590820,1984,8,14,87.1,98.1,76.6
310,590820,1984,8,26,82.6,91.4,76.6
311,590820,1984,8,29,88.1,95.4,77.0
312,590820,1984,9,14,75.9,85.5,66.6
313,590820,1984,9,15,76.7,86.9,69.4
314,590820,1984,10,15,77.6,87.3,66.6
315,590820,1984,10,18,64.5,69.8,61.2
316,590820,1984,10,22,66.0,81.0,52.9
317,590820,1984,10,23,68.5,82.4,56.7
318,590820,1984,11,4,64.4,79.2,53.2
319,590820,1984,12,3,58.4,73.8,43.9
320,590820,1984,12,7,55.5,65.1,46.2
321,590820,1984,12,9,62.4,70.7,57.0
322,590820,1984,12,22,40.5,43.9,37.2
323,590820,1984,12,30,44.0,47.8,39.4
324,590820,1984,10,24,70.4,85.6,59.4
325,590820,1984,1,30,39.2,42.8,37.4
326,590820,1984,3,21,55.2,60.4,52.5
327,590820,1984,11,7,70.8,88.7,60.4
328,590820,1984,1,13,51.6,68.7,40.3
329,590820,1984,2,3,40.3,42.8,38.8
330,590820,1984,2,17,48.8,54.3,45.9
331,590820,1984,4,9,62.0,64.6,60.1
332,590820,1984,4,27,68.7,74.1,64.4
333,590820,1984,5,3,71.3,81.3,61.2
334,590820,1984,7,21,87.9,95.9,81.3
335,590820,1984,7,25,89.2,98.2,82.4
336,590820,1984,7,31,83.5,101.7,73.8
337,590820,1984,8,5,82.4,91.9,76.6
338,590820,1984,9,17,77.6,84.9,73.8
339,590820,1984,10,3,78.9,93.9,68.0
340,590820,1984,11,11,75.9,88.2,66.2
341,590820,1984,12,14,68.2,76.6,62.2
342,590820,1984,1,18,46.2,56.5,39.0
343,590820,1984,1,24,39.6,44.2,37.4
344,590820,1984,2,29,46.4,54.0,39.7
345,590820,1984,3,1,42.5,50.9,35.6
346,590820,1984,3,5,55.9,60.3,52.5
347,590820,1984,3,7,52.7,55.6,51.4
348,590820,1984,5,16,69.2,72.9,67.3
349,590820,1984,7,3,82.4,92.5,62.6
350,590820,1984,7,28,88.6,99.3,79.3
351,590820,1984,8,7,85.9,96.6,78.6
352,590820,1984,8,15,82.6,94.1,76.3
353,590820,1984,8,24,85.2,93.2,79.2
354,590820,1984,9,2,76.9,82.8,71.4
355,590820,1984,10,4,66.4,71.2,64.0
356,590820,1984,10,20,68.9,81.1,55.9
357,590820,1984,10,27,74.3,84.2,65.1
358,590820,1984,12,19,40.0,42.1,39.4
359,590820,1984,9,5,78.4,92.8,73.4
360,590820,1984,5,14,75.6,85.1,72.5
361,590820,1984,6,18,85.1,95.4,76.6
362,590820,1984,11,26,59.9,69.6,48.9
363,590820,1984,12,11,56.9,61.3,54.3
364,590820,1984,6,6,83.4,91.6,77.0
365,590820,1984,10,17,64.6,69.3,61.9
0,590820,1985,1,2,51.4,57.0,46.8
1,590820,1985,11,4,67.1,79.2,55.6
2,590820,1985,1,30,46.5,58.1,40.1
3,590820,1985,7,24,85.5,95.4,72.9
4,590820,1985,2,2,55.6,66.6,43.3
5,590820,1985,7,17,88.9,97.5,80.2
6,590820,1985,7,29,83.1,95.0,76.5
7,590820,1985,10,2,71.2,83.3,60.6
8,590820,1985,10,10,82.0,92.5,72.7
9,590820,1985,6,2,79.6,87.3,70.7
10,590820,1985,1,14,50.1,56.8,39.9
11,590820,1985,1,20,57.4,72.0,42.3
12,590820,1985,1,21,66.2,74.7,54.7
13,590820,1985,2,4,63.4,69.8,52.5
14,590820,1985,3,9,49.0,52.2,46.8
15,590820,1985,3,23,58.5,64.4,51.4
16,590820,1985,3,31,55.1,65.3,46.6
17,590820,1985,4,4,66.4,75.0,54.7
18,590820,1985,4,7,68.0,77.9,59.9
19,590820,1985,5,12,86.2,94.1,79.3
20,590820,1985,5,13,86.2,94.3,79.7
21,590820,1985,6,4,83.7,90.3,77.4
22,590820,1985,6,14,79.8,86.4,73.4
23,590820,1985,6,19,84.0,91.8,76.6
24,590820,1985,6,28,87.6,97.2,79.2
25,590820,1985,6,30,88.3,97.7,77.7
26,590820,1985,7,16,88.0,97.5,80.6
27,590820,1985,7,22,84.2,91.6,77.0
28,590820,1985,8,11,86.5,97.3,77.5
29,590820,1985,8,18,87.5,97.5,79.3
30,590820,1985,9,15,81.3,90.5,74.8
31,590820,1985,9,26,75.6,82.9,69.4
32,590820,1985,10,3,71.2,83.3,59.7
33,590820,1985,10,6,72.7,84.6,60.6
34,590820,1985,10,15,82.4,92.5,73.4
35,590820,1985,10,23,71.8,77.9,65.7
36,590820,1985,10,25,78.0,91.4,67.1
37,590820,1985,10,30,73.2,79.7,69.3
38,590820,1985,11,5,69.6,81.5,60.3
39,590820,1985,11,24,55.9,64.2,49.1
40,590820,1985,11,26,65.6,74.7,53.1
41,590820,1985,12,20,49.3,59.5,38.1
42,590820,1985,12,21,48.3,59.9,40.8
43,590820,1985,12,26,49.6,68.0,36.1
44,590820,1985,12,27,52.4,68.5,39.0
45,590820,1985,11,6,70.8,80.4,60.6
46,590820,1985,6,17,82.1,91.6,73.9
47,590820,1985,4,27,63.7,68.9,58.8
48,590820,1985,5,6,85.2,94.1,76.6
49,590820,1985,6,13,77.1,83.3,73.8
50,590820,1985,1,12,48.5,55.2,42.6
51,590820,1985,3,28,69.3,82.8,60.6
52,590820,1985,6,8,81.1,92.7,72.0
53,590820,1985,7,13,86.0,95.0,79.2
54,590820,1985,8,6,88.1,97.7,82.2
55,590820,1985,8,8,88.5,98.4,79.9
56,590820,1985,11,9,57.8,63.1,53.4
57,590820,1985,12,8,54.5,58.8,50.9
58,590820,1985,12,18,53.1,63.0,39.7
59,590820,1985,12,19,47.8,57.6,39.6
60,590820,1985,2,23,47.5,54.1,38.8
61,590820,1985,6,25,79.9,82.9,76.1
62,590820,1985,1,8,42.1,45.1,39.4
63,590820,1985,5,8,82.2,90.9,74.5
64,590820,1985,5,16,73.7,78.1,68.9
65,590820,1985,7,3,83.8,92.8,76.8
66,590820,1985,7,31,82.1,94.1,75.7
67,590820,1985,10,8,77.2,85.6,71.4
68,590820,1985,1,1,46.3,48.2,41.9
69,590820,1985,1,4,46.0,49.1,43.0
70,590820,1985,1,17,51.2,53.6,48.6
71,590820,1985,1,25,48.4,53.1,43.9
72,590820,1985,2,3,56.2,63.3,51.8
73,590820,1985,2,15,61.7,64.6,56.3
74,590820,1985,2,22,42.2,44.8,40.1
75,590820,1985,2,24,45.7,48.0,43.2
76,590820,1985,2,28,50.9,54.7,43.5
77,590820,1985,3,24,61.0,66.2,55.4
78,590820,1985,4,30,73.9,78.4,71.6
79,590820,1985,5,1,72.4,74.3,70.7
80,590820,1985,5,2,72.7,75.4,70.3
81,590820,1985,7,9,78.0,81.0,72.9
82,590820,1985,9,6,79.2,82.4,76.1
83,590820,1985,10,28,74.8,85.3,69.1
84,590820,1985,11,15,59.1,61.9,58.3
85,590820,1985,5,25,75.2,77.5,72.7
86,590820,1985,5,26,78.3,80.6,73.9
87,590820,1985,5,29,73.1,77.0,67.1
88,590820,1985,6,10,80.4,85.3,75.6
89,590820,1985,6,3,80.5,86.5,76.1
90,590820,1985,8,20,83.4,96.6,74.8
91,590820,1985,7,2,84.9,98.8,77.5
92,590820,1985,12,5,62.1,64.4,60.8
93,590820,1985,3,22,52.5,57.7,48.0
94,590820,1985,8,27,80.5,87.8,76.6
95,590820,1985,9,17,80.5,90.5,74.5
96,590820,1985,6,6,79.2,90.9,73.8
97,590820,1985,4,25,73.9,85.3,60.4
98,590820,1985,9,18,76.5,86.7,70.0
99,590820,1985,1,9,40.7,42.4,39.7
100,590820,1985,1,23,61.8,70.3,51.3
101,590820,1985,1,24,46.9,60.4,44.4
102,590820,1985,1,28,51.2,60.6,44.6
103,590820,1985,2,1,50.8,55.4,45.5
104,590820,1985,2,7,59.4,65.5,56.3
105,590820,1985,3,21,50.8,54.7,47.5
106,590820,1985,3,29,58.2,62.1,55.9
107,590820,1985,3,30,49.9,57.2,47.1
108,590820,1985,4,6,63.3,66.2,60.1
109,590820,1985,7,18,85.8,97.3,77.7
110,590820,1985,7,25,82.6,95.4,74.3
111,590820,1985,8,21,80.3,86.4,76.6
112,590820,1985,8,31,80.5,94.1,75.4
113,590820,1985,9,23,69.6,82.0,64.9
114,590820,1985,10,20,63.9,71.6,57.9
115,590820,1985,11,8,59.1,68.4,56.8
116,590820,1985,11,28,55.1,67.1,51.1
117,590820,1985,12,9,50.5,55.6,44.1
118,590820,1985,12,11,38.8,41.0,37.4
119,590820,1985,5,27,74.7,81.9,69.1
120,590820,1985,6,16,76.8,81.3,73.0
121,590820,1985,2,16,59.1,64.6,56.5
122,590820,1985,8,17,84.8,93.2,79.3
123,590820,1985,12,14,51.1,62.2,42.1
124,590820,1985,1,13,47.9,58.3,40.3
125,590820,1985,4,11,66.5,75.2,62.2
126,590820,1985,5,11,86.2,94.6,76.8
127,590820,1985,7,27,84.2,94.3,73.9
128,590820,1985,4,16,67.8,78.8,59.5
129,590820,1985,7,15,88.0,97.2,80.1
130,590820,1985,10,22,68.7,76.8,61.0
131,590820,1985,1,19,51.6,68.4,41.9
132,590820,1985,2,13,61.6,70.2,53.4
133,590820,1985,3,5,50.7,57.2,44.8
134,590820,1985,3,17,53.1,57.9,48.2
135,590820,1985,3,19,57.9,65.3,49.5
136,590820,1985,4,21,77.7,88.5,66.2
137,590820,1985,4,22,77.3,89.2,67.1
138,590820,1985,4,28,70.7,83.7,58.8
139,590820,1985,5,5,84.2,91.4,77.2
140,590820,1985,5,7,78.1,85.1,71.2
141,590820,1985,5,9,83.3,91.6,76.6
142,590820,1985,5,10,84.2,92.8,76.3
143,590820,1985,5,18,83.5,90.9,76.6
144,590820,1985,5,21,80.7,89.6,70.7
145,590820,1985,6,22,90.1,100.4,76.6
146,590820,1985,7,10,83.6,91.9,76.3
147,590820,1985,7,14,86.7,95.7,78.8
148,590820,1985,7,20,83.3,93.0,76.6
149,590820,1985,8,4,85.1,94.1,79.2
150,590820,1985,8,12,88.2,97.2,79.7
151,590820,1985,8,30,82.1,91.9,74.5
152,590820,1985,9,3,82.4,90.3,72.9
153,590820,1985,9,9,83.9,94.6,76.6
154,590820,1985,9,14,82.1,91.6,75.0
155,590820,1985,9,25,72.5,78.4,68.5
156,590820,1985,10,7,76.5,87.3,64.4
157,590820,1985,10,24,74.9,85.3,67.6
158,590820,1985,10,27,75.9,86.0,66.2
159,590820,1985,11,3,65.7,76.8,54.3
160,590820,1985,11,7,71.9,84.2,62.4
161,590820,1985,11,11,66.0,77.7,55.0
162,590820,1985,11,18,60.2,74.8,50.4
163,590820,1985,12,3,64.4,77.2,54.3
164,590820,1985,12,7,57.6,63.3,52.9
165,590820,1985,12,12,42.3,52.9,37.0
166,590820,1985,12,13,47.1,59.5,35.6
167,590820,1985,12,16,45.4,58.6,34.5
168,590820,1985,12,24,45.6,63.5,34.9
169,590820,1985,12,29,60.8,69.4,51.6
170,590820,1985,10,13,81.6,94.1,72.0
171,590820,1985,6,7,79.3,89.2,72.3
172,590820,1985,7,12,85.9,94.5,79.9
173,590820,1985,11,2,67.3,76.6,56.3
174,590820,1985,10,29,75.1,82.8,69.3
175,590820,1985,9,16,84.7,95.0,74.8
176,590820,1985,11,20,68.2,77.9,52.0
177,590820,1985,6,26,84.4,91.6,77.0
178,590820,1985,8,1,83.5,93.2,74.8
179,590820,1985,1,10,42.9,47.1,39.4
180,590820,1985,1,11,45.5,48.6,40.6
181,590820,1985,1,26,52.8,60.3,47.3
182,590820,1985,1,27,54.2,62.6,47.5
183,590820,1985,3,6,54.8,59.5,48.0
184,590820,1985,4,17,70.2,81.5,59.7
185,590820,1985,4,20,71.8,81.9,64.6
186,590820,1985,4,23,79.3,91.9,68.4
187,590820,1985,5,22,80.4,89.8,71.2
188,590820,1985,6,15,81.1,90.0,74.7
189,590820,1985,6,18,81.7,90.5,75.9
190,590820,1985,6,27,86.8,96.4,77.9
191,590820,1985,7,1,89.2,101.3,80.2
192,590820,1985,7,7,87.3,97.3,74.3
193,590820,1985,8,5,86.8,94.8,79.9
194,590820,1985,8,15,85.6,95.9,79.2
195,590820,1985,8,23,85.8,97.2,79.3
196,590820,1985,9,4,83.8,92.8,75.9
197,590820,1985,9,7,83.7,91.4,76.1
198,590820,1985,10,4,72.3,85.3,58.8
199,590820,1985,10,5,72.6,85.3,59.4
200,590820,1985,10,11,81.6,92.7,72.7
201,590820,1985,10,12,81.2,92.5,72.0
202,590820,1985,10,14,82.1,93.2,71.1
203,590820,1985,10,21,62.3,64.4,57.6
204,590820,1985,11,10,61.2,70.0,52.9
205,590820,1985,11,12,68.4,78.1,59.9
206,590820,1985,11,19,62.3,77.4,49.8
207,590820,1985,11,25,58.4,69.3,48.9
208,590820,1985,12,2,59.8,71.6,52.9
209,590820,1985,12,17,45.3,61.7,33.4
210,590820,1985,12,23,46.6,61.7,35.4
211,590820,1985,12,25,46.6,64.9,33.8
212,590820,1985,12,28,55.9,70.9,43.2
213,590820,1985,3,16,51.5,55.8,48.0
214,590820,1985,9,20,80.9,87.8,72.7
215,590820,1985,1,18,52.6,64.8,42.1
216,590820,1985,3,18,51.9,54.9,50.0
217,590820,1985,10,31,70.7,79.2,63.0
218,590820,1985,12,15,45.9,57.2,35.8
219,590820,1985,5,17,81.7,90.1,74.1
220,590820,1985,2,9,56.3,64.4,52.0
221,590820,1985,3,15,50.5,57.4,46.2
222,590820,1985,6,20,82.9,89.6,78.6
223,590820,1985,8,29,79.7,89.1,74.8
224,590820,1985,9,2,79.9,89.1,73.4
225,590820,1985,10,1,74.7,86.9,62.2
226,590820,1985,10,18,71.5,81.5,65.3
227,590820,1985,4,24,80.9,89.8,73.6
228,590820,1985,10,17,71.9,79.3,66.2
229,590820,1985,11,1,68.4,79.2,58.6
230,590820,1985,12,6,61.9,68.9,54.7
231,590820,1985,11,30,54.4,64.4,48.9
232,590820,1985,12,22,46.6,56.3,36.3
233,590820,1985,6,29,86.1,96.8,78.8
234,590820,1985,3,8,56.2,69.1,47.5
235,590820,1985,7,6,85.2,94.1,76.6
236,590820,1985,8,2,86.1,95.5,80.4
237,590820,1985,8,3,85.4,97.0,79.3
238,590820,1985,8,7,88.5,98.6,80.1
239,590820,1985,8,22,85.5,93.2,79.9
240,590820,1985,10,16,81.7,93.6,72.7
241,590820,1985,10,19,69.9,79.3,64.4
242,590820,1985,11,17,61.5,73.4,52.5
243,590820,1985,5,20,76.8,83.5,71.8
244,590820,1985,7,5,85.7,91.8,79.5
245,590820,1985,10,26,73.1,81.1,67.3
246,590820,1985,4,14,59.8,64.0,56.7
247,590820,1985,3,25,64.1,70.7,59.0
248,590820,1985,3,1,54.9,57.9,50.7
249,590820,1985,3,13,44.0,45.7,41.7
250,590820,1985,7,11,84.9,93.9,78.1
251,590820,1985,11,14,64.1,72.0,57.0
252,590820,1985,11,21,70.5,77.0,64.0
253,590820,1985,6,5,83.5,89.8,77.5
254,590820,1985,3,12,42.9,45.3,39.9
255,590820,1985,4,8,69.4,75.2,60.8
256,590820,1985,2,21,41.6,44.1,39.7
257,590820,1985,3,7,56.8,58.1,53.8
258,590820,1985,3,26,66.5,71.2,62.2
259,590820,1985,4,3,60.8,69.6,55.4
260,590820,1985,4,9,72.6,77.7,67.5
261,590820,1985,4,19,66.0,70.0,64.8
262,590820,1985,7,26,78.4,86.9,73.6
263,590820,1985,7,30,80.8,95.0,76.3
264,590820,1985,8,9,87.6,96.4,79.2
265,590820,1985,8,16,85.9,96.3,79.7
266,590820,1985,8,28,81.5,91.4,75.6
267,590820,1985,9,5,82.6,89.6,78.3
268,590820,1985,9,8,83.0,92.1,76.6
269,590820,1985,9,19,77.1,86.7,69.8
270,590820,1985,9,29,74.2,79.3,71.1
271,590820,1985,9,30,75.0,81.9,71.2
272,590820,1985,11,27,69.1,77.5,63.1
273,590820,1985,11,29,53.1,57.7,50.4
274,590820,1985,12,1,55.5,63.5,48.4
275,590820,1985,5,30,75.5,81.1,69.3
276,590820,1985,9,10,77.9,88.3,72.3
277,590820,1985,2,12,56.9,61.5,52.0
278,590820,1985,6,23,89.7,97.2,83.1
279,590820,1985,3,27,70.6,78.3,64.9
280,590820,1985,4,26,60.9,77.0,57.6
281,590820,1985,6,11,83.4,90.3,78.3
282,590820,1985,9,28,76.2,84.2,70.7
283,590820,1985,4,12,60.2,64.8,58.5
284,590820,1985,1,6,44.9,46.8,42.6
285,590820,1985,1,16,48.7,51.3,45.9
286,590820,1985,1,31,48.0,54.3,41.4
287,590820,1985,2,6,66.3,75.9,59.5
288,590820,1985,2,8,57.7,64.4,52.7
289,590820,1985,2,11,52.2,54.9,49.1
290,590820,1985,2,18,44.2,46.4,42.3
291,590820,1985,2,20,43.1,46.4,39.0
292,590820,1985,2,27,44.4,46.9,41.7
293,590820,1985,3,14,46.3,48.6,43.5
294,590820,1985,3,20,52.1,54.3,49.8
295,590820,1985,4,1,51.5,53.6,48.6
296,590820,1985,4,2,56.0,58.8,51.3
297,590820,1985,4,15,60.5,62.6,58.1
298,590820,1985,4,18,73.6,81.9,63.1
299,590820,1985,4,29,75.4,83.5,63.1
300,590820,1985,5,3,77.7,84.9,71.2
301,590820,1985,5,4,81.2,88.3,75.0
302,590820,1985,6,9,83.2,91.0,71.2
303,590820,1985,7,4,83.4,91.0,77.7
304,590820,1985,8,14,83.8,96.3,79.0
305,590820,1985,8,25,78.6,82.4,77.5
306,590820,1985,9,21,81.5,90.0,75.9
307,590820,1985,9,24,71.5,79.5,63.9
308,590820,1985,9,27,77.7,86.9,70.3
309,590820,1985,10,9,80.5,91.4,73.2
310,590820,1985,11,22,76.0,86.0,67.3
311,590820,1985,5,24,74.2,76.5,72.5
312,590820,1985,6,1,74.9,80.6,69.6
313,590820,1985,9,11,79.4,89.8,73.0
314,590820,1985,12,4,69.0,80.2,57.0
315,590820,1985,7,28,83.5,94.6,76.6
316,590820,1985,8,26,80.9,86.4,78.3
317,590820,1985,1,7,41.5,46.8,38.3
318,590820,1985,6,21,84.0,91.0,77.4
319,590820,1985,1,22,62.9,67.6,58.6
320,590820,1985,2,17,50.9,58.5,42.6
321,590820,1985,2,25,46.4,48.6,44.2
322,590820,1985,4,13,59.9,63.9,57.2
323,590820,1985,12,10,40.3,47.3,37.6
324,590820,1985,5,28,68.5,70.7,67.1
325,590820,1985,4,5,63.6,65.7,62.8
326,590820,1985,7,21,83.1,92.3,77.4
327,590820,1985,1,3,47.7,53.6,43.0
328,590820,1985,2,10,54.9,60.8,50.4
329,590820,1985,2,14,57.9,61.3,56.8
330,590820,1985,2,19,43.9,48.7,39.0
331,590820,1985,3,3,47.5,50.0,46.0
332,590820,1985,3,4,47.3,49.6,45.3
333,590820,1985,3,10,47.5,51.3,43.0
334,590820,1985,4,10,68.7,74.7,62.6
335,590820,1985,5,19,82.1,95.7,74.7
336,590820,1985,7,23,79.2,91.6,73.2
337,590820,1985,8,10,83.4,95.0,77.9
338,590820,1985,8,13,85.5,99.5,79.3
339,590820,1985,8,19,82.6,96.3,76.6
340,590820,1985,11,16,61.0,65.1,56.5
341,590820,1985,11,23,65.8,86.0,49.6
342,590820,1985,12,30,53.6,64.0,48.7
343,590820,1985,6,12,82.2,91.4,75.2
344,590820,1985,9,12,75.4,81.9,73.2
345,590820,1985,7,8,81.1,98.2,74.7
346,590820,1985,2,5,61.3,65.7,59.9
347,590820,1985,2,26,44.8,48.4,42.1
348,590820,1985,5,31,74.4,79.7,70.2
349,590820,1985,7,19,82.7,93.9,76.8
350,590820,1985,1,5,46.2,49.3,43.2
351,590820,1985,1,15,50.2,55.0,47.1
352,590820,1985,1,29,44.8,47.7,41.5
353,590820,1985,3,2,53.0,60.3,46.9
354,590820,1985,3,11,42.1,45.5,40.3
355,590820,1985,5,14,84.8,91.4,79.7
356,590820,1985,5,15,81.1,90.9,71.2
357,590820,1985,5,23,75.5,81.5,73.0
358,590820,1985,6,24,83.8,89.1,78.3
359,590820,1985,8,24,81.5,90.9,77.7
360,590820,1985,9,1,77.0,85.5,74.3
361,590820,1985,9,22,78.8,84.4,72.3
362,590820,1985,11,13,63.6,70.0,57.6
363,590820,1985,12,31,43.5,51.3,38.7
364,590820,1985,9,13,78.3,85.1,74.5
0,590820,1986,7,8,87.9,95.9,77.0
1,590820,1986,2,8,48.7,59.0,33.6
2,590820,1986,1,7,47.3,62.8,32.4
3,590820,1986,8,28,84.7,95.0,74.8
4,590820,1986,9,27,82.7,95.5,70.0
5,590820,1986,10,21,77.7,89.2,66.9
6,590820,1986,5,14,82.3,91.4,74.3
7,590820,1986,12,25,61.9,70.7,50.2
8,590820,1986,2,13,64.0,71.6,59.7
9,590820,1986,1,4,48.7,59.4,39.4
10,590820,1986,1,12,54.0,72.1,39.9
11,590820,1986,1,13,55.2,67.6,43.2
12,590820,1986,1,14,54.0,62.6,47.3
13,590820,1986,1,27,49.1,61.0,37.8
14,590820,1986,1,29,57.6,72.9,45.1
15,590820,1986,2,12,62.7,72.9,41.2
16,590820,1986,4,6,68.5,75.0,61.3
17,590820,1986,4,10,79.4,86.9,72.1
18,590820,1986,5,3,69.5,77.0,59.0
19,590820,1986,6,21,86.2,93.2,79.3
20,590820,1986,6,29,86.1,94.1,77.4
21,590820,1986,7,4,85.3,92.3,78.8
22,590820,1986,7,17,85.5,93.2,79.2
23,590820,1986,8,6,84.8,96.8,76.6
24,590820,1986,8,7,86.5,98.2,77.4
25,590820,1986,8,17,88.5,99.0,77.9
26,590820,1986,8,24,85.4,95.0,75.7
27,590820,1986,9,3,85.8,97.3,75.9
28,590820,1986,9,10,85.8,95.5,77.7
29,590820,1986,9,11,87.2,97.9,77.2
30,590820,1986,9,15,83.3,93.2,77.2
31,590820,1986,9,25,79.5,93.7,66.6
32,590820,1986,10,9,77.8,86.9,67.5
33,590820,1986,10,12,76.8,86.0,66.7
34,590820,1986,10,15,75.0,91.9,62.2
35,590820,1986,10,20,73.5,83.7,65.7
36,590820,1986,11,5,67.0,81.5,55.6
37,590820,1986,11,22,63.0,68.9,55.6
38,590820,1986,11,23,65.2,70.7,60.3
39,590820,1986,11,28,54.9,63.1,47.1
40,590820,1986,12,1,56.9,67.5,41.9
41,590820,1986,12,2,62.6,68.0,54.3
42,590820,1986,12,10,54.9,65.1,43.3
43,590820,1986,12,20,49.7,53.8,42.8
44,590820,1986,12,29,59.0,68.0,40.1
45,590820,1986,6,10,81.0,87.1,75.7
46,590820,1986,5,22,74.9,82.8,66.7
47,590820,1986,5,23,80.1,89.6,70.3
48,590820,1986,6,30,88.8,95.9,80.2
49,590820,1986,9,7,82.0,92.1,75.7
50,590820,1986,2,7,43.1,50.4,35.4
51,590820,1986,10,29,57.7,65.5,48.9
52,590820,1986,3,4,52.4,66.9,42.8
53,590820,1986,9,24,77.2,92.8,68.0
54,590820,1986,7,19,84.4,95.4,78.8
55,590820,1986,5,28,81.9,91.4,77.0
56,590820,1986,1,6,44.1,55.8,34.0
57,590820,1986,1,31,55.2,63.3,49.5
58,590820,1986,2,21,52.9,62.1,44.8
59,590820,1986,4,30,79.2,89.2,72.9
60,590820,1986,6,23,84.3,95.0,78.1
61,590820,1986,8,22,83.8,94.8,76.1
62,590820,1986,9,16,79.8,88.2,73.6
63,590820,1986,9,18,78.9,90.1,68.5
64,590820,1986,10,11,73.9,81.9,68.4
65,590820,1986,11,9,58.9,69.8,48.6
66,590820,1986,11,18,62.0,71.6,56.1
67,590820,1986,11,21,62.4,71.6,56.3
68,590820,1986,11,27,53.9,62.1,48.2
69,590820,1986,11,29,51.9,58.3,47.3
70,590820,1986,12,8,55.8,64.9,46.4
71,590820,1986,12,21,53.8,62.2,46.2
72,590820,1986,12,27,55.5,66.7,44.1
73,590820,1986,1,1,44.6,55.0,36.7
74,590820,1986,8,27,84.4,92.3,76.5
75,590820,1986,11,26,54.1,58.1,50.0
76,590820,1986,2,14,61.9,63.1,59.7
77,590820,1986,3,28,61.9,66.2,57.9
78,590820,1986,4,2,60.3,61.7,57.7
79,590820,1986,6,4,80.8,90.5,75.7
80,590820,1986,3,13,67.1,71.2,64.0
81,590820,1986,3,29,63.5,66.9,60.3
82,590820,1986,3,31,58.6,63.3,52.3
83,590820,1986,4,8,69.9,75.2,65.8
84,590820,1986,4,13,70.1,73.4,66.7
85,590820,1986,4,18,71.8,79.7,64.8
86,590820,1986,4,19,75.4,80.6,69.4
87,590820,1986,4,20,74.8,81.7,68.9
88,590820,1986,5,9,82.7,91.8,73.4
89,590820,1986,6,11,82.1,90.7,74.8
90,590820,1986,6,28,81.1,90.0,76.3
91,590820,1986,7,3,83.2,93.2,78.1
92,590820,1986,8,12,81.6,90.0,74.7
93,590820,1986,9,4,85.3,96.8,75.2
94,590820,1986,9,5,81.5,90.5,76.5
95,590820,1986,11,6,70.9,82.8,58.6
96,590820,1986,11,13,64.4,66.7,60.6
97,590820,1986,6,17,79.1,83.3,75.0
98,590820,1986,10,27,63.2,65.1,61.2
99,590820,1986,5,19,79.9,89.6,76.8
100,590820,1986,5,26,80.8,91.9,75.4
101,590820,1986,8,2,80.2,96.4,75.2
102,590820,1986,1,3,48.7,53.8,42.6
103,590820,1986,2,17,49.7,55.0,46.2
104,590820,1986,2,25,52.7,58.1,49.5
105,590820,1986,2,26,51.6,56.3,48.4
106,590820,1986,3,9,62.7,70.3,57.6
107,590820,1986,3,18,53.8,69.3,51.4
108,590820,1986,4,16,63.5,67.6,62.2
109,590820,1986,4,21,69.2,74.3,65.8
110,590820,1986,4,25,75.4,80.2,72.5
111,590820,1986,5,2,62.6,65.3,61.5
112,590820,1986,6,24,82.5,94.5,77.4
113,590820,1986,7,2,82.0,92.1,78.4
114,590820,1986,7,20,81.4,94.1,76.1
115,590820,1986,9,2,83.9,98.1,76.8
116,590820,1986,10,23,67.7,72.9,64.6
117,590820,1986,11,24,63.1,68.7,58.5
118,590820,1986,3,21,54.1,57.7,52.2
119,590820,1986,7,12,76.3,80.1,74.7
120,590820,1986,12,16,64.9,76.3,56.5
121,590820,1986,7,26,87.2,93.4,79.0
122,590820,1986,7,9,89.7,99.0,80.8
123,590820,1986,11,3,68.2,81.0,54.3
124,590820,1986,1,8,48.8,68.2,33.8
125,590820,1986,1,9,50.3,67.6,36.3
126,590820,1986,1,10,51.5,68.4,40.3
127,590820,1986,1,20,59.3,68.4,49.8
128,590820,1986,1,30,63.8,77.9,50.7
129,590820,1986,2,6,44.9,51.1,41.2
130,590820,1986,2,10,51.3,66.2,39.6
131,590820,1986,2,20,53.4,63.0,46.9
132,590820,1986,3,3,50.2,64.0,34.3
133,590820,1986,3,6,58.4,77.0,40.8
134,590820,1986,3,10,64.1,74.5,57.0
135,590820,1986,4,22,70.8,76.8,65.8
136,590820,1986,5,4,73.8,82.0,66.2
137,590820,1986,5,7,74.8,83.3,68.0
138,590820,1986,7,5,85.3,95.0,79.9
139,590820,1986,7,18,86.8,95.0,79.3
140,590820,1986,7,25,85.9,94.1,78.8
141,590820,1986,7,28,87.1,95.9,78.8
142,590820,1986,8,3,85.0,96.8,74.5
143,590820,1986,8,23,85.1,96.3,74.8
144,590820,1986,8,25,85.2,94.5,73.9
145,590820,1986,8,29,85.8,96.3,76.1
146,590820,1986,8,31,84.7,95.0,78.3
147,590820,1986,9,19,78.3,89.6,67.6
148,590820,1986,9,23,78.0,93.4,63.9
149,590820,1986,9,26,81.0,95.4,68.5
150,590820,1986,10,24,72.5,79.5,64.4
151,590820,1986,10,31,60.5,75.7,47.1
152,590820,1986,11,2,64.8,80.8,52.0
153,590820,1986,11,20,63.7,69.3,55.8
154,590820,1986,12,12,57.9,72.9,46.0
155,590820,1986,12,15,64.8,85.3,58.5
156,590820,1986,12,24,58.4,71.6,46.0
157,590820,1986,5,25,85.9,94.3,76.6
158,590820,1986,2,2,47.8,50.9,45.7
159,590820,1986,3,2,47.1,58.6,36.3
160,590820,1986,12,11,54.3,68.4,43.0
161,590820,1986,11,10,59.3,69.4,46.9
162,590820,1986,1,16,52.7,70.3,41.4
163,590820,1986,7,1,89.2,97.9,81.7
164,590820,1986,7,24,85.5,93.6,77.0
165,590820,1986,7,27,85.9,95.9,79.3
166,590820,1986,9,9,86.0,94.6,76.8
167,590820,1986,9,29,81.4,90.7,69.4
168,590820,1986,10,7,74.1,86.0,62.2
169,590820,1986,11,19,63.2,70.7,55.4
170,590820,1986,8,19,87.8,96.8,80.6
171,590820,1986,7,10,90.4,97.7,80.2
172,590820,1986,1,11,51.8,69.4,39.9
173,590820,1986,1,28,52.3,64.6,43.2
174,590820,1986,2,11,53.5,70.9,40.5
175,590820,1986,2,19,50.7,57.4,42.1
176,590820,1986,3,1,38.6,43.2,33.6
177,590820,1986,3,5,55.0,73.0,39.9
178,590820,1986,3,7,61.4,77.7,46.9
179,590820,1986,3,11,67.6,79.7,57.6
180,590820,1986,4,4,65.9,69.1,61.0
181,590820,1986,4,9,76.5,84.6,67.5
182,590820,1986,4,29,79.2,89.6,68.2
183,590820,1986,5,17,82.3,91.4,68.9
184,590820,1986,6,15,84.4,91.8,75.7
185,590820,1986,6,20,84.8,93.6,76.6
186,590820,1986,7,16,84.4,92.3,75.2
187,590820,1986,7,23,84.3,93.2,76.6
188,590820,1986,7,30,88.2,99.5,78.1
189,590820,1986,8,4,82.8,94.1,76.5
190,590820,1986,8,9,87.8,97.7,76.8
191,590820,1986,8,13,85.0,94.1,77.0
192,590820,1986,8,15,83.9,95.0,73.2
193,590820,1986,8,16,85.3,97.3,77.0
194,590820,1986,8,18,87.6,96.3,81.0
195,590820,1986,8,26,85.8,95.4,79.5
196,590820,1986,9,12,88.2,97.9,79.0
197,590820,1986,9,21,76.8,91.4,64.0
198,590820,1986,9,22,76.5,90.9,63.5
199,590820,1986,10,2,72.7,86.5,59.7
200,590820,1986,10,4,73.9,81.1,67.6
201,590820,1986,10,8,76.5,89.1,65.8
202,590820,1986,10,14,75.8,90.9,62.2
203,590820,1986,10,16,79.4,93.6,61.5
204,590820,1986,11,1,63.3,79.5,49.5
205,590820,1986,11,14,72.0,82.4,62.6
206,590820,1986,11,17,59.4,64.0,54.3
207,590820,1986,12,9,54.1,65.7,44.2
208,590820,1986,12,13,63.1,73.9,49.3
209,590820,1986,12,14,65.2,76.5,56.1
210,590820,1986,12,19,47.8,55.9,40.5
211,590820,1986,12,23,56.0,71.1,42.4
212,590820,1986,10,30,57.7,71.6,47.7
213,590820,1986,1,2,48.7,58.3,35.4
214,590820,1986,5,24,82.2,96.6,74.3
215,590820,1986,5,30,83.5,92.8,74.5
216,590820,1986,5,31,82.6,88.5,76.1
217,590820,1986,6,1,84.9,92.3,79.0
218,590820,1986,5,8,80.2,90.5,68.5
219,590820,1986,9,8,83.1,92.8,76.5
220,590820,1986,12,3,61.1,69.8,48.2
221,590820,1986,1,15,51.9,66.6,44.2
222,590820,1986,10,5,75.0,84.9,66.6
223,590820,1986,9,13,85.6,93.7,79.7
224,590820,1986,1,19,55.7,64.9,50.2
225,590820,1986,2,9,48.2,53.6,42.1
226,590820,1986,4,11,73.5,82.0,66.4
227,590820,1986,5,15,79.8,90.9,72.1
228,590820,1986,5,16,80.4,92.3,70.2
229,590820,1986,7,6,84.1,94.3,77.2
230,590820,1986,9,20,78.0,90.9,65.7
231,590820,1986,10,13,74.7,86.4,64.0
232,590820,1986,10,22,71.3,80.6,66.9
233,590820,1986,11,25,59.5,64.8,55.6
234,590820,1986,11,30,52.2,60.1,44.2
235,590820,1986,12,7,57.0,60.8,54.0
236,590820,1986,12,30,64.1,68.0,59.5
237,590820,1986,5,27,82.9,92.3,76.6
238,590820,1986,12,18,45.3,48.7,42.6
239,590820,1986,12,28,51.7,63.7,41.2
240,590820,1986,9,14,86.4,93.7,77.5
241,590820,1986,12,31,64.3,73.8,57.7
242,590820,1986,9,17,80.6,90.9,72.0
243,590820,1986,12,4,54.9,70.0,44.6
244,590820,1986,10,1,71.4,80.8,62.1
245,590820,1986,1,5,44.6,55.4,36.1
246,590820,1986,7,14,82.7,90.5,76.8
247,590820,1986,7,15,83.4,92.3,76.1
248,590820,1986,7,29,87.5,97.3,79.0
249,590820,1986,7,31,88.2,102.2,78.3
250,590820,1986,9,28,76.8,84.7,70.7
251,590820,1986,10,6,74.1,86.5,63.1
252,590820,1986,11,4,66.3,79.2,56.8
253,590820,1986,12,22,51.2,63.0,43.3
254,590820,1986,12,26,59.8,65.5,53.2
255,590820,1986,9,30,72.0,77.9,67.8
256,590820,1986,6,3,80.8,89.6,74.7
257,590820,1986,1,23,48.8,54.0,43.3
258,590820,1986,5,12,77.7,86.0,72.1
259,590820,1986,9,1,84.3,97.7,79.5
260,590820,1986,10,19,69.2,74.3,64.9
261,590820,1986,2,24,56.5,64.9,47.1
262,590820,1986,3,8,64.6,75.4,50.2
263,590820,1986,3,22,54.4,60.3,51.3
264,590820,1986,3,23,56.0,61.2,51.4
265,590820,1986,3,25,55.2,57.6,52.9
266,590820,1986,4,1,58.3,60.8,57.0
267,590820,1986,4,3,63.8,67.1,60.3
268,590820,1986,4,7,72.3,79.7,65.3
269,590820,1986,4,12,69.7,74.1,63.0
270,590820,1986,4,26,79.9,88.2,71.8
271,590820,1986,4,28,69.1,74.3,64.4
272,590820,1986,6,8,79.6,85.5,74.8
273,590820,1986,6,9,80.6,89.6,75.9
274,590820,1986,6,14,81.1,90.3,73.6
275,590820,1986,6,18,78.2,81.5,75.9
276,590820,1986,6,22,83.0,90.3,77.5
277,590820,1986,7,13,79.5,84.9,74.5
278,590820,1986,7,21,79.5,87.8,75.7
279,590820,1986,8,5,82.9,95.2,76.3
280,590820,1986,10,25,78.3,86.4,69.4
281,590820,1986,11,11,64.6,77.9,48.6
282,590820,1986,11,12,62.2,66.6,57.4
283,590820,1986,2,4,45.9,49.8,42.3
284,590820,1986,3,26,57.1,59.7,55.0
285,590820,1986,5,13,80.8,88.7,75.4
286,590820,1986,6,13,75.6,77.0,73.8
287,590820,1986,6,27,79.9,88.2,76.8
288,590820,1986,10,3,75.2,86.9,64.9
289,590820,1986,5,6,71.8,77.2,66.7
290,590820,1986,7,7,82.8,95.9,76.8
291,590820,1986,8,20,88.0,97.0,79.5
292,590820,1986,12,5,57.9,64.0,43.7
293,590820,1986,6,5,80.6,92.3,76.1
294,590820,1986,1,17,58.7,67.1,48.0
295,590820,1986,1,25,46.1,49.1,45.1
296,590820,1986,2,16,53.1,54.5,50.7
297,590820,1986,2,22,51.1,56.7,44.1
298,590820,1986,3,14,69.6,73.4,65.5
299,590820,1986,3,17,63.4,71.4,57.0
300,590820,1986,3,19,54.1,58.3,50.9
301,590820,1986,3,20,54.9,57.0,52.2
302,590820,1986,3,24,54.3,58.5,51.3
303,590820,1986,4,15,69.0,75.6,65.8
304,590820,1986,4,17,65.3,66.9,61.9
305,590820,1986,4,23,69.1,71.4,66.6
306,590820,1986,5,11,73.9,75.6,71.4
307,590820,1986,6,7,77.6,82.2,73.0
308,590820,1986,6,19,80.0,87.6,76.3
309,590820,1986,6,25,84.3,91.6,76.5
310,590820,1986,6,26,79.5,82.0,76.3
311,590820,1986,10,17,77.7,88.7,70.3
312,590820,1986,11,16,56.1,60.3,50.7
313,590820,1986,12,6,58.1,60.3,55.0
314,590820,1986,7,22,81.9,91.2,75.4
315,590820,1986,3,27,58.1,58.5,56.7
316,590820,1986,3,12,67.1,72.7,62.2
317,590820,1986,4,24,75.5,80.2,68.0
318,590820,1986,5,18,81.1,87.8,77.0
319,590820,1986,1,21,58.5,65.7,50.7
320,590820,1986,3,16,61.2,68.0,57.4
321,590820,1986,8,21,82.2,94.6,77.2
322,590820,1986,11,7,62.7,69.3,59.7
323,590820,1986,6,2,81.2,93.9,75.0
324,590820,1986,1,18,54.0,59.9,50.7
325,590820,1986,2,1,46.6,50.4,45.9
326,590820,1986,2,5,44.3,47.7,42.1
327,590820,1986,2,15,56.1,62.1,51.3
328,590820,1986,2,27,42.2,50.4,38.7
329,590820,1986,2,28,37.2,40.1,34.3
330,590820,1986,4,5,63.9,66.9,61.5
331,590820,1986,5,10,73.2,80.6,72.0
332,590820,1986,5,20,79.5,89.6,72.7
333,590820,1986,6,6,77.8,84.9,74.7
334,590820,1986,6,16,85.1,92.5,75.9
335,590820,1986,7,11,85.9,93.2,76.8
336,590820,1986,8,1,82.3,100.9,76.8
337,590820,1986,8,8,82.6,94.1,77.2
338,590820,1986,8,11,76.3,82.4,75.0
339,590820,1986,8,30,85.1,94.5,78.8
340,590820,1986,9,6,80.0,90.9,75.9
341,590820,1986,10,18,73.2,86.5,65.5
342,590820,1986,11,8,60.0,68.5,55.0
343,590820,1986,12,17,52.7,64.4,45.1
344,590820,1986,2,3,45.1,48.2,42.6
345,590820,1986,4,27,76.9,88.2,66.0
346,590820,1986,5,29,80.8,88.5,75.6
347,590820,1986,5,21,69.7,76.1,67.1
348,590820,1986,2,23,48.4,50.5,47.7
349,590820,1986,10,10,73.6,79.3,70.2
350,590820,1986,1,22,47.6,54.5,43.7
351,590820,1986,1,24,48.4,51.4,46.2
352,590820,1986,2,18,47.2,50.9,44.8
353,590820,1986,3,15,69.6,73.0,65.5
354,590820,1986,3,30,58.6,68.9,52.5
355,590820,1986,4,14,72.0,78.4,66.2
356,590820,1986,5,1,74.8,87.3,63.9
357,590820,1986,5,5,69.1,73.4,66.9
358,590820,1986,6,12,81.5,91.2,75.0
359,590820,1986,8,10,84.9,92.5,77.5
360,590820,1986,8,14,81.0,97.5,75.4
361,590820,1986,10,26,72.4,84.2,61.7
362,590820,1986,1,26,47.3,52.2,39.7
363,590820,1986,10,28,62.2,67.3,54.3
364,590820,1986,11,15,57.7,70.7,50.9
0,590820,1987,8,19,86.0,95.7,77.9
1,590820,1987,1,20,52.5,53.4,45.7
2,590820,1987,4,24,83.7,89.1,75.9
3,590820,1987,7,16,88.8,96.1,78.3
4,590820,1987,6,17,79.7,86.7,74.1
5,590820,1987,1,1,66.2,75.2,57.0
6,590820,1987,2,13,71.6,79.3,60.6
7,590820,1987,9,13,83.7,92.8,75.7
8,590820,1987,8,4,86.1,95.2,80.6
9,590820,1987,8,17,84.5,92.3,77.9
10,590820,1987,8,18,85.7,94.6,77.5
11,590820,1987,12,19,57.3,67.6,43.5
12,590820,1987,4,21,79.6,87.4,70.2
13,590820,1987,1,7,58.3,72.1,48.4
14,590820,1987,1,24,50.9,54.7,48.0
15,590820,1987,1,31,59.6,72.3,47.7
16,590820,1987,2,5,55.3,68.7,41.5
17,590820,1987,2,14,73.2,80.6,68.0
18,590820,1987,3,5,68.9,77.0,58.5
19,590820,1987,3,13,75.3,79.7,59.7
20,590820,1987,4,16,69.1,77.9,59.9
21,590820,1987,4,18,76.1,86.4,64.0
22,590820,1987,4,29,76.0,82.4,66.7
23,590820,1987,4,30,79.0,83.3,74.3
24,590820,1987,5,28,72.6,77.5,68.9
25,590820,1987,5,29,75.9,82.4,68.5
26,590820,1987,6,10,78.5,87.8,67.8
27,590820,1987,6,11,79.4,85.1,73.0
28,590820,1987,6,23,87.4,94.1,80.2
29,590820,1987,7,1,86.6,95.2,78.3
30,590820,1987,7,9,86.5,94.1,79.2
31,590820,1987,7,19,87.7,95.4,81.1
32,590820,1987,7,21,90.8,99.1,82.0
33,590820,1987,7,27,85.5,93.6,77.0
34,590820,1987,8,7,88.2,96.8,82.4
35,590820,1987,9,15,86.2,95.9,76.6
36,590820,1987,9,17,83.4,91.9,75.6
37,590820,1987,10,4,79.9,88.7,72.1
38,590820,1987,10,26,69.0,75.4,63.0
39,590820,1987,10,31,79.0,88.0,68.9
40,590820,1987,12,3,48.9,56.7,35.4
41,590820,1987,12,23,56.5,72.0,41.9
42,590820,1987,12,31,59.3,68.2,53.1
43,590820,1987,5,14,73.0,78.8,68.4
44,590820,1987,2,3,53.8,65.1,45.9
45,590820,1987,12,18,51.3,66.7,36.3
46,590820,1987,9,22,74.8,81.5,67.3
47,590820,1987,1,9,57.7,72.0,43.3
48,590820,1987,8,12,80.5,90.1,71.8
49,590820,1987,5,1,79.8,85.5,76.3
50,590820,1987,7,20,89.4,97.5,81.9
51,590820,1987,8,3,85.6,92.5,79.2
52,590820,1987,8,28,86.7,92.1,79.5
53,590820,1987,10,16,74.5,84.2,65.8
54,590820,1987,12,9,50.3,68.0,37.0
55,590820,1987,1,17,65.3,78.4,55.9
56,590820,1987,12,24,57.5,74.5,40.8
57,590820,1987,12,25,62.0,78.4,50.2
58,590820,1987,6,9,73.4,81.5,61.9
59,590820,1987,1,6,52.7,64.9,40.8
60,590820,1987,1,15,59.7,71.6,43.3
61,590820,1987,1,16,64.9,77.0,55.2
62,590820,1987,1,28,51.5,65.5,36.5
63,590820,1987,3,2,60.6,75.2,47.7
64,590820,1987,3,7,76.5,86.4,63.7
65,590820,1987,3,30,65.5,73.9,57.6
66,590820,1987,4,8,70.6,77.5,64.4
67,590820,1987,4,9,75.6,84.6,65.3
68,590820,1987,4,19,78.9,86.9,70.3
69,590820,1987,5,12,83.8,91.0,76.6
70,590820,1987,5,23,83.1,91.6,75.2
71,590820,1987,5,25,83.4,89.4,78.4
72,590820,1987,6,12,80.9,86.9,74.7
73,590820,1987,7,6,86.2,95.5,78.8
74,590820,1987,7,10,87.1,96.4,80.8
75,590820,1987,7,17,89.4,99.3,81.1
76,590820,1987,8,6,89.3,97.7,81.0
77,590820,1987,8,13,84.3,94.6,75.4
78,590820,1987,8,31,85.5,97.0,77.4
79,590820,1987,9,2,86.3,95.7,79.9
80,590820,1987,9,28,75.2,82.4,65.5
81,590820,1987,9,29,78.4,86.0,71.4
82,590820,1987,10,25,64.8,68.0,61.7
83,590820,1987,10,29,74.4,83.5,67.3
84,590820,1987,11,8,57.9,63.5,52.5
85,590820,1987,11,10,63.3,77.0,52.5
86,590820,1987,11,19,64.1,72.3,56.1
87,590820,1987,11,30,41.3,45.5,37.2
88,590820,1987,12,4,50.6,57.6,46.4
89,590820,1987,12,7,44.5,56.3,33.4
90,590820,1987,12,8,47.8,62.1,35.4
91,590820,1987,12,17,48.5,62.8,36.0
92,590820,1987,5,17,76.4,85.1,68.7
93,590820,1987,6,8,68.2,75.0,62.2
94,590820,1987,1,27,48.2,62.6,36.0
95,590820,1987,2,6,62.7,76.8,47.7
96,590820,1987,3,31,69.5,79.3,61.9
97,590820,1987,4,15,63.5,71.8,53.6
98,590820,1987,8,5,88.3,96.8,80.6
99,590820,1987,11,26,76.7,86.9,69.6
100,590820,1987,1,3,52.1,60.3,50.0
101,590820,1987,1,14,53.6,66.9,44.8
102,590820,1987,1,18,65.3,76.3,52.5
103,590820,1987,1,25,48.3,51.3,46.0
104,590820,1987,4,20,75.1,80.2,71.1
105,590820,1987,8,29,82.4,95.7,77.2
106,590820,1987,9,5,84.8,93.4,78.8
107,590820,1987,10,14,77.9,90.1,70.5
108,590820,1987,10,15,71.3,77.5,67.5
109,590820,1987,9,27,69.1,72.5,66.2
110,590820,1987,12,5,48.5,56.3,41.7
111,590820,1987,9,8,83.5,91.8,74.8
112,590820,1987,2,7,63.6,77.7,52.5
113,590820,1987,9,6,83.6,91.9,76.6
114,590820,1987,1,12,54.1,65.8,45.5
115,590820,1987,7,11,88.0,97.0,80.4
116,590820,1987,1,2,67.3,79.9,53.1
117,590820,1987,1,11,58.3,68.0,51.8
118,590820,1987,2,15,69.8,79.0,63.5
119,590820,1987,3,6,71.6,76.1,66.6
120,590820,1987,5,13,78.4,87.4,71.2
121,590820,1987,10,5,81.0,91.4,72.7
122,590820,1987,11,13,66.6,74.1,60.4
123,590820,1987,12,16,49.8,62.8,38.3
124,590820,1987,6,25,84.2,92.5,81.3
125,590820,1987,12,2,42.3,48.9,37.2
126,590820,1987,10,13,81.9,89.6,76.3
127,590820,1987,11,16,63.8,65.5,60.4
128,590820,1987,3,18,68.2,72.3,63.5
129,590820,1987,3,21,66.9,73.9,61.7
130,590820,1987,3,28,52.5,54.1,48.9
131,590820,1987,4,13,52.1,54.9,49.8
132,590820,1987,7,14,84.6,98.1,78.3
133,590820,1987,8,9,77.1,81.1,74.7
134,590820,1987,11,22,69.0,72.5,65.1
135,590820,1987,12,29,68.0,76.5,63.3
136,590820,1987,5,3,66.9,69.1,64.0
137,590820,1987,2,1,60.6,71.4,54.1
138,590820,1987,2,21,47.6,51.6,43.7
139,590820,1987,2,22,46.4,47.7,43.3
140,590820,1987,2,23,49.7,51.1,46.4
141,590820,1987,3,4,58.3,59.7,55.6
142,590820,1987,3,16,57.9,59.5,53.1
143,590820,1987,3,22,66.7,68.7,63.1
144,590820,1987,3,27,48.8,49.8,46.2
145,590820,1987,6,4,76.4,80.2,73.0
146,590820,1987,6,5,76.9,80.6,75.2
147,590820,1987,6,20,83.8,90.3,78.6
148,590820,1987,6,26,87.1,95.7,78.3
149,590820,1987,7,29,76.8,82.0,73.0
150,590820,1987,8,16,82.3,92.1,77.4
151,590820,1987,9,16,83.0,93.4,75.9
152,590820,1987,10,20,65.5,72.7,58.5
153,590820,1987,10,27,70.0,76.8,64.9
154,590820,1987,11,11,62.3,65.5,55.6
155,590820,1987,11,12,70.2,80.1,61.5
156,590820,1987,5,15,74.8,82.0,70.5
157,590820,1987,5,8,74.1,78.8,65.3
158,590820,1987,7,4,85.2,93.2,80.6
159,590820,1987,8,25,84.4,92.1,77.0
160,590820,1987,9,20,68.5,70.2,65.7
161,590820,1987,9,24,78.3,84.2,72.1
162,590820,1987,10,9,77.8,83.3,73.0
163,590820,1987,10,11,80.6,88.7,74.8
164,590820,1987,11,3,53.4,54.9,50.0
165,590820,1987,5,5,67.8,70.5,65.7
166,590820,1987,8,24,82.3,91.0,78.1
167,590820,1987,5,20,77.7,84.0,73.8
168,590820,1987,6,30,83.7,93.6,78.1
169,590820,1987,7,25,79.8,85.6,73.8
170,590820,1987,2,24,53.4,57.9,49.5
171,590820,1987,5,30,80.4,88.7,72.1
172,590820,1987,11,29,38.3,40.1,36.9
173,590820,1987,8,26,84.2,90.0,78.8
174,590820,1987,10,12,81.1,89.2,74.5
175,590820,1987,5,9,77.6,84.0,72.5
176,590820,1987,1,22,64.9,70.5,56.7
177,590820,1987,3,26,49.3,53.8,43.3
178,590820,1987,2,25,61.1,68.4,49.8
179,590820,1987,3,12,62.2,70.9,52.0
180,590820,1987,3,17,64.4,70.0,57.9
181,590820,1987,3,29,57.3,59.7,51.6
182,590820,1987,4,14,54.7,59.7,49.6
183,590820,1987,6,3,82.8,92.5,72.0
184,590820,1987,6,15,71.2,75.0,67.1
185,590820,1987,6,18,82.6,91.0,74.7
186,590820,1987,7,15,83.1,96.1,79.2
187,590820,1987,8,1,83.9,91.4,75.7
188,590820,1987,8,8,76.6,83.8,73.4
189,590820,1987,8,22,82.7,92.1,76.6
190,590820,1987,8,23,83.1,90.7,76.8
191,590820,1987,9,14,85.5,96.8,77.0
192,590820,1987,11,14,66.0,73.6,58.8
193,590820,1987,11,20,64.2,68.9,60.3
194,590820,1987,12,26,64.5,78.1,50.2
195,590820,1987,4,3,60.1,69.3,47.5
196,590820,1987,6,29,82.9,93.6,77.9
197,590820,1987,7,3,84.7,92.8,80.4
198,590820,1987,10,22,59.6,60.6,57.0
199,590820,1987,10,17,75.0,82.9,68.0
200,590820,1987,7,30,77.5,83.8,73.0
201,590820,1987,9,10,78.5,85.1,76.1
202,590820,1987,2,12,64.0,68.7,60.6
203,590820,1987,3,9,70.7,84.7,59.4
204,590820,1987,4,7,65.2,69.6,61.2
205,590820,1987,5,21,76.9,86.0,73.0
206,590820,1987,6,6,79.2,87.3,70.7
207,590820,1987,2,19,56.7,62.8,49.1
208,590820,1987,2,20,46.3,51.6,43.9
209,590820,1987,2,26,54.1,59.7,47.5
210,590820,1987,3,25,48.1,56.1,43.7
211,590820,1987,4,12,54.0,57.2,50.9
212,590820,1987,5,2,80.2,92.1,67.3
213,590820,1987,5,27,72.1,77.9,69.4
214,590820,1987,5,31,79.6,89.2,75.9
215,590820,1987,7,22,84.0,95.7,78.3
216,590820,1987,9,30,73.6,77.5,70.5
217,590820,1987,10,28,68.4,72.5,66.6
218,590820,1987,11,1,76.2,89.6,56.5
219,590820,1987,11,18,60.9,63.7,57.6
220,590820,1987,6,28,83.1,93.9,78.4
221,590820,1987,1,4,48.8,51.8,46.8
222,590820,1987,4,26,69.3,79.7,63.7
223,590820,1987,8,20,83.7,95.4,80.2
224,590820,1987,7,31,77.6,82.8,75.9
225,590820,1987,2,27,47.5,55.0,40.1
226,590820,1987,4,11,61.5,74.1,54.9
227,590820,1987,7,23,80.2,85.1,77.4
228,590820,1987,4,25,83.0,90.5,73.4
229,590820,1987,3,10,53.1,62.1,50.9
230,590820,1987,5,26,78.5,84.2,74.7
231,590820,1987,2,2,55.5,63.9,50.0
232,590820,1987,2,18,60.8,68.4,56.8
233,590820,1987,3,14,59.3,75.6,56.1
234,590820,1987,3,15,55.4,59.7,53.8
235,590820,1987,3,23,69.6,81.7,58.8
236,590820,1987,4,22,78.1,88.7,71.2
237,590820,1987,6,24,88.4,96.8,82.8
238,590820,1987,7,7,82.6,95.0,76.8
239,590820,1987,7,18,84.5,90.0,81.7
240,590820,1987,7,28,82.4,92.8,76.8
241,590820,1987,10,18,66.4,76.6,61.5
242,590820,1987,10,19,61.4,63.9,59.0
243,590820,1987,11,27,63.7,84.2,44.1
244,590820,1987,12,15,49.1,51.8,43.2
245,590820,1987,9,25,73.2,82.6,69.6
246,590820,1987,10,21,63.2,67.8,58.6
247,590820,1987,11,5,57.5,61.2,54.1
248,590820,1987,11,17,61.6,65.1,58.6
249,590820,1987,1,21,58.0,64.9,52.2
250,590820,1987,11,25,72.1,75.2,67.8
251,590820,1987,4,23,82.1,87.4,70.0
252,590820,1987,8,14,85.4,95.7,77.4
253,590820,1987,9,9,82.9,91.4,72.7
254,590820,1987,12,21,56.1,68.7,41.2
255,590820,1987,4,17,72.3,82.6,64.2
256,590820,1987,5,11,80.9,88.9,71.2
257,590820,1987,5,18,80.2,87.1,70.5
258,590820,1987,7,12,88.5,99.1,79.7
259,590820,1987,8,27,86.3,91.9,80.6
260,590820,1987,1,13,52.8,59.0,43.0
261,590820,1987,6,21,87.0,95.2,79.7
262,590820,1987,1,10,61.8,73.9,45.7
263,590820,1987,1,29,55.7,61.5,46.0
264,590820,1987,2,8,65.6,80.6,50.7
265,590820,1987,2,16,69.7,75.7,62.6
266,590820,1987,2,28,50.8,59.2,38.7
267,590820,1987,3,1,58.8,70.5,48.2
268,590820,1987,4,28,73.2,79.9,65.1
269,590820,1987,5,24,82.7,88.3,76.1
270,590820,1987,6,2,80.1,92.3,72.0
271,590820,1987,6,13,82.8,88.9,77.4
272,590820,1987,6,16,77.7,84.2,69.8
273,590820,1987,7,2,87.5,94.6,82.0
274,590820,1987,8,2,85.7,93.7,78.8
275,590820,1987,9,3,87.6,97.2,79.3
276,590820,1987,9,4,87.9,96.8,78.8
277,590820,1987,9,7,84.6,94.1,74.7
278,590820,1987,10,1,76.3,85.6,69.8
279,590820,1987,10,2,77.9,88.7,68.5
280,590820,1987,10,3,79.2,90.3,69.8
281,590820,1987,10,6,81.2,90.1,71.2
282,590820,1987,10,24,63.5,65.7,61.7
283,590820,1987,11,9,61.5,74.1,52.3
284,590820,1987,12,10,52.9,70.2,40.1
285,590820,1987,12,11,53.0,67.6,41.9
286,590820,1987,12,13,52.1,60.4,37.9
287,590820,1987,9,23,77.3,85.1,70.7
288,590820,1987,10,23,63.5,69.6,58.3
289,590820,1987,12,28,65.8,70.9,61.3
290,590820,1987,8,30,87.5,98.1,76.8
291,590820,1987,9,1,84.4,98.1,79.7
292,590820,1987,10,7,79.2,85.6,74.7
293,590820,1987,1,8,55.9,70.3,45.5
294,590820,1987,2,4,51.5,63.0,43.2
295,590820,1987,12,20,55.0,67.8,44.1
296,590820,1987,8,21,82.9,93.2,77.2
297,590820,1987,1,5,49.7,59.0,41.9
298,590820,1987,1,19,49.8,55.9,47.1
299,590820,1987,2,17,71.8,79.3,64.0
300,590820,1987,4,10,77.5,86.2,68.0
301,590820,1987,12,6,44.6,54.5,35.1
302,590820,1987,12,12,48.5,58.8,39.2
303,590820,1987,12,22,56.6,72.5,44.2
304,590820,1987,12,30,62.8,72.0,53.8
305,590820,1987,10,30,76.5,87.1,70.2
306,590820,1987,9,26,70.7,74.3,66.9
307,590820,1987,11,7,58.8,63.0,53.1
308,590820,1987,5,7,67.2,68.7,64.4
309,590820,1987,6,22,88.3,93.9,81.1
310,590820,1987,4,27,68.0,76.8,63.5
311,590820,1987,8,10,77.6,82.4,74.5
312,590820,1987,9,12,78.5,83.3,71.6
313,590820,1987,2,10,70.7,77.9,61.7
314,590820,1987,11,15,62.3,64.2,60.6
315,590820,1987,3,3,58.4,66.0,51.6
316,590820,1987,3,8,78.3,85.1,71.1
317,590820,1987,3,11,53.2,54.5,50.7
318,590820,1987,3,20,64.5,71.6,57.0
319,590820,1987,4,5,62.4,65.5,56.7
320,590820,1987,4,6,65.2,68.7,62.1
321,590820,1987,5,6,67.3,70.0,65.3
322,590820,1987,5,19,78.1,83.8,74.5
323,590820,1987,5,22,76.9,81.7,72.3
324,590820,1987,6,19,81.0,84.9,78.3
325,590820,1987,6,27,84.0,90.5,80.6
326,590820,1987,7,8,84.5,93.4,76.5
327,590820,1987,7,26,80.0,86.7,75.0
328,590820,1987,10,10,82.0,89.4,75.9
329,590820,1987,11,21,66.7,72.3,62.2
330,590820,1987,11,24,70.2,72.7,68.0
331,590820,1987,2,9,63.7,71.2,58.1
332,590820,1987,4,4,57.5,59.2,56.3
333,590820,1987,9,21,68.7,69.8,68.0
334,590820,1987,10,8,79.9,88.7,73.8
335,590820,1987,11,6,58.1,61.2,54.0
336,590820,1987,12,27,61.9,64.6,59.4
337,590820,1987,5,4,66.1,67.8,64.4
338,590820,1987,11,23,69.9,74.1,67.6
339,590820,1987,11,4,58.3,60.6,53.4
340,590820,1987,1,23,50.0,62.2,48.0
341,590820,1987,12,14,53.8,63.7,49.3
342,590820,1987,1,26,44.9,51.1,38.3
343,590820,1987,2,11,71.3,78.3,66.4
344,590820,1987,3,19,63.8,72.3,59.9
345,590820,1987,3,24,59.1,65.1,54.5
346,590820,1987,4,1,60.6,72.7,51.4
347,590820,1987,4,2,49.4,51.6,48.0
348,590820,1987,5,10,74.6,79.3,72.0
349,590820,1987,5,16,73.6,79.5,69.4
350,590820,1987,6,1,76.6,81.0,72.5
351,590820,1987,6,14,79.6,90.0,71.1
352,590820,1987,7,5,84.7,95.7,79.5
353,590820,1987,7,13,88.3,101.1,78.6
354,590820,1987,8,11,76.2,81.0,72.7
355,590820,1987,8,15,84.7,94.3,78.1
356,590820,1987,9,11,75.2,79.9,72.9
357,590820,1987,11,28,40.5,47.3,37.0
358,590820,1987,6,7,65.0,77.9,62.6
359,590820,1987,7,24,77.7,83.8,74.5
360,590820,1987,9,18,78.4,90.5,70.9
361,590820,1987,9,19,67.5,72.0,66.4
362,590820,1987,11,2,52.5,65.1,50.7
363,590820,1987,1,30,56.8,66.9,50.4
0,590820,1988,7,14,87.5,94.6,78.4
1,590820,1988,9,28,74.1,81.0,67.8
2,590820,1988,10,9,75.6,84.6,63.5
3,590820,1988,4,23,65.9,78.8,55.4
4,590820,1988,6,6,85.1,95.2,72.5
5,590820,1988,9,8,83.9,92.8,75.0
6,590820,1988,11,12,60.5,74.7,48.4
7,590820,1988,9,7,80.8,93.4,75.2
8,590820,1988,11,29,56.9,66.2,41.0
9,590820,1988,1,1,65.0,75.9,54.3
10,590820,1988,2,21,47.4,55.0,37.6
11,590820,1988,3,9,54.9,66.9,40.5
12,590820,1988,4,24,70.0,86.2,54.3
13,590820,1988,5,1,82.1,88.5,73.8
14,590820,1988,5,8,86.8,94.6,79.2
15,590820,1988,6,13,87.5,93.9,82.4
16,590820,1988,7,1,84.2,91.8,77.5
17,590820,1988,7,24,87.6,95.7,81.1
18,590820,1988,8,5,86.9,95.9,78.4
19,590820,1988,8,8,83.6,95.5,74.3
20,590820,1988,8,12,87.0,96.1,78.6
21,590820,1988,8,19,81.6,87.4,77.4
22,590820,1988,9,9,83.8,92.8,77.4
23,590820,1988,9,10,85.0,94.3,77.4
24,590820,1988,9,11,83.9,95.5,78.1
25,590820,1988,9,19,83.3,92.8,74.1
26,590820,1988,9,27,73.3,81.7,64.9
27,590820,1988,10,7,74.1,81.5,66.2
28,590820,1988,10,15,77.2,88.7,66.9
29,590820,1988,12,2,55.3,70.9,44.1
30,590820,1988,12,12,51.1,68.4,38.3
31,590820,1988,12,17,51.2,64.6,42.4
32,590820,1988,12,18,53.4,68.5,40.5
33,590820,1988,12,22,62.4,75.9,54.9
34,590820,1988,3,13,78.5,80.6,71.6
35,590820,1988,6,2,79.5,93.2,66.7
36,590820,1988,1,8,50.7,54.3,44.6
37,590820,1988,2,20,44.3,53.1,38.7
38,590820,1988,2,23,62.7,78.4,54.3
39,590820,1988,4,14,68.4,77.0,60.8
40,590820,1988,6,1,76.8,86.0,70.5
41,590820,1988,6,15,89.2,98.4,82.9
42,590820,1988,8,6,84.5,98.2,77.0
43,590820,1988,10,4,77.9,85.6,72.5
44,590820,1988,10,5,73.2,83.7,68.5
45,590820,1988,10,8,71.5,78.1,64.4
46,590820,1988,10,18,70.7,74.7,66.6
47,590820,1988,10,19,73.2,82.6,65.8
48,590820,1988,11,2,68.4,80.6,55.8
49,590820,1988,12,5,54.4,66.9,42.6
50,590820,1988,5,27,77.0,84.2,72.9
51,590820,1988,10,31,62.6,67.3,56.1
52,590820,1988,3,25,54.2,57.6,49.5
53,590820,1988,5,16,74.7,77.9,72.1
54,590820,1988,6,10,87.2,94.5,81.5
55,590820,1988,7,12,80.2,91.0,77.9
56,590820,1988,6,18,86.8,96.1,80.1
57,590820,1988,10,30,57.3,61.2,52.9
58,590820,1988,5,3,79.4,84.6,74.8
59,590820,1988,8,23,80.1,85.5,76.3
60,590820,1988,5,4,80.7,88.2,75.7
61,590820,1988,1,26,43.1,44.8,41.5
62,590820,1988,1,27,47.3,49.8,41.9
63,590820,1988,2,8,43.1,45.1,41.2
64,590820,1988,2,11,45.5,48.9,41.4
65,590820,1988,2,12,49.3,52.5,44.2
66,590820,1988,2,25,56.9,61.0,51.1
67,590820,1988,3,3,42.6,43.9,41.4
68,590820,1988,3,24,50.2,51.1,47.5
69,590820,1988,3,31,52.3,54.3,49.5
70,590820,1988,4,2,56.1,57.6,54.1
71,590820,1988,4,9,66.6,78.6,49.3
72,590820,1988,5,2,82.1,92.1,75.7
73,590820,1988,5,13,67.8,69.1,64.4
74,590820,1988,5,14,69.8,73.2,67.1
75,590820,1988,5,15,77.6,84.7,68.0
76,590820,1988,5,17,74.8,78.1,72.9
77,590820,1988,5,19,80.8,82.4,76.5
78,590820,1988,5,22,71.8,77.0,66.7
79,590820,1988,5,23,72.9,77.2,69.3
80,590820,1988,6,27,81.2,86.0,77.0
81,590820,1988,6,29,85.4,93.7,76.3
82,590820,1988,7,30,82.2,89.8,77.5
83,590820,1988,8,18,81.1,86.2,76.5
84,590820,1988,9,1,81.8,90.1,75.2
85,590820,1988,12,30,49.1,53.6,48.4
86,590820,1988,6,11,87.5,95.0,81.1
87,590820,1988,8,30,81.5,88.7,75.6
88,590820,1988,4,1,54.3,56.5,52.5
89,590820,1988,9,21,77.4,83.3,74.1
90,590820,1988,2,19,39.8,41.0,37.9
91,590820,1988,4,28,69.0,73.2,65.3
92,590820,1988,8,29,81.0,91.0,75.9
93,590820,1988,10,2,78.4,86.4,72.1
94,590820,1988,8,31,78.5,82.6,75.7
95,590820,1988,6,28,80.2,83.5,77.4
96,590820,1988,12,8,57.6,75.0,50.4
97,590820,1988,2,6,59.8,65.3,52.3
98,590820,1988,2,7,46.7,55.6,41.7
99,590820,1988,2,14,49.6,52.0,48.2
100,590820,1988,2,28,44.1,48.0,41.4
101,590820,1988,4,22,59.0,64.2,55.9
102,590820,1988,5,31,77.1,83.1,72.3
103,590820,1988,8,15,81.7,92.5,76.6
104,590820,1988,8,17,81.4,92.8,77.2
105,590820,1988,9,14,81.4,93.6,72.9
106,590820,1988,10,27,66.6,71.1,64.4
107,590820,1988,10,28,62.1,66.4,58.6
108,590820,1988,11,16,62.5,66.0,61.0
109,590820,1988,11,26,56.2,62.2,50.9
110,590820,1988,4,6,57.6,67.3,49.3
111,590820,1988,4,16,66.4,68.0,64.4
112,590820,1988,6,20,87.8,96.6,81.5
113,590820,1988,6,5,82.3,97.0,70.7
114,590820,1988,12,7,56.0,62.8,46.4
115,590820,1988,3,10,62.7,72.9,47.5
116,590820,1988,7,3,87.6,96.6,77.5
117,590820,1988,7,29,81.5,87.1,74.3
118,590820,1988,7,31,86.5,96.1,77.7
119,590820,1988,8,10,82.1,92.8,75.6
120,590820,1988,8,11,83.1,91.0,78.3
121,590820,1988,8,21,85.9,93.4,79.2
122,590820,1988,8,28,84.0,94.1,77.4
123,590820,1988,9,2,83.9,92.8,77.0
124,590820,1988,10,25,75.3,82.6,68.9
125,590820,1988,12,10,49.7,64.0,41.4
126,590820,1988,5,25,73.7,77.9,70.2
127,590820,1988,6,12,88.6,96.1,82.6
128,590820,1988,6,23,78.4,81.1,76.1
129,590820,1988,8,16,82.5,89.8,75.7
130,590820,1988,9,20,81.4,90.9,73.2
131,590820,1988,4,19,69.8,74.5,61.0
132,590820,1988,1,9,54.2,62.4,44.2
133,590820,1988,1,11,49.7,56.3,43.9
134,590820,1988,1,13,51.8,61.3,38.1
135,590820,1988,1,15,62.7,75.0,52.0
136,590820,1988,1,17,45.3,48.4,43.9
137,590820,1988,1,21,62.1,70.3,50.7
138,590820,1988,1,28,49.8,51.1,46.4
139,590820,1988,1,29,54.4,56.5,49.6
140,590820,1988,1,31,47.8,48.9,45.1
141,590820,1988,2,3,49.8,51.1,48.0
142,590820,1988,2,9,44.1,45.3,41.0
143,590820,1988,2,13,51.2,54.0,47.5
144,590820,1988,2,18,40.8,42.6,39.4
145,590820,1988,2,27,48.4,50.9,45.7
146,590820,1988,3,2,43.2,45.9,39.6
147,590820,1988,3,6,50.6,53.6,48.6
148,590820,1988,3,18,46.7,48.4,43.2
149,590820,1988,3,26,55.8,57.6,52.5
150,590820,1988,3,29,50.9,53.4,49.5
151,590820,1988,4,8,58.5,69.6,48.4
152,590820,1988,4,11,59.0,59.9,55.6
153,590820,1988,4,29,73.1,80.4,64.2
154,590820,1988,4,30,79.8,89.6,67.5
155,590820,1988,5,7,84.5,90.5,77.9
156,590820,1988,5,10,70.9,75.4,63.0
157,590820,1988,5,24,71.2,72.0,69.3
158,590820,1988,5,28,76.9,82.8,72.5
159,590820,1988,6,3,79.9,95.9,65.5
160,590820,1988,6,17,86.7,97.5,78.1
161,590820,1988,6,19,85.1,92.3,79.3
162,590820,1988,6,21,88.6,95.7,81.9
163,590820,1988,6,30,79.9,84.2,77.4
164,590820,1988,7,4,87.1,96.4,79.9
165,590820,1988,7,8,91.0,99.9,80.1
166,590820,1988,7,9,92.1,102.4,82.4
167,590820,1988,7,13,85.3,94.1,77.5
168,590820,1988,8,1,85.4,95.2,78.6
169,590820,1988,8,13,85.8,95.5,79.9
170,590820,1988,8,24,78.4,82.0,75.7
171,590820,1988,9,15,78.2,86.5,71.8
172,590820,1988,9,16,78.4,86.9,70.5
173,590820,1988,9,18,82.5,93.7,72.1
174,590820,1988,9,23,75.0,80.2,68.5
175,590820,1988,9,26,72.2,81.5,64.8
176,590820,1988,9,29,75.3,85.3,66.6
177,590820,1988,10,1,75.7,81.1,71.1
178,590820,1988,10,11,82.7,91.9,70.3
179,590820,1988,10,14,74.5,84.4,65.3
180,590820,1988,10,20,76.0,86.9,64.4
181,590820,1988,11,3,64.7,76.8,54.7
182,590820,1988,11,8,69.3,79.7,52.7
183,590820,1988,11,15,65.2,68.7,62.6
184,590820,1988,11,22,64.2,77.7,52.5
185,590820,1988,11,24,60.1,70.0,53.6
186,590820,1988,11,25,58.9,63.5,53.4
187,590820,1988,12,3,52.8,61.0,43.3
188,590820,1988,12,4,58.9,72.3,46.0
189,590820,1988,12,11,51.1,68.5,39.4
190,590820,1988,12,20,61.4,76.8,49.8
191,590820,1988,12,28,57.7,68.7,47.5
192,590820,1988,1,2,59.4,63.5,57.0
193,590820,1988,7,20,78.7,84.6,73.8
194,590820,1988,1,20,48.5,54.9,38.7
195,590820,1988,7,6,86.4,95.4,78.3
196,590820,1988,7,16,89.1,96.6,80.8
197,590820,1988,8,20,84.8,93.0,77.9
198,590820,1988,9,17,79.2,89.6,69.3
199,590820,1988,12,24,65.0,79.2,54.5
200,590820,1988,2,4,58.0,63.3,49.5
201,590820,1988,10,3,76.9,82.4,73.4
202,590820,1988,10,12,82.5,91.9,75.4
203,590820,1988,11,17,64.1,68.7,60.6
204,590820,1988,3,27,55.6,55.9,54.3
205,590820,1988,4,18,70.6,79.3,59.5
206,590820,1988,7,15,87.4,93.9,80.6
207,590820,1988,9,13,84.4,91.2,76.6
208,590820,1988,3,1,40.5,43.7,38.5
209,590820,1988,3,11,67.6,74.3,61.5
210,590820,1988,3,23,48.2,49.8,46.0
211,590820,1988,4,20,73.8,81.7,66.7
212,590820,1988,4,25,76.5,86.9,58.3
213,590820,1988,12,15,55.5,70.2,44.2
214,590820,1988,3,20,51.9,53.2,49.8
215,590820,1988,4,26,72.2,75.0,68.5
216,590820,1988,6,9,86.7,93.7,79.0
217,590820,1988,8,27,84.0,92.8,76.1
218,590820,1988,7,21,84.7,94.3,77.0
219,590820,1988,3,19,51.0,53.2,46.4
220,590820,1988,1,6,49.5,53.4,40.3
221,590820,1988,1,14,60.0,70.9,51.6
222,590820,1988,2,1,50.2,52.9,47.5
223,590820,1988,2,5,63.3,67.8,57.7
224,590820,1988,2,17,40.3,42.3,37.8
225,590820,1988,2,22,57.0,66.9,43.5
226,590820,1988,3,4,45.5,48.6,41.4
227,590820,1988,3,5,50.2,57.6,41.4
228,590820,1988,3,12,72.8,79.3,63.7
229,590820,1988,3,17,44.8,46.6,44.2
230,590820,1988,3,30,52.9,58.8,49.5
231,590820,1988,4,4,66.2,75.9,52.0
232,590820,1988,4,15,69.8,78.8,60.1
233,590820,1988,4,27,74.0,80.2,70.0
234,590820,1988,5,6,83.5,90.5,74.3
235,590820,1988,5,12,68.8,72.9,63.1
236,590820,1988,5,18,79.3,84.2,72.5
237,590820,1988,5,20,84.5,89.4,79.2
238,590820,1988,5,26,76.5,80.6,70.9
239,590820,1988,5,30,80.3,86.4,74.5
240,590820,1988,6,4,81.2,95.2,66.6
241,590820,1988,6,7,84.3,90.9,79.2
242,590820,1988,6,14,89.1,98.6,82.0
243,590820,1988,7,11,81.3,91.9,73.9
244,590820,1988,7,22,87.6,95.2,77.2
245,590820,1988,7,25,88.6,97.2,80.8
246,590820,1988,8,2,88.5,96.3,79.2
247,590820,1988,8,25,82.9,92.1,75.4
248,590820,1988,9,30,76.2,84.7,69.4
249,590820,1988,10,10,78.6,88.3,66.6
250,590820,1988,10,16,79.1,91.9,68.4
251,590820,1988,10,21,77.4,88.3,65.7
252,590820,1988,10,23,72.2,78.4,68.0
253,590820,1988,11,1,69.2,79.7,59.9
254,590820,1988,11,5,63.0,76.8,52.2
255,590820,1988,11,6,62.8,77.4,50.4
256,590820,1988,11,9,70.9,83.1,59.2
257,590820,1988,11,13,61.2,68.5,53.2
258,590820,1988,11,14,65.8,73.9,56.8
259,590820,1988,11,19,57.3,65.3,52.3
260,590820,1988,11,21,60.9,75.4,48.7
261,590820,1988,12,6,53.8,68.4,41.0
262,590820,1988,12,13,53.1,73.2,38.7
263,590820,1988,12,19,60.1,72.3,43.7
264,590820,1988,12,21,63.6,76.3,52.0
265,590820,1988,12,27,53.2,63.9,46.9
266,590820,1988,12,31,51.2,54.1,48.0
267,590820,1988,1,3,61.9,71.4,56.5
268,590820,1988,9,6,80.2,89.1,73.9
269,590820,1988,4,13,67.7,77.5,56.3
270,590820,1988,5,29,79.9,88.5,72.9
271,590820,1988,6,8,86.5,94.1,78.3
272,590820,1988,6,24,85.4,92.7,76.5
273,590820,1988,6,25,87.3,94.3,79.5
274,590820,1988,7,18,91.5,102.9,79.2
275,590820,1988,11,7,63.9,79.5,50.9
276,590820,1988,11,28,54.5,66.0,41.0
277,590820,1988,4,7,52.2,55.2,48.9
278,590820,1988,4,12,62.4,68.4,56.8
279,590820,1988,7,2,86.4,95.0,78.6
280,590820,1988,7,26,83.5,97.9,78.4
281,590820,1988,9,22,73.8,91.4,69.1
282,590820,1988,12,29,54.5,61.9,49.6
283,590820,1988,1,7,51.6,54.1,49.3
284,590820,1988,9,12,84.8,95.2,77.4
285,590820,1988,10,6,71.4,78.4,66.4
286,590820,1988,3,28,54.4,57.0,52.9
287,590820,1988,7,17,89.3,99.1,81.0
288,590820,1988,11,10,61.5,70.7,54.7
289,590820,1988,12,9,51.9,61.5,43.0
290,590820,1988,12,23,63.6,77.9,54.7
291,590820,1988,9,5,79.6,86.7,74.7
292,590820,1988,4,17,66.6,71.8,61.0
293,590820,1988,6,26,83.7,91.0,78.6
294,590820,1988,1,12,46.6,53.6,39.0
295,590820,1988,1,30,52.7,56.5,47.3
296,590820,1988,2,2,52.4,58.1,48.2
297,590820,1988,2,16,44.4,50.5,38.5
298,590820,1988,2,24,56.7,64.9,50.4
299,590820,1988,2,29,41.9,44.8,39.2
300,590820,1988,3,7,52.3,59.5,43.3
301,590820,1988,3,15,67.6,81.9,52.9
302,590820,1988,4,10,58.4,64.6,56.1
303,590820,1988,5,5,79.8,90.5,75.0
304,590820,1988,5,9,74.8,90.0,64.0
305,590820,1988,5,11,70.7,80.4,64.0
306,590820,1988,5,21,81.7,89.8,68.5
307,590820,1988,6,16,85.6,97.0,78.6
308,590820,1988,7,10,83.0,94.6,75.6
309,590820,1988,8,3,83.9,92.8,79.7
310,590820,1988,9,3,83.9,91.6,78.1
311,590820,1988,9,24,72.4,75.4,70.5
312,590820,1988,10,24,71.9,73.8,69.1
313,590820,1988,10,26,74.1,80.2,70.2
314,590820,1988,11,27,54.6,65.7,43.3
315,590820,1988,12,14,54.8,73.4,41.5
316,590820,1988,12,26,54.2,62.4,48.2
317,590820,1988,1,24,44.2,48.2,42.8
318,590820,1988,3,14,79.6,85.6,70.2
319,590820,1988,7,23,87.5,95.7,82.0
320,590820,1988,10,22,72.5,79.2,68.0
321,590820,1988,11,23,63.8,73.6,55.8
322,590820,1988,11,30,60.1,68.9,51.8
323,590820,1988,9,4,80.3,88.7,76.5
324,590820,1988,1,4,58.1,72.7,49.3
325,590820,1988,7,5,86.0,92.8,79.2
326,590820,1988,8,26,81.4,92.3,76.3
327,590820,1988,1,22,60.5,76.6,49.8
328,590820,1988,7,7,88.8,97.7,81.5
329,590820,1988,1,5,48.1,51.8,41.9
330,590820,1988,1,18,45.2,48.7,43.2
331,590820,1988,1,19,47.2,58.8,39.2
332,590820,1988,2,10,43.8,46.4,42.1
333,590820,1988,2,15,50.5,54.0,47.8
334,590820,1988,3,8,48.4,57.4,42.4
335,590820,1988,3,16,46.7,57.9,44.6
336,590820,1988,3,21,52.2,54.7,49.5
337,590820,1988,3,22,48.7,54.0,46.4
338,590820,1988,4,3,56.6,59.9,52.7
339,590820,1988,4,5,63.5,67.3,63.0
340,590820,1988,4,21,71.4,81.9,61.0
341,590820,1988,6,22,83.9,95.4,77.2
342,590820,1988,7,27,82.1,89.6,78.3
343,590820,1988,7,28,80.3,90.0,75.4
344,590820,1988,8,4,83.9,91.9,79.2
345,590820,1988,8,7,85.0,96.1,75.0
346,590820,1988,8,9,82.6,95.2,76.3
347,590820,1988,8,14,84.9,96.8,78.6
348,590820,1988,9,25,74.6,83.1,66.0
349,590820,1988,10,13,75.5,83.5,67.3
350,590820,1988,10,17,75.1,85.6,68.4
351,590820,1988,10,29,56.2,61.0,53.2
352,590820,1988,11,4,63.9,75.4,54.0
353,590820,1988,11,11,60.2,71.1,51.3
354,590820,1988,11,18,61.6,70.9,53.8
355,590820,1988,11,20,58.1,68.7,49.6
356,590820,1988,12,1,56.7,69.8,46.8
357,590820,1988,12,16,54.3,66.0,44.6
358,590820,1988,12,25,58.4,66.9,52.3
359,590820,1988,1,16,50.5,59.2,45.3
360,590820,1988,1,25,43.7,45.1,42.1
361,590820,1988,1,10,50.2,56.5,45.1
362,590820,1988,1,23,51.1,55.2,47.1
363,590820,1988,2,26,52.7,57.4,47.7
364,590820,1988,7,19,88.7,101.7,77.4
365,590820,1988,8,22,85.2,92.5,77.4
0,590820,1989,4,7,62.8,64.8,61.3
1,590820,1989,7,24,85.7,93.7,76.6
2,590820,1989,1,9,57.9,61.9,53.4
3,590820,1989,11,10,62.1,66.6,58.1
4,590820,1989,5,8,77.1,84.7,72.7
5,590820,1989,7,9,88.7,98.1,82.0
6,590820,1989,1,24,52.2,57.0,47.7
7,590820,1989,3,9,57.0,67.3,45.5
8,590820,1989,3,31,67.4,69.8,64.4
9,590820,1989,7,17,90.3,99.7,81.9
10,590820,1989,12,20,60.1,71.4,48.9
11,590820,1989,12,27,50.3,54.0,45.0
12,590820,1989,1,16,42.1,44.6,38.1
13,590820,1989,2,14,59.4,66.7,52.9
14,590820,1989,3,6,54.4,61.9,46.4
15,590820,1989,3,25,49.3,51.3,47.1
16,590820,1989,4,28,77.7,84.2,68.4
17,590820,1989,5,29,73.0,77.9,70.9
18,590820,1989,7,6,87.2,96.6,78.6
19,590820,1989,4,12,72.0,77.0,68.5
20,590820,1989,6,2,77.4,82.2,71.8
21,590820,1989,6,4,80.9,87.1,76.8
22,590820,1989,10,12,75.1,85.6,67.1
23,590820,1989,10,22,72.3,79.3,64.9
24,590820,1989,10,24,79.2,91.4,68.0
25,590820,1989,8,3,85.9,95.9,75.4
26,590820,1989,1,10,66.4,76.6,52.3
27,590820,1989,7,22,87.6,99.1,79.0
28,590820,1989,8,17,85.2,100.6,79.0
29,590820,1989,2,7,43.1,44.4,42.1
30,590820,1989,2,24,48.9,57.4,41.4
31,590820,1989,4,4,64.1,66.4,61.5
32,590820,1989,8,9,83.6,96.3,78.3
33,590820,1989,8,24,80.8,89.2,77.0
34,590820,1989,1,21,46.9,51.1,43.3
35,590820,1989,1,27,46.2,50.2,41.2
36,590820,1989,4,16,69.6,78.8,60.6
37,590820,1989,6,18,83.5,94.6,75.2
38,590820,1989,2,20,54.7,56.1,51.3
39,590820,1989,10,11,77.0,88.2,64.0
40,590820,1989,1,3,59.0,68.2,44.2
41,590820,1989,1,7,64.6,69.6,59.4
42,590820,1989,1,15,39.4,41.9,36.7
43,590820,1989,1,20,48.9,53.2,44.1
44,590820,1989,2,1,45.4,47.1,43.3
45,590820,1989,2,8,43.0,43.5,41.9
46,590820,1989,3,4,45.3,47.5,44.2
47,590820,1989,3,8,54.2,63.7,42.6
48,590820,1989,3,13,71.9,80.6,64.8
49,590820,1989,3,21,59.8,64.2,55.6
50,590820,1989,3,27,59.0,73.2,43.9
51,590820,1989,4,2,76.9,84.7,71.4
52,590820,1989,4,17,66.1,68.2,64.4
53,590820,1989,5,2,71.4,78.8,64.6
54,590820,1989,5,4,71.3,77.9,63.9
55,590820,1989,5,5,76.8,87.8,66.9
56,590820,1989,5,6,77.3,89.6,65.7
57,590820,1989,5,17,78.2,93.2,68.0
58,590820,1989,5,19,83.2,91.8,70.5
59,590820,1989,5,21,74.4,76.8,71.1
60,590820,1989,5,25,71.6,74.5,67.1
61,590820,1989,6,3,79.1,86.2,74.5
62,590820,1989,6,12,83.3,90.0,76.3
63,590820,1989,6,13,83.8,90.5,78.8
64,590820,1989,6,16,83.5,87.4,78.6
65,590820,1989,6,23,76.6,81.5,70.9
66,590820,1989,6,28,85.6,92.3,78.8
67,590820,1989,7,16,90.5,102.0,80.1
68,590820,1989,7,21,90.7,100.2,79.2
69,590820,1989,7,25,87.2,96.1,80.6
70,590820,1989,8,10,88.2,98.8,77.5
71,590820,1989,8,12,86.3,96.1,79.7
72,590820,1989,8,15,90.0,103.6,80.2
73,590820,1989,8,20,86.1,94.6,78.4
74,590820,1989,8,25,83.8,92.5,76.1
75,590820,1989,8,29,82.9,88.5,77.7
76,590820,1989,9,6,83.1,89.4,77.4
77,590820,1989,10,4,79.3,89.2,70.2
78,590820,1989,10,5,80.2,90.5,71.1
79,590820,1989,10,9,73.0,80.1,62.6
80,590820,1989,10,14,75.5,81.1,69.1
81,590820,1989,10,23,75.7,87.1,65.3
82,590820,1989,10,30,79.9,89.6,72.1
83,590820,1989,11,15,55.5,59.9,50.9
84,590820,1989,11,29,51.7,63.7,40.8
85,590820,1989,12,2,55.2,72.0,43.0
86,590820,1989,12,7,59.8,79.3,45.9
87,590820,1989,12,11,59.8,75.7,48.9
88,590820,1989,12,19,59.6,72.9,39.9
89,590820,1989,12,24,50.6,55.8,46.2
90,590820,1989,12,28,47.7,49.6,46.8
91,590820,1989,12,31,50.3,52.9,44.6
92,590820,1989,2,10,47.6,56.1,40.5
93,590820,1989,8,1,78.4,86.9,72.7
94,590820,1989,3,15,71.2,78.8,66.9
95,590820,1989,11,1,74.3,83.8,64.4
96,590820,1989,2,2,42.9,44.8,41.7
97,590820,1989,2,3,41.7,43.5,37.9
98,590820,1989,3,7,53.4,61.7,44.6
99,590820,1989,3,16,70.7,79.7,65.8
100,590820,1989,3,26,49.9,55.0,44.6
101,590820,1989,4,9,64.2,66.9,60.1
102,590820,1989,4,23,65.2,74.3,56.8
103,590820,1989,4,26,67.1,72.7,65.1
104,590820,1989,5,11,80.6,87.3,77.0
105,590820,1989,5,23,72.8,78.4,70.5
106,590820,1989,6,22,77.0,81.5,72.0
107,590820,1989,7,26,84.4,91.4,80.6
108,590820,1989,8,8,87.7,98.8,79.2
109,590820,1989,8,13,85.1,92.8,77.9
110,590820,1989,8,18,83.0,93.7,75.7
111,590820,1989,9,5,84.3,97.5,78.3
112,590820,1989,9,28,81.1,87.4,75.9
113,590820,1989,10,25,81.0,90.5,73.8
114,590820,1989,10,26,80.5,91.6,71.4
115,590820,1989,11,18,57.1,65.1,48.7
116,590820,1989,1,11,46.8,55.4,41.9
117,590820,1989,11,12,71.3,83.3,61.9
118,590820,1989,6,11,81.3,89.6,76.6
119,590820,1989,11,30,54.3,67.3,40.8
120,590820,1989,7,4,86.9,94.3,77.9
121,590820,1989,7,8,90.1,97.9,82.4
122,590820,1989,7,11,83.7,92.8,78.6
123,590820,1989,6,24,79.8,85.5,72.3
124,590820,1989,6,17,87.0,93.6,80.2
125,590820,1989,2,25,52.0,63.9,41.0
126,590820,1989,1,5,56.8,57.7,54.7
127,590820,1989,1,14,37.1,39.6,34.7
128,590820,1989,1,19,46.3,49.3,42.8
129,590820,1989,1,23,49.6,57.6,36.9
130,590820,1989,4,1,72.5,77.9,64.0
131,590820,1989,7,14,90.1,99.7,78.3
132,590820,1989,7,20,89.4,96.4,80.6
133,590820,1989,8,6,87.2,95.7,74.3
134,590820,1989,8,26,87.7,98.6,76.6
135,590820,1989,11,16,56.1,61.7,52.7
136,590820,1989,3,30,66.6,73.6,59.2
137,590820,1989,5,13,67.1,75.4,65.5
138,590820,1989,6,26,80.7,91.4,76.6
139,590820,1989,11,21,58.8,72.5,43.5
140,590820,1989,12,6,58.5,78.1,44.6
141,590820,1989,8,2,81.0,92.8,73.8
142,590820,1989,2,28,67.0,78.8,54.1
143,590820,1989,2,27,63.0,75.9,49.3
144,590820,1989,11,9,64.5,72.1,59.5
145,590820,1989,12,3,55.6,73.9,41.5
146,590820,1989,1,6,59.8,62.1,56.1
147,590820,1989,2,5,45.7,47.3,43.7
148,590820,1989,2,11,47.9,59.7,38.1
149,590820,1989,2,13,55.1,65.5,39.6
150,590820,1989,3,10,61.6,71.1,49.1
151,590820,1989,3,18,67.2,70.9,64.4
152,590820,1989,3,20,61.5,68.2,54.7
153,590820,1989,3,29,62.3,68.7,57.2
154,590820,1989,4,8,65.5,71.2,60.6
155,590820,1989,4,10,71.2,78.8,59.9
156,590820,1989,4,15,64.3,73.0,56.1
157,590820,1989,4,19,76.3,80.6,67.3
158,590820,1989,5,1,69.5,75.7,62.2
159,590820,1989,5,15,68.7,71.2,65.5
160,590820,1989,5,27,75.1,77.0,71.6
161,590820,1989,5,31,71.3,74.5,68.4
162,590820,1989,6,1,73.3,75.9,69.8
163,590820,1989,6,5,82.6,90.5,77.0
164,590820,1989,6,6,80.1,84.4,77.0
165,590820,1989,6,8,85.0,95.0,75.2
166,590820,1989,6,15,85.7,92.7,79.7
167,590820,1989,7,5,86.5,95.2,78.3
168,590820,1989,7,7,89.4,97.9,77.9
169,590820,1989,7,12,85.8,93.7,77.9
170,590820,1989,7,13,87.9,98.1,78.3
171,590820,1989,7,19,86.9,97.0,77.0
172,590820,1989,7,29,74.2,77.9,70.5
173,590820,1989,7,31,79.1,88.0,70.3
174,590820,1989,8,5,83.8,94.3,73.8
175,590820,1989,8,14,89.1,100.2,77.0
176,590820,1989,8,16,88.7,100.8,78.6
177,590820,1989,8,30,87.6,97.0,79.3
178,590820,1989,8,31,88.5,97.9,80.1
179,590820,1989,9,7,84.1,92.3,77.0
180,590820,1989,9,9,85.8,94.6,77.4
181,590820,1989,9,11,85.2,95.4,77.9
182,590820,1989,9,17,80.4,87.4,72.7
183,590820,1989,9,18,81.7,91.8,75.0
184,590820,1989,9,19,84.5,93.7,76.5
185,590820,1989,9,29,79.5,85.8,74.3
186,590820,1989,10,21,70.5,75.6,61.2
187,590820,1989,10,29,77.9,86.5,66.9
188,590820,1989,11,2,74.9,84.0,62.8
189,590820,1989,11,3,76.9,83.8,70.7
190,590820,1989,11,5,77.6,87.8,70.9
191,590820,1989,11,7,78.1,93.2,68.4
192,590820,1989,11,24,65.1,75.4,53.6
193,590820,1989,12,1,54.8,70.2,43.0
194,590820,1989,12,4,56.2,76.5,42.8
195,590820,1989,9,16,75.3,82.9,69.3
196,590820,1989,6,10,81.8,90.1,77.0
197,590820,1989,1,26,49.3,52.0,47.7
198,590820,1989,3,12,72.1,82.4,59.5
199,590820,1989,9,30,79.3,86.5,75.6
200,590820,1989,11,17,59.2,65.1,54.3
201,590820,1989,12,9,58.9,70.7,46.8
202,590820,1989,8,23,84.1,94.6,78.4
203,590820,1989,2,9,45.2,48.4,42.1
204,590820,1989,4,18,69.4,72.3,65.3
205,590820,1989,10,20,68.7,76.8,57.0
206,590820,1989,6,20,75.7,79.5,71.6
207,590820,1989,2,15,58.2,59.4,54.7
208,590820,1989,2,22,54.8,61.3,47.3
209,590820,1989,3,28,66.2,85.5,51.6
210,590820,1989,4,25,66.9,71.8,63.3
211,590820,1989,4,27,69.1,70.0,64.4
212,590820,1989,5,26,74.6,80.2,69.8
213,590820,1989,3,17,64.9,67.5,63.0
214,590820,1989,6,25,83.3,91.4,74.8
215,590820,1989,7,2,78.7,86.2,71.4
216,590820,1989,8,22,85.2,95.4,77.2
217,590820,1989,1,25,50.1,60.8,46.0
218,590820,1989,1,29,41.2,42.4,39.6
219,590820,1989,1,30,43.5,45.7,40.3
220,590820,1989,2,4,45.1,49.1,37.2
221,590820,1989,2,12,49.4,64.6,37.0
222,590820,1989,2,16,68.0,72.3,57.4
223,590820,1989,2,18,52.5,55.8,49.3
224,590820,1989,2,19,52.5,55.2,49.1
225,590820,1989,2,23,59.5,70.5,51.1
226,590820,1989,2,26,57.2,74.1,41.5
227,590820,1989,3,1,70.8,81.5,61.9
228,590820,1989,3,2,72.0,79.0,62.6
229,590820,1989,3,5,51.3,58.5,44.1
230,590820,1989,3,11,67.2,81.9,58.3
231,590820,1989,4,5,61.9,63.9,60.4
232,590820,1989,4,6,65.1,69.4,60.8
233,590820,1989,4,11,71.4,73.8,68.5
234,590820,1989,4,24,68.1,76.3,55.2
235,590820,1989,4,30,64.5,68.0,61.7
236,590820,1989,5,7,79.5,88.7,67.6
237,590820,1989,5,9,77.9,83.3,72.1
238,590820,1989,5,10,83.9,91.6,76.1
239,590820,1989,5,16,70.7,77.4,66.7
240,590820,1989,5,18,79.4,91.0,68.5
241,590820,1989,6,9,82.5,95.7,76.6
242,590820,1989,6,14,85.0,92.3,78.8
243,590820,1989,6,19,74.8,77.4,72.9
244,590820,1989,6,21,83.1,91.0,74.7
245,590820,1989,6,27,83.8,90.5,76.1
246,590820,1989,7,3,83.1,91.4,75.2
247,590820,1989,7,15,89.5,100.2,78.4
248,590820,1989,8,7,86.6,97.2,78.8
249,590820,1989,8,28,83.5,92.5,77.5
250,590820,1989,9,1,88.5,97.5,80.4
251,590820,1989,9,4,86.9,97.5,77.0
252,590820,1989,9,8,84.1,93.7,77.5
253,590820,1989,9,10,86.6,96.1,76.1
254,590820,1989,9,15,71.6,75.4,67.5
255,590820,1989,9,21,79.9,87.4,72.7
256,590820,1989,9,23,79.3,87.6,72.9
257,590820,1989,9,27,86.5,97.2,74.1
258,590820,1989,10,2,77.4,84.7,72.3
259,590820,1989,10,15,81.2,93.2,71.6
260,590820,1989,10,18,66.6,76.8,56.7
261,590820,1989,10,27,80.0,90.7,70.7
262,590820,1989,11,11,67.4,75.9,56.7
263,590820,1989,11,13,62.6,74.5,56.5
264,590820,1989,11,22,64.3,75.0,51.1
265,590820,1989,11,25,64.5,72.5,54.9
266,590820,1989,11,26,66.9,76.8,59.0
267,590820,1989,12,5,57.6,76.8,42.8
268,590820,1989,12,8,59.7,73.8,47.3
269,590820,1989,12,10,58.5,74.7,45.1
270,590820,1989,12,12,62.2,75.2,48.7
271,590820,1989,12,16,55.9,70.3,43.9
272,590820,1989,12,18,58.3,72.7,44.2
273,590820,1989,12,23,48.7,56.7,45.5
274,590820,1989,12,26,46.6,48.0,45.0
275,590820,1989,9,26,83.1,94.6,74.1
276,590820,1989,1,13,36.4,37.0,35.4
277,590820,1989,5,28,80.0,86.0,76.5
278,590820,1989,10,28,73.5,77.7,68.0
279,590820,1989,2,6,45.5,46.9,44.4
280,590820,1989,1,22,45.5,52.0,40.3
281,590820,1989,12,15,53.5,63.3,45.7
282,590820,1989,3,14,70.5,80.2,65.8
283,590820,1989,5,22,75.4,77.9,72.5
284,590820,1989,1,1,50.1,56.3,42.1
285,590820,1989,1,4,56.5,59.7,55.0
286,590820,1989,4,3,75.3,84.2,65.8
287,590820,1989,4,20,75.6,80.6,72.9
288,590820,1989,6,29,84.6,92.1,79.7
289,590820,1989,6,30,83.9,91.4,77.9
290,590820,1989,10,17,63.8,70.9,57.4
291,590820,1989,11,27,63.1,71.4,56.1
292,590820,1989,3,3,56.8,76.3,44.2
293,590820,1989,5,24,70.4,75.6,66.2
294,590820,1989,8,19,84.1,97.9,74.1
295,590820,1989,2,21,52.8,56.5,47.8
296,590820,1989,9,2,87.4,96.8,78.8
297,590820,1989,1,2,50.1,59.9,44.8
298,590820,1989,1,8,59.5,64.9,54.7
299,590820,1989,1,17,44.9,46.0,42.4
300,590820,1989,2,17,56.8,68.7,50.0
301,590820,1989,3,23,63.6,70.5,57.6
302,590820,1989,3,24,59.4,71.6,48.4
303,590820,1989,4,14,57.7,59.2,57.0
304,590820,1989,4,29,67.7,76.5,62.2
305,590820,1989,5,30,70.0,72.7,68.7
306,590820,1989,6,7,83.7,92.3,76.6
307,590820,1989,7,23,81.3,94.5,77.0
308,590820,1989,7,30,74.7,81.3,70.9
309,590820,1989,8,11,84.8,95.5,80.2
310,590820,1989,9,3,84.0,97.0,77.9
311,590820,1989,9,13,82.5,92.1,74.7
312,590820,1989,9,14,73.8,88.3,68.0
313,590820,1989,9,20,81.6,91.4,73.8
314,590820,1989,9,24,81.1,88.9,75.4
315,590820,1989,9,25,83.5,93.9,75.4
316,590820,1989,10,3,77.8,84.7,71.4
317,590820,1989,10,10,73.8,84.0,65.7
318,590820,1989,10,16,68.2,79.7,60.1
319,590820,1989,10,31,75.8,85.5,69.4
320,590820,1989,11,6,77.7,88.5,69.1
321,590820,1989,11,14,54.2,59.2,51.4
322,590820,1989,11,19,56.3,67.5,46.9
323,590820,1989,11,20,56.3,70.0,45.0
324,590820,1989,12,13,56.4,65.1,51.8
325,590820,1989,12,17,55.8,70.9,45.0
326,590820,1989,12,21,58.3,65.1,53.2
327,590820,1989,12,22,53.5,56.7,48.6
328,590820,1989,12,25,48.2,50.5,46.2
329,590820,1989,5,14,68.8,73.4,65.8
330,590820,1989,7,27,82.1,92.7,76.6
331,590820,1989,7,28,72.1,75.6,71.1
332,590820,1989,8,4,84.0,94.3,74.7
333,590820,1989,3,19,67.8,78.8,59.7
334,590820,1989,10,1,75.2,79.7,71.8
335,590820,1989,4,21,76.9,85.3,68.5
336,590820,1989,5,12,81.5,89.1,69.3
337,590820,1989,12,29,47.7,51.6,45.7
338,590820,1989,1,28,43.7,47.8,40.3
339,590820,1989,5,20,75.7,79.3,72.1
340,590820,1989,10,6,74.5,81.1,70.9
341,590820,1989,11,8,64.0,68.7,60.3
342,590820,1989,1,12,42.2,58.1,36.7
343,590820,1989,1,18,44.7,48.2,43.0
344,590820,1989,1,31,45.6,47.8,43.5
345,590820,1989,3,22,57.5,59.5,56.8
346,590820,1989,4,13,63.0,71.4,56.7
347,590820,1989,4,22,68.4,74.3,65.1
348,590820,1989,5,3,66.0,68.7,64.8
349,590820,1989,7,1,79.3,89.2,73.6
350,590820,1989,7,10,83.6,92.8,78.8
351,590820,1989,7,18,83.0,88.2,77.4
352,590820,1989,8,27,84.2,97.0,78.1
353,590820,1989,9,12,82.9,88.9,77.7
354,590820,1989,9,22,81.8,91.4,73.8
355,590820,1989,10,7,76.5,84.0,69.1
356,590820,1989,10,8,75.1,86.4,66.9
357,590820,1989,10,13,71.2,74.1,69.6
358,590820,1989,10,19,64.8,75.9,57.2
359,590820,1989,11,4,77.9,86.5,72.0
360,590820,1989,11,23,64.3,74.5,55.0
361,590820,1989,11,28,53.4,64.2,43.2
362,590820,1989,12,14,53.1,61.2,48.0
363,590820,1989,12,30,46.6,49.1,45.0
364,590820,1989,8,21,84.6,95.9,77.7
0,590820,1990,5,5,66.7,81.0,57.0
1,590820,1990,5,20,80.8,91.8,67.5
2,590820,1990,1,27,55.1,67.8,45.3
3,590820,1990,3,7,60.4,70.9,46.4
4,590820,1990,4,28,74.5,80.2,69.3
5,590820,1990,6,26,86.0,93.2,81.0
6,590820,1990,8,12,88.3,96.4,81.3
7,590820,1990,8,31,88.3,99.1,78.4
8,590820,1990,10,5,81.0,88.7,73.4
9,590820,1990,10,12,72.2,82.4,63.5
10,590820,1990,10,17,75.8,87.8,64.4
11,590820,1990,10,19,76.0,84.7,68.0
12,590820,1990,10,20,77.6,89.6,68.4
13,590820,1990,10,29,70.0,78.8,63.3
14,590820,1990,11,24,63.6,74.8,53.6
15,590820,1990,12,2,48.8,56.5,42.4
16,590820,1990,12,11,65.4,78.8,56.1
17,590820,1990,12,21,55.7,66.0,48.6
18,590820,1990,12,29,60.8,67.5,53.4
19,590820,1990,6,19,83.4,92.1,78.1
20,590820,1990,10,2,76.6,82.4,71.2
21,590820,1990,12,12,60.5,69.6,56.3
22,590820,1990,10,18,77.3,86.9,67.5
23,590820,1990,2,16,68.9,75.9,65.3
24,590820,1990,9,14,82.2,91.0,76.6
25,590820,1990,1,6,55.7,62.4,52.3
26,590820,1990,8,9,88.4,96.6,79.7
27,590820,1990,9,25,76.7,82.9,71.6
28,590820,1990,1,16,43.8,47.3,40.1
29,590820,1990,6,12,85.2,92.7,80.6
30,590820,1990,10,11,74.5,85.3,65.5
31,590820,1990,6,25,88.2,96.6,81.7
32,590820,1990,12,22,53.9,65.1,45.3
33,590820,1990,2,10,62.1,77.7,54.7
34,590820,1990,3,22,72.6,78.3,68.0
35,590820,1990,6,23,86.2,97.9,78.6
36,590820,1990,7,16,86.2,94.1,80.2
37,590820,1990,7,19,87.2,95.5,79.9
38,590820,1990,8,3,85.1,92.5,78.4
39,590820,1990,8,21,87.2,92.3,83.3
40,590820,1990,8,29,88.7,97.0,79.0
41,590820,1990,10,9,75.3,86.2,66.9
42,590820,1990,10,15,73.9,84.2,65.1
43,590820,1990,11,28,60.1,71.4,51.1
44,590820,1990,12,9,60.6,78.1,48.9
45,590820,1990,12,26,58.4,63.0,55.0
46,590820,1990,3,9,61.0,69.3,54.3
47,590820,1990,9,15,81.0,87.3,76.6
48,590820,1990,10,25,65.1,71.8,56.8
49,590820,1990,12,1,49.7,58.3,42.8
50,590820,1990,1,2,52.6,62.4,47.1
51,590820,1990,6,9,78.7,88.3,71.6
52,590820,1990,2,11,56.3,58.3,51.8
53,590820,1990,3,23,70.6,72.0,66.9
54,590820,1990,6,30,85.5,96.4,78.6
55,590820,1990,3,21,73.1,79.9,62.4
56,590820,1990,8,17,90.0,100.8,80.2
57,590820,1990,11,5,73.6,82.4,66.2
58,590820,1990,1,4,54.3,60.1,46.6
59,590820,1990,1,29,63.0,72.3,50.0
60,590820,1990,2,2,39.2,40.3,36.9
61,590820,1990,2,5,44.1,45.5,42.3
62,590820,1990,2,15,70.2,78.1,62.6
63,590820,1990,3,13,67.9,72.1,64.4
64,590820,1990,4,21,78.6,86.4,69.1
65,590820,1990,5,24,66.1,68.7,62.6
66,590820,1990,5,26,76.5,83.7,65.8
67,590820,1990,5,27,77.0,84.4,71.1
68,590820,1990,6,4,79.9,87.3,74.3
69,590820,1990,7,13,82.7,92.7,76.1
70,590820,1990,7,15,83.7,89.6,75.6
71,590820,1990,8,5,84.0,93.7,76.5
72,590820,1990,8,24,81.2,87.3,75.4
73,590820,1990,9,20,74.6,76.6,73.0
74,590820,1990,9,21,80.2,86.9,73.8
75,590820,1990,10,24,65.5,68.4,63.7
76,590820,1990,10,28,66.8,72.3,61.9
77,590820,1990,11,16,61.9,63.1,58.1
78,590820,1990,1,17,46.4,48.4,42.1
79,590820,1990,10,22,78.0,86.9,70.5
80,590820,1990,1,18,50.0,51.8,45.5
81,590820,1990,4,19,66.6,67.6,63.0
82,590820,1990,5,17,65.9,66.9,64.2
83,590820,1990,7,29,85.9,96.1,75.7
84,590820,1990,1,21,42.7,44.4,39.2
85,590820,1990,3,30,58.5,62.1,56.3
86,590820,1990,4,2,71.9,76.3,63.5
87,590820,1990,4,10,66.0,70.5,62.8
88,590820,1990,5,9,76.5,81.5,73.8
89,590820,1990,5,10,77.1,84.2,72.7
90,590820,1990,6,2,76.5,81.3,70.7
91,590820,1990,6,17,79.1,81.9,76.6
92,590820,1990,6,18,81.4,87.1,77.7
93,590820,1990,7,31,77.0,81.7,73.8
94,590820,1990,8,2,82.6,90.0,77.4
95,590820,1990,9,6,85.5,98.1,78.3
96,590820,1990,9,13,82.5,92.1,76.1
97,590820,1990,4,9,64.5,67.6,62.2
98,590820,1990,4,27,71.0,75.9,65.5
99,590820,1990,5,3,66.9,78.3,59.7
100,590820,1990,2,22,57.3,67.8,49.6
101,590820,1990,1,31,34.5,39.4,32.4
102,590820,1990,3,10,57.7,59.7,56.7
103,590820,1990,5,4,60.6,65.1,57.4
104,590820,1990,7,1,80.2,88.0,77.5
105,590820,1990,9,30,79.8,86.9,73.4
106,590820,1990,10,21,78.3,85.1,72.0
107,590820,1990,11,9,57.2,66.4,53.4
108,590820,1990,1,19,47.2,50.7,44.8
109,590820,1990,1,7,54.9,60.4,52.2
110,590820,1990,1,11,53.3,57.9,51.1
111,590820,1990,4,3,64.9,76.6,57.9
112,590820,1990,5,18,70.9,80.4,63.7
113,590820,1990,9,3,83.8,91.8,75.4
114,590820,1990,9,10,79.0,83.8,75.4
115,590820,1990,2,7,56.7,62.4,44.6
116,590820,1990,3,16,63.4,65.5,59.9
117,590820,1990,6,21,84.7,92.3,77.7
118,590820,1990,11,18,71.2,78.8,65.3
119,590820,1990,12,30,65.9,74.7,58.5
120,590820,1990,6,7,82.5,89.4,77.0
121,590820,1990,6,27,87.1,94.1,81.0
122,590820,1990,7,7,88.5,95.5,80.8
123,590820,1990,8,15,89.8,98.8,78.6
124,590820,1990,9,4,83.5,90.9,75.2
125,590820,1990,10,26,65.7,73.8,55.4
126,590820,1990,10,30,69.1,79.7,63.1
127,590820,1990,11,2,75.8,85.6,67.1
128,590820,1990,11,25,64.2,72.3,57.2
129,590820,1990,1,8,61.5,71.1,51.3
130,590820,1990,2,1,39.4,40.8,32.0
131,590820,1990,2,3,40.7,43.3,38.7
132,590820,1990,2,8,60.0,68.2,54.1
133,590820,1990,2,9,63.7,72.0,54.1
134,590820,1990,2,14,64.5,68.5,60.6
135,590820,1990,3,12,69.1,78.1,59.0
136,590820,1990,4,30,79.7,87.3,50.4
137,590820,1990,5,1,79.5,86.9,74.7
138,590820,1990,5,8,78.8,88.2,68.0
139,590820,1990,6,14,86.7,92.8,79.9
140,590820,1990,6,20,86.0,94.6,77.5
141,590820,1990,6,22,87.4,97.9,78.3
142,590820,1990,6,24,87.4,97.2,78.1
143,590820,1990,6,28,89.2,98.8,79.9
144,590820,1990,7,10,89.2,103.6,81.3
145,590820,1990,8,14,87.8,98.8,78.6
146,590820,1990,8,20,88.6,94.6,83.1
147,590820,1990,9,1,89.5,100.9,77.7
148,590820,1990,9,28,80.2,90.3,71.6
149,590820,1990,9,29,82.4,92.7,73.2
150,590820,1990,10,16,74.5,86.7,63.5
151,590820,1990,11,1,74.4,85.5,64.0
152,590820,1990,11,7,75.3,80.1,70.7
153,590820,1990,11,11,58.4,70.9,47.3
154,590820,1990,11,12,61.4,75.9,48.2
155,590820,1990,11,19,73.2,82.4,66.9
156,590820,1990,11,23,60.9,72.7,51.3
157,590820,1990,11,29,59.6,70.9,48.6
158,590820,1990,12,8,58.0,75.9,44.1
159,590820,1990,12,15,56.4,61.5,51.4
160,590820,1990,12,16,57.7,66.4,52.3
161,590820,1990,12,17,57.9,64.8,52.5
162,590820,1990,12,23,56.3,65.3,43.3
163,590820,1990,12,24,56.7,68.0,47.5
164,590820,1990,2,6,49.6,54.3,43.3
165,590820,1990,3,11,63.2,73.4,56.5
166,590820,1990,7,17,88.1,95.5,79.7
167,590820,1990,11,15,65.8,78.3,57.0
168,590820,1990,4,24,62.1,68.5,56.7
169,590820,1990,7,5,86.8,94.1,78.6
170,590820,1990,1,3,51.5,58.1,46.9
171,590820,1990,1,5,53.1,54.5,50.5
172,590820,1990,1,22,43.5,44.8,42.1
173,590820,1990,3,26,62.3,65.3,59.4
174,590820,1990,4,18,63.4,66.0,61.2
175,590820,1990,4,20,71.1,75.0,66.0
176,590820,1990,4,26,67.7,71.8,61.0
177,590820,1990,5,12,75.0,80.4,71.4
178,590820,1990,5,15,79.1,86.0,72.0
179,590820,1990,6,1,71.5,73.4,69.1
180,590820,1990,6,10,80.4,86.9,71.6
181,590820,1990,7,4,85.0,92.7,77.7
182,590820,1990,8,1,79.4,82.4,75.9
183,590820,1990,8,8,86.7,96.4,78.4
184,590820,1990,9,5,86.0,96.3,78.3
185,590820,1990,9,12,77.1,82.8,72.5
186,590820,1990,9,24,74.1,76.5,72.1
187,590820,1990,8,25,84.4,94.5,74.5
188,590820,1990,4,6,58.7,66.7,55.4
189,590820,1990,5,14,81.0,90.5,70.0
190,590820,1990,7,8,88.5,97.0,80.8
191,590820,1990,7,22,87.7,97.2,76.5
192,590820,1990,9,7,88.8,99.3,77.7
193,590820,1990,10,8,75.0,87.1,63.9
194,590820,1990,1,28,56.8,71.1,45.3
195,590820,1990,3,6,55.2,66.7,45.3
196,590820,1990,3,27,66.0,69.1,61.2
197,590820,1990,6,15,86.8,95.0,80.6
198,590820,1990,8,10,89.3,95.7,81.1
199,590820,1990,11,4,72.1,80.2,64.8
200,590820,1990,1,24,50.9,60.4,38.1
201,590820,1990,1,25,54.1,63.3,48.0
202,590820,1990,2,4,43.8,47.5,38.7
203,590820,1990,2,21,68.6,75.9,60.8
204,590820,1990,3,2,49.0,53.1,44.6
205,590820,1990,3,5,47.8,49.8,45.5
206,590820,1990,3,14,65.8,67.8,63.9
207,590820,1990,3,17,65.0,71.2,59.5
208,590820,1990,3,18,67.0,73.0,61.2
209,590820,1990,3,20,70.6,81.1,61.3
210,590820,1990,4,5,57.7,60.8,54.3
211,590820,1990,4,13,63.9,71.6,57.9
212,590820,1990,4,29,78.1,85.6,70.7
213,590820,1990,5,2,80.9,86.7,75.2
214,590820,1990,5,6,72.9,85.5,57.2
215,590820,1990,5,7,77.4,89.8,62.2
216,590820,1990,5,21,83.8,91.4,72.7
217,590820,1990,5,25,68.3,72.0,64.6
218,590820,1990,6,11,79.5,85.5,76.6
219,590820,1990,7,9,88.5,97.3,81.7
220,590820,1990,7,11,87.6,96.1,81.7
221,590820,1990,7,20,88.0,97.3,79.0
222,590820,1990,7,24,87.4,96.8,77.0
223,590820,1990,7,26,89.5,99.5,80.2
224,590820,1990,7,27,89.8,100.6,80.4
225,590820,1990,8,6,86.9,94.5,77.7
226,590820,1990,8,16,89.4,100.2,80.4
227,590820,1990,8,27,87.0,96.6,78.6
228,590820,1990,8,28,87.7,97.0,78.6
229,590820,1990,8,30,89.4,100.6,78.1
230,590820,1990,9,18,79.0,87.8,71.1
231,590820,1990,9,22,83.5,91.0,76.6
232,590820,1990,10,4,79.0,87.1,69.8
233,590820,1990,10,10,75.5,85.1,66.6
234,590820,1990,10,13,73.0,82.8,63.1
235,590820,1990,10,27,68.0,77.4,59.4
236,590820,1990,10,31,70.2,79.2,63.5
237,590820,1990,11,6,77.4,86.4,68.9
238,590820,1990,11,10,59.4,68.5,53.2
239,590820,1990,11,14,66.6,79.9,53.2
240,590820,1990,11,17,65.6,66.4,62.2
241,590820,1990,11,22,58.7,67.8,51.6
242,590820,1990,12,5,51.9,69.1,37.8
243,590820,1990,12,6,52.9,69.4,40.1
244,590820,1990,12,7,54.3,71.2,41.0
245,590820,1990,2,12,65.7,72.3,55.4
246,590820,1990,3,4,46.3,47.7,44.2
247,590820,1990,8,19,85.5,93.2,80.4
248,590820,1990,11,13,67.1,79.2,50.4
249,590820,1990,4,14,60.0,63.0,57.6
250,590820,1990,9,9,80.8,87.3,77.0
251,590820,1990,1,1,53.6,57.2,50.7
252,590820,1990,2,19,62.9,68.2,58.1
253,590820,1990,2,26,42.8,46.6,38.5
254,590820,1990,2,27,43.2,44.2,41.0
255,590820,1990,2,28,46.5,51.6,43.2
256,590820,1990,3,1,47.3,51.1,44.4
257,590820,1990,3,24,70.0,72.5,67.6
258,590820,1990,3,31,62.3,64.8,56.8
259,590820,1990,4,7,60.9,63.3,56.5
260,590820,1990,4,8,65.0,71.4,58.1
261,590820,1990,4,11,68.5,76.3,64.0
262,590820,1990,4,15,60.2,62.4,58.5
263,590820,1990,4,16,61.5,62.6,59.2
264,590820,1990,4,25,62.5,64.8,60.1
265,590820,1990,5,19,76.4,89.1,62.6
266,590820,1990,5,28,79.1,85.1,72.5
267,590820,1990,5,29,79.1,86.0,74.5
268,590820,1990,6,3,79.4,88.3,74.1
269,590820,1990,6,8,75.0,79.7,72.1
270,590820,1990,7,6,87.0,94.3,79.9
271,590820,1990,8,26,88.4,99.7,78.8
272,590820,1990,9,26,77.5,82.0,72.9
273,590820,1990,7,3,81.1,90.0,75.6
274,590820,1990,4,4,56.8,60.3,54.5
275,590820,1990,3,8,59.3,65.5,54.7
276,590820,1990,11,26,62.2,70.0,58.3
277,590820,1990,12,10,63.9,76.6,51.6
278,590820,1990,12,27,56.9,59.5,54.3
279,590820,1990,3,19,70.0,80.4,60.8
280,590820,1990,4,22,70.5,79.0,65.1
281,590820,1990,5,22,80.0,88.5,71.2
282,590820,1990,5,23,70.0,75.2,66.6
283,590820,1990,6,29,82.6,89.2,79.2
284,590820,1990,7,12,82.6,94.1,76.6
285,590820,1990,7,18,86.5,94.8,81.0
286,590820,1990,7,23,86.2,98.2,78.1
287,590820,1990,7,25,88.6,98.1,80.8
288,590820,1990,8,13,88.1,97.0,79.7
289,590820,1990,8,22,88.0,100.4,77.7
290,590820,1990,8,23,81.2,93.6,75.9
291,590820,1990,9,19,76.4,82.4,73.2
292,590820,1990,9,23,79.4,89.6,73.0
293,590820,1990,9,27,78.8,86.4,72.5
294,590820,1990,10,6,78.0,87.3,67.6
295,590820,1990,10,14,74.6,84.2,66.4
296,590820,1990,11,20,66.9,75.6,61.3
297,590820,1990,11,27,61.9,69.1,54.9
298,590820,1990,12,13,58.4,62.2,55.4
299,590820,1990,12,14,56.1,58.8,51.4
300,590820,1990,12,19,58.4,68.4,50.5
301,590820,1990,1,26,54.3,64.9,45.9
302,590820,1990,8,11,87.7,96.4,82.6
303,590820,1990,9,17,79.8,87.3,72.1
304,590820,1990,1,13,51.3,54.3,49.5
305,590820,1990,3,28,70.0,74.1,59.0
306,590820,1990,3,29,58.4,60.1,56.8
307,590820,1990,1,14,50.8,52.2,47.8
308,590820,1990,1,20,42.0,44.8,39.6
309,590820,1990,2,18,64.3,71.4,58.5
310,590820,1990,2,20,62.2,65.1,59.5
311,590820,1990,2,24,43.0,45.1,40.3
312,590820,1990,4,12,66.4,73.8,58.6
313,590820,1990,4,17,62.9,67.5,61.3
314,590820,1990,5,11,75.3,81.0,71.6
315,590820,1990,5,16,74.3,85.1,64.6
316,590820,1990,7,2,80.3,90.0,76.1
317,590820,1990,7,14,81.2,88.3,75.9
318,590820,1990,12,4,52.2,63.7,42.6
319,590820,1990,12,20,53.0,57.0,49.5
320,590820,1990,12,25,56.3,63.5,51.1
321,590820,1990,2,13,62.5,66.4,61.0
322,590820,1990,2,23,48.5,51.6,44.6
323,590820,1990,3,3,46.5,48.0,45.5
324,590820,1990,3,15,63.3,71.8,60.3
325,590820,1990,5,30,79.4,82.8,74.5
326,590820,1990,12,28,56.0,57.9,54.1
327,590820,1990,1,9,61.9,71.8,55.8
328,590820,1990,1,30,46.2,62.4,37.0
329,590820,1990,6,5,81.5,87.8,78.1
330,590820,1990,6,6,79.7,84.0,77.4
331,590820,1990,6,13,86.1,92.7,80.8
332,590820,1990,7,30,84.8,96.3,75.7
333,590820,1990,9,2,86.1,96.4,78.4
334,590820,1990,9,16,79.7,86.0,75.0
335,590820,1990,10,1,76.3,80.6,72.3
336,590820,1990,10,3,74.7,80.6,71.4
337,590820,1990,10,7,75.4,85.5,65.1
338,590820,1990,10,23,73.3,82.8,67.3
339,590820,1990,11,8,73.0,81.5,66.4
340,590820,1990,11,21,58.8,66.2,51.8
341,590820,1990,11,30,55.9,63.5,50.2
342,590820,1990,12,3,49.3,57.4,43.3
343,590820,1990,12,18,55.4,65.5,49.1
344,590820,1990,12,31,66.2,79.2,54.7
345,590820,1990,7,21,85.3,96.1,77.0
346,590820,1990,8,18,84.2,91.2,80.8
347,590820,1990,11,3,73.2,81.0,66.6
348,590820,1990,1,10,56.2,58.8,54.5
349,590820,1990,5,31,78.6,87.4,70.3
350,590820,1990,1,12,54.0,57.6,50.7
351,590820,1990,1,15,43.6,51.6,40.6
352,590820,1990,1,23,46.8,57.2,41.0
353,590820,1990,2,17,63.9,69.1,60.8
354,590820,1990,2,25,40.8,42.8,39.2
355,590820,1990,3,25,65.1,69.6,60.8
356,590820,1990,4,1,65.1,68.7,62.2
357,590820,1990,5,13,76.6,83.7,70.9
358,590820,1990,6,16,82.7,93.6,76.8
359,590820,1990,7,28,82.5,93.7,75.7
360,590820,1990,8,7,85.0,96.4,79.3
361,590820,1990,9,8,84.4,92.3,77.4
362,590820,1990,9,11,76.5,81.1,73.2
363,590820,1990,4,23,61.5,67.5,57.0
364,590820,1990,8,4,82.8,92.3,76.6
0,590820,1991,2,21,56.5,63.3,46.4
1,590820,1991,1,20,62.1,70.7,53.2
2,590820,1991,2,16,52.8,56.5,45.0
3,590820,1991,4,14,75.4,79.9,68.4
4,590820,1991,5,28,81.8,90.7,74.5
5,590820,1991,5,29,84.0,91.8,75.2
6,590820,1991,8,4,84.9,94.1,77.2
7,590820,1991,8,5,86.3,94.3,77.2
8,590820,1991,8,18,83.9,95.5,77.0
9,590820,1991,8,19,82.9,92.3,76.5
10,590820,1991,8,23,84.7,93.4,76.6
11,590820,1991,8,30,85.1,93.9,77.2
12,590820,1991,10,31,62.2,77.7,46.2
13,590820,1991,9,2,86.8,97.0,77.9
14,590820,1991,11,6,72.8,83.1,63.1
15,590820,1991,12,9,59.6,68.0,47.8
16,590820,1991,11,5,67.8,81.0,52.9
17,590820,1991,11,12,55.0,70.5,42.4
18,590820,1991,11,15,55.6,69.4,42.1
19,590820,1991,11,17,57.4,73.2,44.2
20,590820,1991,12,7,59.9,75.0,51.3
21,590820,1991,12,24,68.0,78.3,54.9
22,590820,1991,12,6,59.5,71.8,53.1
23,590820,1991,8,28,83.1,92.8,76.3
24,590820,1991,1,8,45.7,46.8,45.0
25,590820,1991,4,12,79.6,86.2,76.1
26,590820,1991,5,31,84.1,92.8,77.7
27,590820,1991,2,5,57.0,67.6,49.6
28,590820,1991,2,6,62.2,71.6,52.9
29,590820,1991,3,8,74.5,80.2,67.3
30,590820,1991,3,12,56.9,60.6,52.7
31,590820,1991,5,27,81.8,90.3,75.2
32,590820,1991,6,4,85.4,96.3,77.4
33,590820,1991,6,18,84.7,92.8,78.4
34,590820,1991,6,26,80.3,87.3,76.1
35,590820,1991,7,12,83.7,96.6,76.6
36,590820,1991,8,22,82.7,93.0,77.4
37,590820,1991,9,12,80.6,88.5,75.6
38,590820,1991,9,14,78.4,86.7,67.6
39,590820,1991,9,17,76.9,81.5,73.6
40,590820,1991,9,19,80.3,90.0,71.4
41,590820,1991,10,2,80.1,90.3,73.4
42,590820,1991,10,10,70.5,85.8,61.2
43,590820,1991,10,24,66.5,77.7,56.7
44,590820,1991,4,10,78.0,83.5,76.3
45,590820,1991,9,1,85.5,92.5,78.8
46,590820,1991,9,27,74.6,81.7,65.8
47,590820,1991,8,16,83.8,94.3,78.6
48,590820,1991,8,17,83.7,89.8,78.1
49,590820,1991,8,27,83.0,94.8,75.7
50,590820,1991,9,11,82.9,94.5,75.6
51,590820,1991,12,28,33.2,37.6,29.7
52,590820,1991,11,14,57.9,72.1,45.0
53,590820,1991,12,12,54.5,62.6,50.4
54,590820,1991,12,15,57.3,72.7,46.9
55,590820,1991,12,20,51.3,63.1,43.2
56,590820,1991,4,20,58.7,61.0,55.9
57,590820,1991,6,13,82.9,89.2,77.0
58,590820,1991,3,19,62.5,66.7,55.6
59,590820,1991,4,9,73.4,77.2,67.3
60,590820,1991,1,12,48.4,53.4,41.7
61,590820,1991,2,17,56.3,63.0,51.3
62,590820,1991,3,20,66.2,70.0,60.8
63,590820,1991,3,28,54.2,59.5,49.3
64,590820,1991,5,19,78.3,82.4,74.3
65,590820,1991,7,15,82.4,89.8,77.2
66,590820,1991,2,26,53.2,54.0,51.6
67,590820,1991,6,11,79.6,84.2,76.1
68,590820,1991,5,3,62.2,63.7,58.8
69,590820,1991,5,23,85.0,91.0,76.1
70,590820,1991,6,28,81.1,89.4,76.3
71,590820,1991,6,29,83.1,90.7,76.5
72,590820,1991,7,20,79.0,82.4,75.7
73,590820,1991,7,21,80.3,88.5,77.2
74,590820,1991,7,24,82.5,88.7,78.1
75,590820,1991,7,31,81.9,92.3,78.6
76,590820,1991,9,9,76.2,78.8,74.3
77,590820,1991,12,2,59.2,62.6,55.6
78,590820,1991,12,1,60.5,69.1,51.8
79,590820,1991,6,22,78.5,84.0,74.5
80,590820,1991,1,17,53.0,55.8,51.1
81,590820,1991,1,1,50.1,54.7,48.6
82,590820,1991,1,2,53.5,56.5,49.6
83,590820,1991,1,31,49.0,55.0,43.3
84,590820,1991,2,10,62.8,67.5,60.4
85,590820,1991,3,30,50.8,53.2,48.6
86,590820,1991,4,3,59.5,67.8,53.1
87,590820,1991,5,4,65.7,66.6,63.0
88,590820,1991,5,5,73.5,76.3,67.5
89,590820,1991,5,10,68.9,71.8,66.0
90,590820,1991,5,12,75.5,80.2,72.1
91,590820,1991,5,20,81.9,90.1,78.3
92,590820,1991,6,6,79.2,94.8,74.1
93,590820,1991,6,8,78.5,84.0,76.3
94,590820,1991,6,19,83.3,92.5,76.5
95,590820,1991,10,19,71.8,81.5,64.2
96,590820,1991,1,4,44.6,46.4,42.3
97,590820,1991,3,1,49.9,57.6,48.0
98,590820,1991,7,19,88.4,97.9,76.3
99,590820,1991,8,9,83.1,92.1,78.1
100,590820,1991,9,7,73.9,78.6,73.0
101,590820,1991,10,4,73.2,82.6,64.6
102,590820,1991,8,20,82.4,92.3,77.0
103,590820,1991,11,7,67.0,76.8,59.0
104,590820,1991,11,25,54.9,56.7,53.6
105,590820,1991,12,27,35.0,43.0,30.9
106,590820,1991,4,23,74.0,82.2,61.0
107,590820,1991,1,15,47.6,57.2,40.1
108,590820,1991,10,9,70.0,83.3,59.4
109,590820,1991,1,19,57.3,65.7,52.3
110,590820,1991,1,26,48.7,52.0,46.0
111,590820,1991,1,28,54.2,59.9,51.1
112,590820,1991,2,4,51.9,54.7,49.1
113,590820,1991,2,7,63.0,71.6,54.0
114,590820,1991,2,20,52.6,59.7,44.6
115,590820,1991,3,4,54.2,56.1,49.1
116,590820,1991,3,5,60.2,62.8,54.5
117,590820,1991,3,18,56.8,60.1,51.4
118,590820,1991,3,22,51.4,54.5,47.5
119,590820,1991,3,24,61.1,63.3,54.5
120,590820,1991,4,2,55.3,59.4,52.3
121,590820,1991,4,11,78.1,81.1,75.9
122,590820,1991,4,22,65.3,72.7,58.5
123,590820,1991,4,24,78.2,90.1,65.7
124,590820,1991,4,27,80.6,86.7,71.6
125,590820,1991,6,5,86.0,94.3,76.8
126,590820,1991,7,7,85.5,93.0,80.6
127,590820,1991,7,18,88.6,98.6,80.1
128,590820,1991,7,26,84.8,94.8,77.2
129,590820,1991,8,2,86.2,93.9,78.6
130,590820,1991,8,25,84.2,92.3,74.5
131,590820,1991,8,29,83.8,94.8,75.7
132,590820,1991,8,31,85.8,93.6,79.5
133,590820,1991,9,16,79.0,88.2,64.8
134,590820,1991,9,18,80.1,90.7,73.4
135,590820,1991,9,21,77.4,86.2,65.1
136,590820,1991,10,11,74.6,87.6,60.1
137,590820,1991,10,12,77.1,85.8,68.4
138,590820,1991,10,23,66.6,73.8,59.4
139,590820,1991,10,29,59.7,74.7,44.8
140,590820,1991,4,16,80.2,84.6,74.1
141,590820,1991,5,30,84.0,92.1,77.0
142,590820,1991,6,15,85.5,92.7,79.7
143,590820,1991,6,10,77.8,81.5,75.6
144,590820,1991,7,25,84.8,92.8,77.7
145,590820,1991,6,21,82.3,91.2,76.5
146,590820,1991,6,27,78.9,84.6,74.8
147,590820,1991,7,13,81.1,90.3,75.9
148,590820,1991,7,23,83.0,94.8,73.4
149,590820,1991,8,10,82.5,94.1,77.7
150,590820,1991,8,14,83.8,93.0,76.1
151,590820,1991,8,21,83.7,94.8,76.8
152,590820,1991,9,28,73.1,80.4,64.4
153,590820,1991,10,14,69.1,73.6,68.0
154,590820,1991,10,15,70.4,72.0,67.6
155,590820,1991,1,6,43.0,44.6,40.1
156,590820,1991,11,4,64.6,77.9,50.0
157,590820,1991,12,5,60.1,70.3,51.6
158,590820,1991,11,20,59.0,75.4,45.7
159,590820,1991,11,1,63.5,72.1,53.4
160,590820,1991,11,9,63.4,70.5,57.0
161,590820,1991,11,16,56.4,71.4,43.0
162,590820,1991,11,21,63.5,78.6,47.3
163,590820,1991,12,14,52.7,64.8,40.1
164,590820,1991,12,16,58.9,76.3,44.8
165,590820,1991,12,29,38.4,42.6,29.3
166,590820,1991,1,27,54.6,66.2,47.8
167,590820,1991,3,23,55.2,57.9,50.9
168,590820,1991,6,7,77.9,89.2,72.5
169,590820,1991,8,1,84.1,90.1,78.4
170,590820,1991,8,13,81.1,87.8,73.9
171,590820,1991,5,8,62.6,65.1,59.4
172,590820,1991,3,9,74.7,81.9,66.2
173,590820,1991,3,14,58.3,63.5,54.5
174,590820,1991,4,8,68.2,70.7,67.1
175,590820,1991,4,21,61.9,66.4,58.3
176,590820,1991,5,13,77.7,84.7,72.5
177,590820,1991,5,24,85.7,89.8,79.0
178,590820,1991,10,25,64.5,80.6,54.7
179,590820,1991,1,9,47.2,50.7,40.3
180,590820,1991,1,13,46.7,47.8,45.7
181,590820,1991,1,16,53.8,62.4,40.5
182,590820,1991,1,22,56.0,59.9,52.7
183,590820,1991,1,23,58.2,63.7,53.1
184,590820,1991,2,3,53.0,59.5,50.0
185,590820,1991,2,8,67.2,77.4,59.7
186,590820,1991,2,11,65.1,70.9,60.3
187,590820,1991,2,24,59.0,71.2,43.0
188,590820,1991,2,27,59.4,62.8,52.0
189,590820,1991,3,13,58.4,63.1,53.1
190,590820,1991,3,25,64.2,66.4,61.5
191,590820,1991,3,26,68.6,73.2,63.5
192,590820,1991,4,4,57.5,59.9,54.7
193,590820,1991,4,5,59.8,61.5,56.7
194,590820,1991,4,15,77.5,81.5,73.6
195,590820,1991,4,25,80.3,89.6,70.7
196,590820,1991,4,28,82.2,88.9,76.1
197,590820,1991,5,14,78.8,86.0,74.3
198,590820,1991,6,1,84.5,92.1,77.0
199,590820,1991,6,2,85.7,93.2,77.9
200,590820,1991,6,3,87.8,95.9,78.3
201,590820,1991,6,12,79.3,83.1,76.6
202,590820,1991,6,24,80.3,90.0,70.0
203,590820,1991,7,11,85.8,95.5,75.0
204,590820,1991,7,27,87.3,96.8,77.9
205,590820,1991,7,28,87.3,94.5,79.9
206,590820,1991,7,30,87.0,94.3,80.8
207,590820,1991,8,6,86.6,93.9,81.5
208,590820,1991,8,7,87.0,94.8,81.5
209,590820,1991,9,22,74.9,87.1,63.9
210,590820,1991,9,24,79.0,86.7,69.6
211,590820,1991,10,1,76.1,87.3,63.5
212,590820,1991,10,20,69.5,80.1,63.3
213,590820,1991,10,26,68.3,83.3,55.6
214,590820,1991,10,30,60.7,77.4,44.4
215,590820,1991,3,17,53.4,56.7,50.4
216,590820,1991,6,25,84.0,94.5,71.4
217,590820,1991,7,29,87.1,95.4,81.0
218,590820,1991,7,14,83.3,91.6,77.0
219,590820,1991,5,18,77.2,82.6,73.8
220,590820,1991,6,20,79.6,86.7,76.1
221,590820,1991,7,5,83.9,89.1,77.9
222,590820,1991,7,6,85.7,92.3,80.6
223,590820,1991,9,4,84.7,96.3,76.3
224,590820,1991,9,8,76.5,80.4,72.7
225,590820,1991,10,18,71.8,80.8,63.7
226,590820,1991,6,30,85.8,91.4,78.6
227,590820,1991,11,13,59.2,74.5,43.3
228,590820,1991,11,18,57.0,76.1,42.4
229,590820,1991,11,19,59.7,76.3,43.3
230,590820,1991,11,22,69.8,82.9,54.1
231,590820,1991,11,23,71.1,83.7,61.7
232,590820,1991,12,10,61.3,67.5,57.6
233,590820,1991,12,21,50.6,62.4,41.2
234,590820,1991,12,22,54.0,60.1,41.7
235,590820,1991,11,26,56.5,59.5,53.2
236,590820,1991,11,27,55.4,59.4,53.8
237,590820,1991,11,29,54.7,57.2,50.9
238,590820,1991,12,4,59.6,72.7,50.7
239,590820,1991,12,23,59.5,64.9,52.9
240,590820,1991,12,31,44.6,47.1,38.7
241,590820,1991,5,15,78.1,87.3,72.5
242,590820,1991,1,3,47.8,53.4,46.6
243,590820,1991,1,18,52.5,54.7,51.3
244,590820,1991,4,1,57.1,65.8,49.6
245,590820,1991,4,19,60.8,78.1,56.1
246,590820,1991,1,25,49.6,52.7,47.8
247,590820,1991,2,2,51.7,60.1,45.1
248,590820,1991,2,14,50.4,54.7,47.1
249,590820,1991,2,15,49.8,53.4,46.8
250,590820,1991,3,15,55.1,58.1,52.9
251,590820,1991,3,21,61.5,73.4,49.5
252,590820,1991,6,16,84.7,91.2,80.2
253,590820,1991,10,8,72.2,82.9,60.8
254,590820,1991,1,5,43.2,48.9,40.6
255,590820,1991,1,14,45.5,48.2,42.6
256,590820,1991,1,29,53.1,57.9,48.7
257,590820,1991,2,12,65.0,71.8,61.9
258,590820,1991,2,19,48.3,50.7,45.7
259,590820,1991,2,23,55.8,68.4,44.6
260,590820,1991,2,28,62.4,69.6,55.6
261,590820,1991,3,2,47.1,48.2,46.0
262,590820,1991,3,6,66.9,71.2,60.4
263,590820,1991,3,16,54.8,60.4,51.4
264,590820,1991,3,29,54.4,57.4,52.5
265,590820,1991,4,6,64.1,73.9,54.0
266,590820,1991,5,9,67.4,72.5,62.4
267,590820,1991,5,21,85.0,91.2,81.3
268,590820,1991,5,25,84.5,91.9,81.3
269,590820,1991,6,9,78.1,80.6,75.7
270,590820,1991,6,14,81.7,87.8,75.2
271,590820,1991,6,17,84.1,92.8,79.3
272,590820,1991,7,1,84.6,90.7,79.7
273,590820,1991,7,2,83.5,91.8,77.7
274,590820,1991,7,9,83.5,91.8,77.2
275,590820,1991,7,16,84.9,92.3,79.9
276,590820,1991,7,17,87.8,98.1,81.5
277,590820,1991,8,3,85.9,94.1,78.1
278,590820,1991,9,15,76.0,86.9,65.7
279,590820,1991,9,23,77.4,89.2,67.5
280,590820,1991,9,26,76.6,84.9,71.4
281,590820,1991,10,6,72.8,81.1,64.8
282,590820,1991,10,22,66.2,75.4,59.9
283,590820,1991,10,28,58.7,72.3,45.9
284,590820,1991,1,30,54.1,61.9,46.9
285,590820,1991,2,1,46.6,49.8,42.4
286,590820,1991,3,7,73.0,79.2,69.4
287,590820,1991,7,3,80.6,87.6,77.0
288,590820,1991,8,24,81.8,94.1,75.0
289,590820,1991,8,11,77.8,86.9,75.6
290,590820,1991,5,2,62.5,66.2,58.8
291,590820,1991,5,6,73.2,80.6,68.2
292,590820,1991,5,17,78.6,88.3,72.0
293,590820,1991,7,22,79.7,91.0,74.1
294,590820,1991,8,8,83.3,93.6,77.5
295,590820,1991,9,5,80.3,91.2,76.6
296,590820,1991,10,13,74.8,81.5,68.9
297,590820,1991,5,7,62.4,68.9,60.1
298,590820,1991,9,6,79.3,85.8,75.6
299,590820,1991,11,2,64.8,72.5,57.2
300,590820,1991,12,13,51.4,59.7,44.8
301,590820,1991,11,3,63.5,79.5,51.3
302,590820,1991,12,8,58.3,70.3,48.6
303,590820,1991,11,10,60.7,71.4,49.8
304,590820,1991,11,24,60.8,66.9,55.4
305,590820,1991,11,28,54.9,59.4,51.4
306,590820,1991,11,30,56.2,63.1,51.8
307,590820,1991,12,26,46.3,48.9,40.5
308,590820,1991,4,26,80.4,87.8,72.5
309,590820,1991,4,29,73.8,84.9,69.1
310,590820,1991,6,23,80.1,90.1,70.9
311,590820,1991,7,10,83.6,92.5,75.6
312,590820,1991,2,25,55.5,58.8,53.1
313,590820,1991,3,27,57.5,69.4,50.7
314,590820,1991,5,16,78.3,89.4,69.6
315,590820,1991,7,4,83.2,90.9,78.1
316,590820,1991,1,11,47.8,50.9,44.8
317,590820,1991,1,10,47.6,48.7,46.2
318,590820,1991,1,21,61.8,73.9,54.7
319,590820,1991,1,24,54.5,58.1,51.8
320,590820,1991,2,9,67.5,75.0,62.1
321,590820,1991,2,13,57.9,63.7,50.0
322,590820,1991,2,18,54.3,57.6,51.8
323,590820,1991,2,22,56.3,67.1,47.3
324,590820,1991,3,3,49.2,50.2,47.5
325,590820,1991,3,10,73.4,78.1,67.5
326,590820,1991,3,11,55.4,72.1,51.8
327,590820,1991,3,31,50.2,53.4,47.1
328,590820,1991,4,7,70.8,80.4,60.1
329,590820,1991,4,13,78.1,90.7,68.9
330,590820,1991,4,17,81.4,87.1,76.6
331,590820,1991,4,30,71.9,75.9,68.5
332,590820,1991,5,1,63.7,70.2,59.4
333,590820,1991,5,26,81.7,93.4,73.4
334,590820,1991,7,8,85.5,92.8,79.3
335,590820,1991,8,26,84.8,93.7,78.1
336,590820,1991,9,13,77.3,82.4,72.9
337,590820,1991,9,20,77.9,89.1,66.4
338,590820,1991,9,25,77.3,82.9,74.1
339,590820,1991,10,5,72.1,82.6,63.0
340,590820,1991,10,7,72.6,80.6,66.9
341,590820,1991,10,21,70.9,79.5,63.3
342,590820,1991,10,27,65.8,78.3,52.0
343,590820,1991,4,18,67.8,79.0,60.8
344,590820,1991,5,11,72.4,76.8,67.8
345,590820,1991,1,7,49.5,54.1,45.3
346,590820,1991,5,22,82.0,90.7,75.4
347,590820,1991,8,12,77.6,88.0,74.8
348,590820,1991,8,15,81.4,90.3,76.6
349,590820,1991,9,3,86.2,97.0,76.5
350,590820,1991,9,10,80.8,89.4,73.6
351,590820,1991,9,29,70.8,74.1,68.2
352,590820,1991,9,30,71.1,81.3,64.0
353,590820,1991,10,3,79.9,92.1,72.1
354,590820,1991,10,16,68.1,71.2,65.7
355,590820,1991,10,17,68.1,72.7,63.9
356,590820,1991,11,11,57.1,68.9,44.2
357,590820,1991,12,18,57.7,69.4,48.2
358,590820,1991,12,3,60.8,70.2,52.5
359,590820,1991,12,11,58.1,63.3,54.1
360,590820,1991,12,17,61.5,76.5,50.5
361,590820,1991,12,19,55.8,66.0,45.5
362,590820,1991,11,8,63.7,74.5,57.4
363,590820,1991,12,25,49.8,69.3,46.2
364,590820,1991,12,30,40.6,43.3,38.7
0,590820,1992,6,24,78.1,82.9,72.5
1,590820,1992,8,25,83.2,90.3,75.7
2,590820,1992,8,7,86.5,97.7,76.6
3,590820,1992,10,22,69.3,83.7,52.2
4,590820,1992,2,14,50.2,51.3,46.8
5,590820,1992,4,4,71.0,79.2,62.6
6,590820,1992,9,8,80.7,87.3,75.6
7,590820,1992,11,5,67.9,80.1,56.1
8,590820,1992,7,27,85.8,94.8,77.2
9,590820,1992,7,2,85.9,92.3,80.4
10,590820,1992,8,10,87.8,98.2,76.3
11,590820,1992,8,1,87.6,97.5,75.9
12,590820,1992,9,6,77.7,80.4,75.4
13,590820,1992,7,28,86.9,94.5,78.6
14,590820,1992,7,29,86.5,94.8,78.1
15,590820,1992,9,2,82.7,92.3,70.9
16,590820,1992,10,20,63.5,81.1,50.9
17,590820,1992,1,4,45.7,46.6,44.8
18,590820,1992,7,1,85.5,91.0,78.8
19,590820,1992,10,21,65.6,83.3,50.9
20,590820,1992,11,3,70.2,85.5,55.6
21,590820,1992,8,15,81.5,88.7,75.4
22,590820,1992,5,17,71.5,79.0,67.3
23,590820,1992,9,29,70.3,76.3,67.3
24,590820,1992,2,4,46.4,49.8,43.7
25,590820,1992,2,29,68.0,77.9,64.2
26,590820,1992,3,14,71.4,76.3,67.6
27,590820,1992,4,9,69.2,75.2,64.4
28,590820,1992,6,26,82.7,94.8,76.6
29,590820,1992,1,13,48.7,52.0,42.8
30,590820,1992,7,5,79.5,84.6,76.8
31,590820,1992,6,10,79.4,87.4,73.2
32,590820,1992,8,13,87.9,97.0,80.1
33,590820,1992,8,29,88.3,95.5,78.8
34,590820,1992,6,5,80.7,89.2,73.6
35,590820,1992,6,8,76.7,88.0,67.1
36,590820,1992,6,11,79.2,84.2,73.8
37,590820,1992,6,15,79.5,84.7,77.0
38,590820,1992,6,22,85.1,91.2,79.5
39,590820,1992,6,29,80.9,89.1,74.7
40,590820,1992,8,20,84.4,93.4,73.8
41,590820,1992,8,21,83.3,95.2,79.0
42,590820,1992,8,22,87.6,97.3,78.4
43,590820,1992,12,10,63.7,71.4,50.9
44,590820,1992,1,9,48.9,54.3,40.8
45,590820,1992,1,23,50.5,64.6,40.3
46,590820,1992,1,27,59.8,70.5,51.1
47,590820,1992,1,28,63.7,76.3,53.8
48,590820,1992,1,29,66.1,77.4,54.5
49,590820,1992,2,1,50.9,56.1,39.9
50,590820,1992,2,25,56.9,72.7,43.3
51,590820,1992,4,17,71.4,76.6,65.1
52,590820,1992,4,29,81.5,86.7,77.0
53,590820,1992,5,14,80.2,87.8,73.4
54,590820,1992,5,18,71.4,78.1,65.7
55,590820,1992,9,14,85.3,93.6,77.5
56,590820,1992,9,20,80.7,90.7,72.5
57,590820,1992,10,3,82.1,97.2,70.5
58,590820,1992,10,9,68.8,77.2,58.6
59,590820,1992,10,19,65.0,81.5,49.8
60,590820,1992,10,27,65.6,80.2,50.5
61,590820,1992,11,12,57.9,73.9,42.1
62,590820,1992,11,13,57.7,72.3,47.8
63,590820,1992,11,15,63.4,72.9,56.5
64,590820,1992,12,1,57.0,71.6,42.3
65,590820,1992,12,3,56.9,73.0,44.1
66,590820,1992,1,1,48.6,51.8,45.0
67,590820,1992,1,5,48.8,50.5,45.5
68,590820,1992,2,11,43.8,46.8,41.2
69,590820,1992,2,12,48.4,54.9,43.3
70,590820,1992,2,13,52.5,64.6,41.7
71,590820,1992,2,16,49.9,54.3,46.2
72,590820,1992,2,20,48.4,54.1,44.2
73,590820,1992,2,24,53.2,66.9,42.6
74,590820,1992,2,28,69.4,76.3,59.9
75,590820,1992,3,5,44.9,51.8,39.0
76,590820,1992,3,7,45.2,46.2,44.2
77,590820,1992,3,9,51.4,54.5,46.6
78,590820,1992,3,13,68.7,73.8,57.0
79,590820,1992,3,15,73.8,78.4,65.5
80,590820,1992,3,26,48.7,50.9,46.4
81,590820,1992,3,31,55.4,57.2,50.9
82,590820,1992,4,7,70.0,77.2,64.8
83,590820,1992,4,14,60.8,69.3,53.1
84,590820,1992,4,20,80.0,88.0,69.8
85,590820,1992,5,22,70.3,77.2,64.8
86,590820,1992,5,26,69.2,72.9,64.6
87,590820,1992,5,30,75.8,81.5,70.3
88,590820,1992,7,7,78.6,88.3,71.6
89,590820,1992,7,14,82.6,92.3,74.7
90,590820,1992,7,19,84.3,91.2,77.4
91,590820,1992,9,7,77.5,80.2,74.5
92,590820,1992,9,11,83.6,90.1,77.9
93,590820,1992,9,17,77.7,86.5,72.3
94,590820,1992,10,5,65.6,70.2,63.0
95,590820,1992,10,12,70.5,77.7,64.8
96,590820,1992,10,30,68.5,83.7,52.5
97,590820,1992,12,12,62.8,71.1,55.8
98,590820,1992,12,25,51.3,56.7,47.5
99,590820,1992,11,27,53.5,70.5,43.0
100,590820,1992,8,2,88.5,96.8,82.2
101,590820,1992,8,3,88.9,97.3,81.7
102,590820,1992,8,26,83.9,93.9,77.0
103,590820,1992,8,27,84.5,93.9,76.1
104,590820,1992,8,30,86.5,91.6,82.0
105,590820,1992,6,1,82.6,93.6,71.6
106,590820,1992,6,13,80.0,84.9,75.7
107,590820,1992,6,14,80.4,89.1,75.7
108,590820,1992,6,16,80.1,83.8,77.0
109,590820,1992,6,18,78.2,85.3,74.8
110,590820,1992,6,30,84.6,91.4,76.5
111,590820,1992,8,17,82.6,89.8,72.9
112,590820,1992,8,24,80.6,91.0,76.1
113,590820,1992,1,15,43.4,55.0,30.7
114,590820,1992,1,7,47.7,54.5,39.4
115,590820,1992,1,18,50.1,61.2,36.3
116,590820,1992,1,21,46.5,60.1,33.6
117,590820,1992,1,24,52.0,61.0,43.0
118,590820,1992,1,26,55.5,69.3,39.9
119,590820,1992,4,22,74.2,83.5,64.8
120,590820,1992,4,28,80.8,86.9,71.2
121,590820,1992,7,26,84.4,93.0,76.8
122,590820,1992,9,10,84.2,93.7,76.1
123,590820,1992,9,22,80.1,87.3,71.6
124,590820,1992,9,23,82.0,89.8,72.1
125,590820,1992,9,30,77.2,86.0,67.1
126,590820,1992,10,1,81.5,91.4,73.6
127,590820,1992,10,7,68.9,80.4,60.4
128,590820,1992,10,10,69.4,77.5,61.5
129,590820,1992,10,17,66.1,81.3,51.6
130,590820,1992,10,25,63.4,76.8,51.1
131,590820,1992,10,26,63.9,78.8,50.4
132,590820,1992,10,28,68.0,81.1,52.5
133,590820,1992,11,10,51.1,64.6,37.4
134,590820,1992,12,6,65.1,81.0,51.4
135,590820,1992,12,20,64.5,79.7,52.7
136,590820,1992,1,2,48.1,50.7,46.4
137,590820,1992,2,2,51.5,53.4,49.3
138,590820,1992,2,5,45.9,47.7,43.3
139,590820,1992,2,18,52.1,54.5,50.2
140,590820,1992,2,21,47.6,50.7,44.8
141,590820,1992,3,18,48.1,49.8,45.7
142,590820,1992,3,19,50.2,51.4,47.5
143,590820,1992,3,23,50.0,51.3,47.5
144,590820,1992,3,28,48.4,49.5,46.4
145,590820,1992,3,29,54.0,59.5,46.6
146,590820,1992,4,19,76.9,87.6,68.4
147,590820,1992,4,26,78.2,82.6,73.0
148,590820,1992,5,2,69.9,72.3,68.5
149,590820,1992,5,13,80.4,90.9,71.4
150,590820,1992,5,16,78.7,82.2,74.8
151,590820,1992,7,17,84.9,93.7,75.0
152,590820,1992,7,18,81.8,93.4,77.7
153,590820,1992,7,22,83.1,91.2,79.2
154,590820,1992,9,3,84.2,94.8,71.6
155,590820,1992,9,28,77.2,90.1,68.4
156,590820,1992,11,16,61.6,68.2,56.3
157,590820,1992,12,26,52.7,53.6,49.5
158,590820,1992,9,13,83.1,90.7,78.1
159,590820,1992,11,24,63.0,75.7,48.2
160,590820,1992,11,28,55.7,69.6,42.1
161,590820,1992,12,4,58.9,75.0,45.7
162,590820,1992,8,14,87.7,96.3,79.9
163,590820,1992,6,2,80.5,87.1,75.6
164,590820,1992,1,16,46.3,60.3,34.0
165,590820,1992,1,31,48.6,56.7,41.0
166,590820,1992,4,27,78.7,84.4,72.5
167,590820,1992,10,2,81.3,91.8,72.0
168,590820,1992,10,14,68.1,78.8,60.3
169,590820,1992,10,24,65.2,77.5,52.7
170,590820,1992,1,20,43.6,51.1,34.2
171,590820,1992,2,9,44.6,46.9,41.9
172,590820,1992,2,19,48.2,51.6,45.1
173,590820,1992,2,23,53.8,63.5,44.4
174,590820,1992,3,3,49.9,56.1,45.1
175,590820,1992,3,21,51.7,54.7,49.3
176,590820,1992,3,25,49.2,51.3,47.3
177,590820,1992,4,15,66.2,82.2,54.5
178,590820,1992,4,18,72.1,76.5,68.5
179,590820,1992,4,21,74.2,83.5,66.0
180,590820,1992,5,15,79.9,87.8,75.4
181,590820,1992,5,21,65.8,67.3,65.1
182,590820,1992,5,27,75.2,86.2,66.9
183,590820,1992,5,31,79.5,90.9,72.0
184,590820,1992,7,3,85.1,92.5,80.4
185,590820,1992,7,11,81.7,90.0,74.3
186,590820,1992,7,23,81.7,91.6,75.0
187,590820,1992,9,15,83.2,92.5,75.9
188,590820,1992,9,18,77.5,83.1,74.1
189,590820,1992,10,13,66.7,72.3,62.4
190,590820,1992,12,13,60.3,62.4,54.5
191,590820,1992,12,31,52.8,57.2,50.0
192,590820,1992,12,24,49.3,55.2,41.2
193,590820,1992,8,31,83.7,88.9,78.1
194,590820,1992,6,4,78.8,89.6,74.1
195,590820,1992,6,27,79.7,83.8,76.1
196,590820,1992,12,11,59.1,66.0,56.1
197,590820,1992,9,1,80.9,90.5,72.1
198,590820,1992,9,19,79.0,87.6,73.6
199,590820,1992,9,26,79.7,88.7,72.1
200,590820,1992,9,27,77.8,89.1,69.1
201,590820,1992,10,16,66.7,80.8,54.1
202,590820,1992,10,18,64.9,80.4,52.2
203,590820,1992,11,2,68.8,85.8,57.0
204,590820,1992,12,21,58.8,69.8,53.8
205,590820,1992,1,12,55.4,62.2,50.0
206,590820,1992,2,10,42.1,43.9,41.2
207,590820,1992,3,2,62.7,68.0,54.0
208,590820,1992,3,16,64.1,77.2,53.6
209,590820,1992,3,27,47.6,49.3,46.6
210,590820,1992,4,5,69.8,75.9,66.0
211,590820,1992,4,6,69.1,76.5,65.3
212,590820,1992,4,10,67.0,71.4,63.5
213,590820,1992,4,13,59.9,67.5,53.4
214,590820,1992,5,6,78.3,84.9,74.3
215,590820,1992,5,8,74.5,77.4,72.3
216,590820,1992,5,20,70.7,78.3,66.2
217,590820,1992,5,25,69.1,74.7,65.1
218,590820,1992,7,4,84.1,93.9,79.2
219,590820,1992,7,12,83.8,94.8,75.9
220,590820,1992,7,13,80.7,93.6,74.8
221,590820,1992,7,15,82.8,93.0,73.6
222,590820,1992,7,31,86.7,99.7,76.6
223,590820,1992,11,9,53.1,65.1,39.7
224,590820,1992,12,23,46.7,57.6,40.3
225,590820,1992,12,30,54.3,57.4,52.7
226,590820,1992,10,23,68.4,80.1,63.1
227,590820,1992,11,1,68.0,85.6,54.9
228,590820,1992,11,11,52.8,70.2,38.1
229,590820,1992,11,14,61.9,75.2,47.1
230,590820,1992,12,17,49.4,64.8,38.7
231,590820,1992,11,18,65.9,75.4,59.5
232,590820,1992,12,15,48.4,52.2,44.4
233,590820,1992,8,18,83.5,93.0,76.1
234,590820,1992,5,11,75.7,82.2,67.5
235,590820,1992,9,24,85.2,93.7,74.3
236,590820,1992,4,24,70.7,73.2,69.1
237,590820,1992,11,17,64.1,71.1,55.9
238,590820,1992,11,21,57.8,65.5,45.0
239,590820,1992,8,4,88.3,97.7,81.3
240,590820,1992,11,25,63.2,75.7,47.8
241,590820,1992,5,1,73.7,82.6,70.2
242,590820,1992,12,16,50.3,60.6,39.9
243,590820,1992,6,6,79.3,88.5,74.5
244,590820,1992,6,7,70.5,75.2,67.1
245,590820,1992,10,31,67.8,84.7,55.6
246,590820,1992,12,9,60.2,72.1,53.1
247,590820,1992,3,4,42.6,45.7,39.4
248,590820,1992,12,14,47.3,61.5,45.0
249,590820,1992,6,9,79.4,88.3,68.9
250,590820,1992,6,3,81.7,87.4,75.4
251,590820,1992,8,6,84.4,94.5,76.8
252,590820,1992,8,12,87.5,96.4,77.2
253,590820,1992,8,28,86.8,95.9,78.3
254,590820,1992,6,25,83.4,89.2,76.1
255,590820,1992,8,11,86.1,96.3,77.7
256,590820,1992,11,7,69.2,78.1,61.2
257,590820,1992,10,15,70.0,79.7,57.4
258,590820,1992,12,19,62.1,75.0,45.9
259,590820,1992,4,30,80.4,85.5,75.9
260,590820,1992,9,12,84.5,92.7,79.5
261,590820,1992,1,17,46.7,63.5,32.9
262,590820,1992,1,22,48.5,64.9,35.1
263,590820,1992,2,26,59.6,74.1,45.3
264,590820,1992,5,5,80.3,84.7,75.9
265,590820,1992,7,8,80.2,90.7,71.8
266,590820,1992,7,21,86.2,95.9,75.6
267,590820,1992,9,4,84.6,95.2,75.7
268,590820,1992,9,9,83.3,92.7,76.1
269,590820,1992,10,8,67.2,78.3,59.4
270,590820,1992,11,29,54.5,71.6,40.6
271,590820,1992,12,2,55.9,71.6,41.4
272,590820,1992,12,18,54.9,70.3,42.1
273,590820,1992,4,25,75.5,78.8,69.3
274,590820,1992,5,23,75.0,86.9,65.5
275,590820,1992,5,28,77.6,84.6,66.6
276,590820,1992,7,24,81.7,92.1,74.5
277,590820,1992,7,25,84.0,93.4,74.1
278,590820,1992,1,11,54.8,62.2,48.0
279,590820,1992,7,16,83.2,94.8,72.5
280,590820,1992,9,21,82.1,91.0,72.1
281,590820,1992,11,6,70.1,85.1,58.1
282,590820,1992,12,5,60.7,79.5,48.6
283,590820,1992,11,23,58.1,75.0,46.9
284,590820,1992,8,5,84.0,96.8,77.4
285,590820,1992,8,19,83.3,92.3,74.5
286,590820,1992,8,16,83.3,94.3,74.3
287,590820,1992,9,25,81.4,91.4,74.8
288,590820,1992,12,8,60.9,74.8,54.1
289,590820,1992,1,14,44.0,54.1,32.9
290,590820,1992,1,25,53.6,66.4,43.7
291,590820,1992,12,28,60.6,66.4,55.4
292,590820,1992,1,8,45.8,49.8,41.9
293,590820,1992,1,19,48.0,54.1,40.8
294,590820,1992,1,30,65.4,74.3,55.9
295,590820,1992,4,16,72.3,84.6,57.0
296,590820,1992,5,12,76.1,80.8,71.8
297,590820,1992,7,20,83.3,91.2,76.6
298,590820,1992,10,4,70.5,81.7,63.3
299,590820,1992,10,6,68.8,77.4,61.2
300,590820,1992,11,30,57.1,72.7,44.4
301,590820,1992,12,7,65.1,78.3,55.0
302,590820,1992,1,6,47.5,56.5,40.1
303,590820,1992,5,10,72.1,78.6,67.8
304,590820,1992,10,29,68.5,85.3,54.3
305,590820,1992,11,26,55.9,72.3,43.3
306,590820,1992,11,20,53.5,61.3,46.0
307,590820,1992,11,19,68.1,84.4,54.7
308,590820,1992,6,12,80.8,87.8,75.2
309,590820,1992,6,20,83.5,90.5,76.8
310,590820,1992,6,21,84.1,90.9,78.6
311,590820,1992,6,19,81.6,89.8,75.4
312,590820,1992,2,27,64.1,72.9,52.2
313,590820,1992,4,1,59.0,62.4,55.6
314,590820,1992,4,3,63.7,65.5,61.3
315,590820,1992,10,11,70.9,79.9,60.6
316,590820,1992,1,10,50.4,54.7,45.3
317,590820,1992,2,7,45.4,48.6,43.5
318,590820,1992,2,17,50.2,51.6,47.7
319,590820,1992,2,22,48.1,49.8,46.0
320,590820,1992,3,1,65.5,71.8,62.1
321,590820,1992,3,6,46.1,49.5,43.0
322,590820,1992,3,8,46.7,47.8,43.9
323,590820,1992,3,10,53.7,58.1,50.5
324,590820,1992,3,11,56.7,60.3,52.0
325,590820,1992,3,12,57.0,57.9,55.8
326,590820,1992,3,20,53.0,55.8,50.4
327,590820,1992,3,24,48.8,50.7,46.4
328,590820,1992,3,30,51.5,52.5,50.9
329,590820,1992,4,2,64.9,72.7,57.4
330,590820,1992,5,3,72.0,75.2,68.7
331,590820,1992,5,4,79.0,85.5,70.7
332,590820,1992,5,7,75.8,81.5,69.6
333,590820,1992,7,9,75.6,80.4,71.8
334,590820,1992,7,10,78.3,84.4,74.3
335,590820,1992,7,30,88.8,97.0,79.7
336,590820,1992,9,5,83.2,94.3,74.7
337,590820,1992,4,8,69.0,73.6,67.6
338,590820,1992,12,29,59.5,69.3,54.1
339,590820,1992,4,23,71.8,78.6,68.7
340,590820,1992,5,24,78.9,88.5,66.6
341,590820,1992,12,27,58.8,64.4,52.7
342,590820,1992,6,17,79.2,83.5,75.2
343,590820,1992,6,23,81.9,89.8,73.4
344,590820,1992,6,28,79.8,87.6,75.6
345,590820,1992,8,8,82.6,96.3,78.1
346,590820,1992,8,9,82.8,94.8,77.0
347,590820,1992,8,23,80.7,89.8,76.1
348,590820,1992,9,16,79.5,94.1,75.0
349,590820,1992,1,3,46.8,48.4,45.1
350,590820,1992,2,3,56.3,68.5,46.9
351,590820,1992,2,6,45.5,47.8,43.9
352,590820,1992,2,8,44.6,46.2,43.7
353,590820,1992,2,15,51.5,55.2,46.8
354,590820,1992,3,17,48.9,54.0,46.0
355,590820,1992,3,22,49.8,52.2,47.5
356,590820,1992,4,11,63.9,69.6,59.9
357,590820,1992,4,12,60.5,64.6,50.7
358,590820,1992,5,9,75.3,80.1,71.2
359,590820,1992,5,19,71.5,77.5,67.6
360,590820,1992,5,29,74.1,80.8,70.9
361,590820,1992,7,6,75.7,80.8,71.8
362,590820,1992,11,22,56.3,68.5,47.5
363,590820,1992,12,22,61.4,69.8,50.7
364,590820,1992,11,4,65.9,78.1,57.2
365,590820,1992,11,8,57.2,66.9,52.5
0,590820,1993,1,26,43.3,48.6,32.5
1,590820,1993,3,12,71.9,83.3,59.4
2,590820,1993,3,27,76.0,79.0,73.6
3,590820,1993,3,26,76.6,81.0,73.6
4,590820,1993,3,4,58.5,68.9,48.9
5,590820,1993,1,29,45.1,63.9,31.5
6,590820,1993,2,4,57.2,76.8,40.1
7,590820,1993,3,10,60.7,68.5,54.1
8,590820,1993,3,24,75.5,79.3,68.7
9,590820,1993,12,22,42.2,55.9,33.1
10,590820,1993,8,25,83.1,94.6,72.1
11,590820,1993,12,23,45.0,60.6,31.5
12,590820,1993,12,26,50.3,71.4,32.7
13,590820,1993,9,21,84.6,98.6,74.7
14,590820,1993,11,2,61.8,77.2,46.4
15,590820,1993,12,7,51.2,66.9,37.6
16,590820,1993,7,3,85.1,91.0,78.6
17,590820,1993,5,29,72.3,83.3,59.5
18,590820,1993,7,4,86.0,92.7,80.8
19,590820,1993,8,4,87.4,95.0,80.2
20,590820,1993,10,8,67.1,84.6,52.7
21,590820,1993,10,12,70.6,86.9,56.8
22,590820,1993,11,1,59.2,73.9,45.5
23,590820,1993,12,19,47.4,60.6,36.9
24,590820,1993,12,28,48.5,70.0,33.4
25,590820,1993,12,29,51.5,69.8,33.3
26,590820,1993,12,30,56.1,68.7,41.2
27,590820,1993,6,25,82.1,93.0,75.0
28,590820,1993,7,22,87.3,95.4,79.0
29,590820,1993,7,28,84.7,95.9,76.5
30,590820,1993,8,23,83.1,91.4,75.2
31,590820,1993,9,16,82.9,94.5,73.6
32,590820,1993,9,20,83.2,95.2,73.6
33,590820,1993,9,30,71.5,75.4,68.7
34,590820,1993,12,2,67.5,73.0,60.4
35,590820,1993,10,24,72.2,83.1,59.5
36,590820,1993,4,21,74.6,86.7,68.0
37,590820,1993,2,3,53.7,72.9,39.7
38,590820,1993,1,18,39.7,42.6,37.9
39,590820,1993,2,21,57.9,69.6,50.5
40,590820,1993,10,7,68.2,83.3,54.5
41,590820,1993,12,15,46.0,47.5,44.1
42,590820,1993,5,27,76.2,84.2,67.5
43,590820,1993,9,2,79.9,91.6,70.3
44,590820,1993,7,26,84.4,89.2,79.9
45,590820,1993,7,27,80.8,89.1,76.8
46,590820,1993,8,7,85.5,94.3,79.5
47,590820,1993,9,1,80.0,88.2,73.6
48,590820,1993,10,19,65.5,76.1,57.4
49,590820,1993,10,30,60.7,70.5,49.5
50,590820,1993,6,22,84.8,91.0,80.2
51,590820,1993,12,5,50.2,61.0,41.5
52,590820,1993,6,5,75.1,80.2,69.8
53,590820,1993,4,7,54.0,63.3,49.6
54,590820,1993,4,15,74.8,81.3,67.6
55,590820,1993,1,21,40.5,44.1,37.8
56,590820,1993,1,19,39.3,41.9,35.8
57,590820,1993,1,20,39.2,40.5,37.4
58,590820,1993,1,22,38.5,39.4,37.2
59,590820,1993,2,20,69.6,74.3,65.5
60,590820,1993,2,26,46.2,47.8,41.5
61,590820,1993,3,6,59.9,62.8,57.0
62,590820,1993,3,14,69.4,76.1,62.8
63,590820,1993,10,25,74.5,84.2,63.0
64,590820,1993,1,6,49.6,50.5,48.0
65,590820,1993,1,12,50.9,53.2,46.8
66,590820,1993,3,21,51.3,55.0,47.7
67,590820,1993,3,31,61.9,65.7,54.3
68,590820,1993,10,14,70.1,73.6,66.2
69,590820,1993,5,7,75.3,81.1,72.0
70,590820,1993,11,28,60.6,70.5,48.9
71,590820,1993,11,4,68.1,74.8,61.5
72,590820,1993,11,5,67.8,69.3,64.4
73,590820,1993,11,16,70.3,81.7,60.4
74,590820,1993,12,12,60.1,61.9,56.3
75,590820,1993,4,12,63.6,69.6,58.3
76,590820,1993,4,18,66.5,68.5,62.6
77,590820,1993,4,23,77.0,82.9,74.1
78,590820,1993,7,11,81.1,94.3,75.7
79,590820,1993,7,13,81.5,91.2,76.5
80,590820,1993,7,23,87.3,94.8,80.6
81,590820,1993,8,30,80.4,88.3,72.9
82,590820,1993,9,11,79.4,89.1,72.0
83,590820,1993,9,17,78.7,86.4,75.9
84,590820,1993,9,18,79.8,89.6,74.8
85,590820,1993,9,23,76.3,81.3,71.8
86,590820,1993,9,27,72.0,73.6,70.3
87,590820,1993,5,9,73.3,79.2,68.4
88,590820,1993,5,15,74.5,81.5,68.0
89,590820,1993,5,30,70.4,78.3,66.7
90,590820,1993,6,29,79.4,84.2,73.9
91,590820,1993,8,1,81.8,89.4,77.7
92,590820,1993,2,15,60.8,68.7,54.3
93,590820,1993,2,22,50.5,54.0,48.7
94,590820,1993,1,3,62.2,70.5,50.9
95,590820,1993,3,17,51.7,55.9,48.4
96,590820,1993,3,18,48.0,50.4,45.3
97,590820,1993,3,29,55.8,59.0,52.5
98,590820,1993,4,16,67.6,82.2,63.9
99,590820,1993,11,20,50.1,60.6,44.4
100,590820,1993,11,17,68.0,74.8,61.2
101,590820,1993,12,13,51.0,59.9,46.4
102,590820,1993,5,1,72.1,74.8,69.6
103,590820,1993,5,17,78.2,86.9,72.7
104,590820,1993,6,1,75.5,85.5,71.1
105,590820,1993,6,9,73.7,75.7,72.3
106,590820,1993,6,14,80.6,87.8,77.7
107,590820,1993,7,2,84.3,91.4,79.3
108,590820,1993,8,29,79.4,88.7,73.9
109,590820,1993,9,15,79.2,87.3,74.1
110,590820,1993,9,24,74.6,80.6,71.2
111,590820,1993,9,29,75.2,82.4,70.0
112,590820,1993,10,28,65.5,69.8,63.3
113,590820,1993,6,23,83.0,91.4,78.4
114,590820,1993,8,2,82.3,89.6,78.1
115,590820,1993,5,19,81.3,87.6,74.8
116,590820,1993,6,4,77.9,86.7,71.4
117,590820,1993,10,1,69.6,75.7,65.5
118,590820,1993,10,29,64.1,67.6,59.2
119,590820,1993,4,27,72.9,75.0,71.1
120,590820,1993,1,7,53.2,56.1,48.9
121,590820,1993,9,13,80.8,88.2,70.2
122,590820,1993,11,9,76.2,86.0,69.4
123,590820,1993,12,8,57.1,67.8,37.9
124,590820,1993,7,16,86.5,92.5,79.3
125,590820,1993,12,6,51.5,64.9,40.1
126,590820,1993,6,3,80.2,88.2,68.4
127,590820,1993,7,15,84.5,91.0,78.1
128,590820,1993,1,30,49.3,67.5,30.7
129,590820,1993,6,27,84.5,93.4,75.9
130,590820,1993,12,11,58.6,68.9,45.5
131,590820,1993,10,11,68.3,87.4,56.7
132,590820,1993,11,3,65.2,74.5,48.0
133,590820,1993,11,23,50.7,61.7,40.8
134,590820,1993,12,18,47.0,55.8,33.8
135,590820,1993,12,27,47.5,68.4,35.8
136,590820,1993,4,9,61.4,65.5,54.7
137,590820,1993,5,25,75.3,77.0,73.4
138,590820,1993,7,1,83.9,88.9,74.7
139,590820,1993,7,31,82.4,91.2,77.0
140,590820,1993,9,12,81.2,91.9,73.2
141,590820,1993,9,14,81.3,91.8,73.6
142,590820,1993,10,13,67.9,75.0,58.5
143,590820,1993,10,27,64.7,66.4,62.6
144,590820,1993,10,5,72.6,82.9,61.2
145,590820,1993,7,12,81.3,94.8,76.1
146,590820,1993,1,4,48.8,52.7,46.6
147,590820,1993,3,9,56.5,59.2,54.3
148,590820,1993,10,6,70.9,82.9,56.8
149,590820,1993,6,24,81.0,85.1,75.9
150,590820,1993,7,5,84.9,92.7,81.1
151,590820,1993,11,7,75.9,88.0,69.4
152,590820,1993,12,31,51.9,61.3,42.1
153,590820,1993,6,2,77.8,90.1,69.4
154,590820,1993,2,24,42.0,43.5,40.3
155,590820,1993,3,15,64.4,69.6,59.4
156,590820,1993,8,14,86.3,96.3,81.3
157,590820,1993,10,23,68.3,81.7,60.6
158,590820,1993,6,30,81.3,88.2,75.4
159,590820,1993,8,27,81.6,98.2,76.3
160,590820,1993,11,27,54.9,66.0,49.8
161,590820,1993,2,7,63.7,80.2,48.7
162,590820,1993,1,27,48.0,60.8,33.6
163,590820,1993,2,1,52.1,68.9,35.8
164,590820,1993,2,5,63.1,78.8,41.7
165,590820,1993,2,10,58.2,72.1,45.3
166,590820,1993,1,8,56.9,61.3,52.7
167,590820,1993,1,11,48.9,50.7,46.0
168,590820,1993,1,17,38.2,40.3,34.5
169,590820,1993,1,25,41.9,57.6,30.0
170,590820,1993,2,28,46.9,49.1,45.1
171,590820,1993,3,1,49.7,57.6,45.0
172,590820,1993,3,7,64.9,72.7,58.5
173,590820,1993,3,19,46.8,48.7,44.6
174,590820,1993,3,20,48.2,49.8,45.0
175,590820,1993,3,30,55.1,57.6,51.8
176,590820,1993,3,5,58.4,63.1,54.1
177,590820,1993,2,12,56.9,65.7,53.1
178,590820,1993,2,14,63.7,73.6,55.6
179,590820,1993,10,22,70.0,84.0,55.6
180,590820,1993,5,20,81.9,89.8,73.9
181,590820,1993,9,25,73.2,76.8,70.9
182,590820,1993,6,10,79.9,87.3,72.0
183,590820,1993,5,18,80.8,88.3,72.3
184,590820,1993,8,3,86.4,93.9,76.6
185,590820,1993,9,3,80.4,92.1,69.3
186,590820,1993,9,4,82.6,93.6,72.1
187,590820,1993,9,10,80.1,89.6,70.7
188,590820,1993,10,3,69.1,81.3,58.1
189,590820,1993,10,4,71.7,82.8,58.6
190,590820,1993,10,10,69.5,86.5,55.0
191,590820,1993,10,15,69.8,75.7,65.3
192,590820,1993,10,16,73.0,83.7,64.6
193,590820,1993,10,20,66.6,79.9,55.6
194,590820,1993,10,31,57.8,72.0,45.9
195,590820,1993,11,6,73.3,82.9,67.3
196,590820,1993,11,22,48.6,60.6,36.5
197,590820,1993,12,9,61.7,67.3,55.4
198,590820,1993,4,2,70.9,74.5,62.8
199,590820,1993,4,8,57.2,61.2,50.5
200,590820,1993,4,14,72.3,80.6,63.9
201,590820,1993,4,22,77.2,84.6,67.5
202,590820,1993,4,26,69.6,70.7,66.0
203,590820,1993,4,29,72.7,79.5,68.7
204,590820,1993,4,30,74.7,79.5,68.9
205,590820,1993,5,11,78.7,83.8,74.7
206,590820,1993,5,22,80.4,90.7,73.4
207,590820,1993,5,26,76.1,81.0,73.0
208,590820,1993,6,11,79.9,90.1,75.9
209,590820,1993,6,12,79.9,90.5,75.9
210,590820,1993,6,16,78.2,88.2,73.4
211,590820,1993,6,19,81.9,87.3,76.6
212,590820,1993,6,26,84.1,95.4,76.6
213,590820,1993,6,28,77.5,83.7,73.4
214,590820,1993,8,6,86.8,95.0,82.0
215,590820,1993,8,11,87.1,95.5,79.5
216,590820,1993,8,13,85.2,94.5,77.9
217,590820,1993,8,18,85.6,96.1,77.4
218,590820,1993,9,19,81.4,92.3,74.5
219,590820,1993,9,26,72.5,75.0,70.5
220,590820,1993,11,19,60.8,64.8,56.1
221,590820,1993,11,26,54.9,59.9,51.8
222,590820,1993,4,28,71.6,79.7,68.7
223,590820,1993,1,5,48.9,50.7,46.0
224,590820,1993,1,28,42.7,59.4,32.0
225,590820,1993,2,2,51.7,71.2,36.7
226,590820,1993,1,2,61.1,73.0,49.8
227,590820,1993,1,16,36.3,40.5,33.8
228,590820,1993,2,18,64.2,74.1,56.1
229,590820,1993,2,19,66.0,68.5,61.0
230,590820,1993,3,23,68.3,73.0,57.4
231,590820,1993,3,25,76.9,82.0,72.5
232,590820,1993,1,31,48.3,72.1,33.1
233,590820,1993,2,8,64.1,77.4,50.0
234,590820,1993,2,13,61.7,69.1,53.4
235,590820,1993,7,25,88.5,97.3,81.1
236,590820,1993,7,17,86.8,94.1,81.0
237,590820,1993,7,18,87.9,95.4,81.3
238,590820,1993,7,19,87.4,95.5,82.2
239,590820,1993,8,5,88.0,95.5,80.4
240,590820,1993,8,10,84.5,94.3,76.1
241,590820,1993,8,26,85.6,99.1,73.2
242,590820,1993,9,9,80.1,93.7,69.8
243,590820,1993,10,9,68.6,86.9,53.4
244,590820,1993,10,21,67.1,82.0,54.1
245,590820,1993,11,8,74.5,84.6,68.7
246,590820,1993,11,24,50.9,59.2,40.1
247,590820,1993,12,14,49.2,53.1,45.3
248,590820,1993,12,20,49.3,54.9,38.1
249,590820,1993,12,24,46.7,64.2,33.4
250,590820,1993,12,25,47.2,67.5,32.7
251,590820,1993,4,11,61.7,73.4,58.1
252,590820,1993,4,19,68.0,69.6,65.8
253,590820,1993,5,4,68.8,72.7,65.1
254,590820,1993,5,13,81.2,88.2,76.1
255,590820,1993,5,24,74.8,76.8,73.0
256,590820,1993,5,31,77.5,82.6,67.8
257,590820,1993,6,13,81.8,90.1,75.6
258,590820,1993,6,18,78.3,81.1,74.3
259,590820,1993,6,21,85.1,91.8,79.0
260,590820,1993,7,6,86.0,93.0,80.1
261,590820,1993,7,14,81.2,90.0,76.3
262,590820,1993,7,29,85.3,96.3,77.2
263,590820,1993,8,20,82.2,89.6,75.9
264,590820,1993,8,21,77.1,79.7,76.1
265,590820,1993,8,22,80.2,89.1,75.7
266,590820,1993,8,31,79.2,88.3,73.8
267,590820,1993,9,7,79.9,92.1,70.3
268,590820,1993,10,26,66.2,74.5,64.0
269,590820,1993,11,29,62.1,67.6,54.0
270,590820,1993,12,4,51.1,54.3,48.0
271,590820,1993,5,5,74.8,79.2,68.7
272,590820,1993,4,1,62.8,63.7,59.5
273,590820,1993,4,3,76.7,81.7,68.0
274,590820,1993,1,14,41.3,46.4,38.1
275,590820,1993,1,23,37.8,41.5,31.8
276,590820,1993,3,8,59.0,62.6,58.1
277,590820,1993,2,23,47.0,50.9,42.4
278,590820,1993,1,15,36.9,39.2,34.2
279,590820,1993,8,8,83.1,95.4,78.1
280,590820,1993,11,12,63.8,74.8,55.2
281,590820,1993,11,13,59.7,76.5,48.4
282,590820,1993,11,18,62.7,68.2,57.2
283,590820,1993,12,10,56.7,62.1,48.2
284,590820,1993,4,5,57.0,61.3,53.1
285,590820,1993,4,25,72.7,87.3,67.6
286,590820,1993,5,8,76.6,83.7,69.1
287,590820,1993,5,14,72.9,79.7,68.7
288,590820,1993,5,21,81.1,90.3,74.1
289,590820,1993,7,10,84.2,93.0,76.6
290,590820,1993,8,16,81.7,92.7,77.0
291,590820,1993,8,19,82.0,92.7,76.6
292,590820,1993,8,28,81.7,93.6,75.4
293,590820,1993,9,5,78.2,87.6,72.1
294,590820,1993,12,17,45.3,54.9,36.5
295,590820,1993,12,21,47.5,57.4,35.8
296,590820,1993,4,24,80.9,92.5,71.8
297,590820,1993,3,28,61.8,75.2,56.8
298,590820,1993,1,13,52.6,60.4,44.8
299,590820,1993,3,11,68.9,82.0,60.3
300,590820,1993,3,16,56.4,61.2,53.6
301,590820,1993,2,9,55.7,67.3,47.8
302,590820,1993,1,10,55.7,65.3,46.2
303,590820,1993,9,22,79.2,91.2,74.5
304,590820,1993,5,28,68.9,77.9,60.1
305,590820,1993,9,8,79.9,92.3,70.9
306,590820,1993,10,2,68.1,77.4,59.9
307,590820,1993,10,17,70.5,76.3,65.3
308,590820,1993,12,16,43.4,45.9,41.2
309,590820,1993,4,6,52.9,56.3,50.9
310,590820,1993,4,10,59.8,61.5,58.5
311,590820,1993,5,23,75.4,82.2,73.4
312,590820,1993,7,20,81.6,88.7,77.7
313,590820,1993,7,30,82.4,95.7,77.7
314,590820,1993,8,12,84.9,95.5,78.6
315,590820,1993,8,15,82.5,93.2,79.5
316,590820,1993,8,24,82.0,91.9,73.0
317,590820,1993,9,6,75.7,81.5,71.4
318,590820,1993,11,10,73.0,83.5,68.0
319,590820,1993,11,11,70.3,83.7,61.3
320,590820,1993,11,21,44.1,48.9,38.5
321,590820,1993,12,3,56.2,65.7,49.3
322,590820,1993,5,16,76.9,86.0,69.8
323,590820,1993,2,11,57.9,62.4,49.5
324,590820,1993,1,9,66.7,74.3,52.7
325,590820,1993,1,24,41.7,51.8,31.1
326,590820,1993,2,25,41.8,42.8,39.9
327,590820,1993,2,27,47.6,48.9,46.0
328,590820,1993,3,22,56.6,60.6,50.0
329,590820,1993,4,13,69.3,78.6,60.8
330,590820,1993,11,30,62.0,63.7,59.0
331,590820,1993,11,15,66.7,78.3,52.9
332,590820,1993,4,20,73.0,81.0,66.7
333,590820,1993,5,3,66.5,70.7,61.0
334,590820,1993,5,10,77.7,82.4,68.0
335,590820,1993,6,20,83.1,86.9,78.6
336,590820,1993,7,21,84.1,92.7,77.0
337,590820,1993,7,24,87.4,96.3,81.0
338,590820,1993,9,28,74.1,78.1,70.7
339,590820,1993,6,8,76.6,81.0,72.3
340,590820,1993,2,17,62.2,75.0,45.1
341,590820,1993,1,1,56.0,64.9,49.6
342,590820,1993,3,2,50.5,55.8,45.0
343,590820,1993,3,3,49.4,50.9,47.1
344,590820,1993,11,14,60.8,77.9,46.4
345,590820,1993,4,17,63.9,65.7,60.8
346,590820,1993,5,12,79.4,84.9,73.9
347,590820,1993,6,7,77.7,87.8,70.9
348,590820,1993,6,17,76.6,84.9,74.5
349,590820,1993,7,8,84.5,91.8,78.1
350,590820,1993,11,25,53.8,57.9,48.6
351,590820,1993,2,16,59.0,71.1,47.3
352,590820,1993,3,13,65.5,69.3,63.3
353,590820,1993,4,4,64.7,80.8,57.6
354,590820,1993,6,15,78.6,89.8,73.8
355,590820,1993,7,7,84.4,92.3,78.6
356,590820,1993,8,17,81.9,93.6,73.0
357,590820,1993,10,18,65.9,72.3,58.5
358,590820,1993,6,6,80.1,89.6,71.4
359,590820,1993,2,6,63.9,78.4,51.4
360,590820,1993,5,2,63.9,70.0,62.2
361,590820,1993,5,6,77.0,83.8,72.7
362,590820,1993,7,9,85.6,94.1,79.2
363,590820,1993,8,9,82.0,95.7,77.0
364,590820,1993,12,1,62.1,64.6,58.8
0,590820,1994,7,19,82.6,94.1,74.8
1,590820,1994,5,28,73.9,80.2,68.4
2,590820,1994,5,29,79.9,91.4,70.3
3,590820,1994,5,18,76.4,85.1,70.9
4,590820,1994,5,19,77.1,84.4,70.3
5,590820,1994,7,8,81.1,89.6,75.6
6,590820,1994,7,9,84.8,95.0,77.0
7,590820,1994,12,15,52.0,54.3,48.7
8,590820,1994,12,23,54.6,70.3,41.5
9,590820,1994,8,22,81.3,92.3,69.4
10,590820,1994,9,19,77.2,84.7,69.1
11,590820,1994,3,27,67.0,75.9,51.3
12,590820,1994,3,3,49.8,64.0,39.2
13,590820,1994,4,16,72.3,81.3,63.1
14,590820,1994,1,23,43.9,60.6,30.0
15,590820,1994,2,3,59.0,66.9,40.1
16,590820,1994,2,8,59.2,65.1,55.2
17,590820,1994,2,21,56.3,70.0,41.4
18,590820,1994,4,1,65.6,72.3,57.4
19,590820,1994,4,3,74.7,81.9,64.6
20,590820,1994,4,7,79.3,87.4,70.9
21,590820,1994,4,19,80.4,86.0,72.9
22,590820,1994,6,3,82.2,92.3,69.8
23,590820,1994,8,23,82.0,90.3,72.0
24,590820,1994,9,15,79.6,87.6,72.9
25,590820,1994,10,11,73.0,79.5,68.0
26,590820,1994,10,25,60.8,75.9,46.0
27,590820,1994,10,28,69.1,81.0,52.7
28,590820,1994,11,2,63.6,79.2,49.8
29,590820,1994,11,8,65.7,83.7,51.1
30,590820,1994,11,12,67.9,85.6,55.8
31,590820,1994,11,14,73.5,84.2,64.6
32,590820,1994,11,19,61.6,70.5,55.8
33,590820,1994,12,29,55.8,60.6,50.5
34,590820,1994,1,11,62.1,67.8,55.8
35,590820,1994,2,7,57.7,60.4,52.9
36,590820,1994,3,26,62.5,75.0,51.8
37,590820,1994,6,28,86.0,95.5,75.4
38,590820,1994,8,24,84.1,91.8,75.7
39,590820,1994,10,18,71.7,78.3,66.7
40,590820,1994,5,7,75.2,86.9,65.8
41,590820,1994,7,18,83.3,95.2,75.6
42,590820,1994,1,4,61.7,70.9,57.2
43,590820,1994,6,4,82.8,89.6,75.7
44,590820,1994,2,20,54.3,65.1,43.7
45,590820,1994,1,5,64.7,79.0,54.5
46,590820,1994,6,30,86.1,94.1,79.3
47,590820,1994,9,11,78.2,85.8,72.1
48,590820,1994,9,30,74.0,88.9,61.3
49,590820,1994,10,9,77.7,85.3,73.0
50,590820,1994,10,21,59.0,71.6,47.1
51,590820,1994,11,6,66.0,83.7,53.2
52,590820,1994,8,14,83.7,94.5,76.1
53,590820,1994,10,20,63.9,75.2,53.1
54,590820,1994,7,16,82.3,91.8,75.2
55,590820,1994,5,20,78.4,85.5,72.7
56,590820,1994,5,23,82.0,87.6,75.9
57,590820,1994,7,12,79.9,84.2,76.8
58,590820,1994,7,15,78.8,87.4,75.6
59,590820,1994,3,18,51.0,55.6,47.3
60,590820,1994,4,9,70.4,71.6,67.3
61,590820,1994,6,15,77.2,79.2,76.3
62,590820,1994,9,5,81.9,92.3,74.3
63,590820,1994,1,28,55.3,66.4,37.8
64,590820,1994,2,10,59.3,61.5,53.1
65,590820,1994,2,22,55.8,58.6,50.4
66,590820,1994,12,6,59.3,68.0,48.6
67,590820,1994,1,30,52.2,55.8,46.4
68,590820,1994,2,27,43.9,46.0,40.3
69,590820,1994,3,4,51.2,57.6,38.3
70,590820,1994,3,11,52.7,54.7,47.3
71,590820,1994,3,16,48.9,51.6,45.7
72,590820,1994,3,25,58.1,65.7,51.4
73,590820,1994,3,28,64.1,70.5,61.3
74,590820,1994,6,6,81.7,92.5,76.1
75,590820,1994,6,11,78.5,81.9,74.3
76,590820,1994,6,21,79.8,87.4,72.5
77,590820,1994,6,26,81.6,87.1,76.3
78,590820,1994,8,7,79.6,88.2,77.0
79,590820,1994,8,16,77.4,80.6,75.9
80,590820,1994,9,6,80.8,91.0,74.8
81,590820,1994,9,7,81.2,93.0,75.7
82,590820,1994,10,2,76.4,87.8,61.7
83,590820,1994,11,29,64.1,66.7,62.4
84,590820,1994,12,8,60.6,61.0,57.0
85,590820,1994,12,16,52.9,55.6,49.5
86,590820,1994,12,30,57.7,62.6,53.1
87,590820,1994,2,18,48.0,49.8,44.6
88,590820,1994,3,12,57.0,62.2,51.3
89,590820,1994,7,14,79.5,83.8,77.0
90,590820,1994,7,21,80.3,90.9,75.9
91,590820,1994,7,25,79.2,86.5,76.5
92,590820,1994,5,25,82.9,92.1,77.0
93,590820,1994,8,13,79.9,95.5,76.1
94,590820,1994,10,17,74.8,86.5,67.6
95,590820,1994,10,19,62.8,70.5,59.4
96,590820,1994,1,12,58.9,73.4,47.8
97,590820,1994,1,18,43.6,52.2,41.5
98,590820,1994,1,29,50.1,55.8,47.7
99,590820,1994,2,6,59.8,65.8,54.1
100,590820,1994,2,12,50.8,54.5,47.1
101,590820,1994,3,6,61.5,65.3,60.3
102,590820,1994,3,22,56.6,60.6,52.7
103,590820,1994,4,26,72.6,77.2,69.4
104,590820,1994,6,9,77.6,81.0,75.2
105,590820,1994,8,9,81.1,86.2,78.1
106,590820,1994,8,19,81.4,93.9,76.3
107,590820,1994,12,11,67.1,78.4,55.6
108,590820,1994,9,17,70.5,74.5,67.6
109,590820,1994,3,10,50.8,54.1,47.5
110,590820,1994,6,12,79.2,84.4,76.3
111,590820,1994,12,9,63.4,64.6,60.1
112,590820,1994,1,14,50.1,52.9,46.8
113,590820,1994,11,3,61.5,80.6,50.5
114,590820,1994,10,23,61.2,72.7,45.0
115,590820,1994,1,3,61.3,72.5,51.8
116,590820,1994,10,26,64.2,76.6,49.3
117,590820,1994,11,4,63.2,82.8,50.2
118,590820,1994,11,26,64.8,78.4,52.0
119,590820,1994,3,24,60.2,73.6,49.6
120,590820,1994,9,22,73.7,77.5,71.2
121,590820,1994,4,2,66.6,69.3,61.7
122,590820,1994,12,25,62.7,69.8,57.6
123,590820,1994,5,11,82.8,92.3,73.0
124,590820,1994,7,22,80.0,83.5,74.7
125,590820,1994,7,1,87.3,95.9,78.6
126,590820,1994,5,8,77.6,89.6,64.8
127,590820,1994,5,3,80.5,87.8,72.5
128,590820,1994,1,26,53.7,70.9,37.2
129,590820,1994,11,1,63.0,78.3,48.2
130,590820,1994,1,13,48.3,48.6,46.6
131,590820,1994,1,15,47.9,49.5,46.9
132,590820,1994,4,28,75.6,82.4,70.2
133,590820,1994,6,5,84.8,95.5,74.5
134,590820,1994,8,5,79.0,82.2,76.3
135,590820,1994,8,18,81.9,88.5,74.7
136,590820,1994,12,13,50.4,53.4,48.4
137,590820,1994,12,24,60.1,66.6,48.7
138,590820,1994,1,24,49.5,63.9,32.0
139,590820,1994,11,20,66.1,78.8,57.6
140,590820,1994,4,29,74.6,82.0,70.0
141,590820,1994,6,16,77.4,80.4,75.7
142,590820,1994,6,22,82.1,91.4,76.3
143,590820,1994,12,18,51.5,55.4,47.1
144,590820,1994,5,2,81.4,85.1,73.4
145,590820,1994,5,15,78.1,89.6,74.1
146,590820,1994,1,17,57.6,66.7,48.4
147,590820,1994,3,29,64.3,73.2,58.5
148,590820,1994,11,30,66.9,74.1,63.3
149,590820,1994,11,28,67.8,71.4,66.4
150,590820,1994,5,10,79.1,85.8,74.5
151,590820,1994,3,8,65.6,69.3,63.5
152,590820,1994,3,13,48.5,52.7,46.2
153,590820,1994,9,27,72.1,74.8,70.5
154,590820,1994,10,5,67.6,70.2,65.3
155,590820,1994,10,4,75.1,88.3,68.9
156,590820,1994,5,12,82.7,91.8,72.9
157,590820,1994,7,2,89.5,101.7,78.8
158,590820,1994,7,29,83.1,93.2,75.6
159,590820,1994,5,1,80.4,84.6,77.9
160,590820,1994,5,5,71.4,81.3,59.7
161,590820,1994,5,6,73.2,82.8,65.8
162,590820,1994,5,13,84.0,90.3,77.4
163,590820,1994,5,16,76.6,82.8,72.5
164,590820,1994,5,22,80.1,86.7,73.9
165,590820,1994,5,24,82.5,87.4,78.3
166,590820,1994,7,11,84.8,95.4,77.4
167,590820,1994,7,13,84.4,94.5,77.2
168,590820,1994,7,17,82.2,91.8,76.3
169,590820,1994,7,23,78.8,82.8,76.6
170,590820,1994,7,24,80.0,87.3,76.1
171,590820,1994,7,27,79.9,88.3,75.9
172,590820,1994,7,31,84.6,96.4,76.8
173,590820,1994,9,1,81.8,93.2,74.5
174,590820,1994,10,22,58.6,72.3,45.3
175,590820,1994,2,13,46.2,48.2,44.1
176,590820,1994,1,1,47.7,62.2,36.3
177,590820,1994,1,2,52.7,58.1,39.0
178,590820,1994,1,6,61.0,71.4,51.8
179,590820,1994,1,27,49.9,63.3,39.2
180,590820,1994,4,5,77.9,86.4,70.7
181,590820,1994,4,30,81.0,87.8,70.5
182,590820,1994,9,2,84.0,95.7,73.0
183,590820,1994,9,8,83.8,93.9,76.1
184,590820,1994,9,14,77.8,84.7,70.9
185,590820,1994,9,16,78.6,86.7,73.4
186,590820,1994,10,1,73.8,90.0,59.9
187,590820,1994,10,7,73.8,82.9,65.5
188,590820,1994,10,8,76.0,85.5,69.8
189,590820,1994,10,24,59.9,73.9,46.4
190,590820,1994,10,27,64.1,81.3,50.9
191,590820,1994,10,31,61.9,75.0,50.4
192,590820,1994,11,10,67.1,84.9,54.1
193,590820,1994,11,21,65.1,70.9,58.1
194,590820,1994,11,25,61.2,73.9,50.2
195,590820,1994,12,22,49.8,63.1,38.7
196,590820,1994,1,10,60.0,66.6,53.6
197,590820,1994,1,16,51.6,53.2,46.4
198,590820,1994,1,31,55.4,59.9,50.0
199,590820,1994,2,5,62.6,69.4,57.6
200,590820,1994,2,17,46.5,48.6,44.2
201,590820,1994,2,26,42.3,61.3,40.6
202,590820,1994,3,1,46.7,49.8,43.9
203,590820,1994,3,2,45.5,48.2,42.4
204,590820,1994,3,5,64.5,74.1,50.2
205,590820,1994,3,15,47.0,49.5,43.2
206,590820,1994,3,30,59.7,61.9,55.9
207,590820,1994,3,31,59.6,60.6,57.6
208,590820,1994,4,13,60.4,62.8,55.6
209,590820,1994,4,15,64.0,68.2,58.1
210,590820,1994,4,23,69.0,70.9,67.1
211,590820,1994,4,24,77.6,84.2,67.6
212,590820,1994,6,1,74.2,77.7,70.7
213,590820,1994,6,10,76.6,80.4,74.7
214,590820,1994,6,14,78.7,82.9,76.5
215,590820,1994,6,18,77.0,83.3,70.2
216,590820,1994,6,24,84.3,94.6,77.0
217,590820,1994,8,2,84.9,96.3,77.2
218,590820,1994,8,3,88.3,97.3,78.4
219,590820,1994,8,6,78.3,82.0,75.2
220,590820,1994,8,8,81.8,87.4,76.6
221,590820,1994,8,12,84.8,91.4,77.7
222,590820,1994,8,15,81.2,88.5,75.4
223,590820,1994,8,17,78.5,84.9,75.6
224,590820,1994,8,25,85.4,94.6,77.7
225,590820,1994,8,28,78.1,90.5,74.1
226,590820,1994,9,13,74.0,79.2,68.0
227,590820,1994,9,18,73.0,79.7,66.7
228,590820,1994,9,24,76.4,86.7,69.6
229,590820,1994,9,26,80.2,92.5,72.1
230,590820,1994,10,12,74.2,79.3,68.5
231,590820,1994,12,1,70.7,79.5,63.5
232,590820,1994,12,10,73.3,79.3,63.3
233,590820,1994,5,9,80.1,87.3,69.4
234,590820,1994,5,21,78.7,86.4,74.3
235,590820,1994,5,30,81.6,90.0,71.1
236,590820,1994,7,4,79.1,88.7,74.7
237,590820,1994,7,5,79.1,82.6,74.8
238,590820,1994,7,7,79.9,91.4,74.7
239,590820,1994,7,10,87.5,99.1,76.6
240,590820,1994,7,20,83.6,95.2,75.7
241,590820,1994,7,26,79.2,86.7,75.7
242,590820,1994,7,30,84.8,95.5,75.6
243,590820,1994,8,11,81.9,88.9,76.5
244,590820,1994,12,7,58.4,59.7,57.2
245,590820,1994,12,28,55.6,58.1,53.2
246,590820,1994,1,7,58.4,66.0,52.3
247,590820,1994,1,9,57.6,68.0,45.3
248,590820,1994,1,25,51.8,69.4,38.3
249,590820,1994,4,4,77.7,84.2,70.5
250,590820,1994,4,6,77.6,85.1,70.7
251,590820,1994,6,23,85.1,94.5,76.1
252,590820,1994,6,29,86.3,93.9,79.3
253,590820,1994,8,29,81.5,91.9,73.6
254,590820,1994,8,31,80.8,89.6,72.1
255,590820,1994,9,4,83.7,93.6,73.9
256,590820,1994,9,9,85.1,95.4,76.3
257,590820,1994,10,15,80.4,90.7,70.9
258,590820,1994,10,29,66.5,77.4,56.5
259,590820,1994,11,5,67.1,82.2,53.2
260,590820,1994,11,7,64.9,84.0,52.2
261,590820,1994,11,9,66.5,84.0,52.7
262,590820,1994,11,11,66.8,83.1,54.3
263,590820,1994,11,13,71.1,82.4,55.6
264,590820,1994,11,23,61.0,73.6,50.9
265,590820,1994,11,24,60.4,72.9,50.4
266,590820,1994,11,27,70.5,80.4,59.5
267,590820,1994,12,14,50.9,53.2,49.3
268,590820,1994,1,21,41.6,50.0,32.4
269,590820,1994,2,9,58.8,66.7,51.8
270,590820,1994,2,14,48.7,51.4,44.8
271,590820,1994,2,16,47.3,50.0,45.1
272,590820,1994,2,19,49.8,51.4,46.9
273,590820,1994,2,25,43.9,46.8,40.3
274,590820,1994,2,28,45.1,46.8,41.9
275,590820,1994,3,14,47.8,51.3,45.1
276,590820,1994,3,17,49.1,51.4,44.8
277,590820,1994,3,19,53.6,59.0,47.8
278,590820,1994,3,21,57.2,58.6,55.4
279,590820,1994,4,21,70.8,75.2,68.4
280,590820,1994,4,27,73.5,80.8,68.9
281,590820,1994,6,7,81.5,91.4,76.3
282,590820,1994,6,8,79.9,84.9,76.1
283,590820,1994,6,19,73.2,75.7,70.9
284,590820,1994,6,20,74.1,77.2,72.0
285,590820,1994,8,1,84.6,97.2,77.2
286,590820,1994,8,10,80.9,89.6,77.0
287,590820,1994,8,20,79.8,90.0,75.6
288,590820,1994,8,27,78.9,90.7,74.1
289,590820,1994,9,10,84.1,96.3,77.5
290,590820,1994,9,20,80.5,87.4,75.0
291,590820,1994,9,23,74.7,79.7,71.8
292,590820,1994,10,3,77.8,85.5,71.2
293,590820,1994,10,6,66.7,69.6,64.4
294,590820,1994,10,13,77.6,84.9,68.5
295,590820,1994,12,4,56.8,59.5,52.3
296,590820,1994,12,19,51.0,54.5,48.9
297,590820,1994,3,20,59.4,68.7,49.5
298,590820,1994,5,14,82.5,92.7,75.2
299,590820,1994,5,26,77.3,81.0,76.1
300,590820,1994,7,3,79.8,95.2,75.6
301,590820,1994,11,15,67.8,76.5,60.8
302,590820,1994,4,10,69.4,74.3,64.6
303,590820,1994,10,10,75.2,85.5,69.1
304,590820,1994,1,8,55.5,64.4,48.6
305,590820,1994,2,1,51.9,58.5,46.6
306,590820,1994,2,11,57.4,68.9,50.9
307,590820,1994,9,29,75.2,87.4,64.8
308,590820,1994,10,30,62.8,72.7,52.5
309,590820,1994,11,18,60.9,71.2,50.2
310,590820,1994,1,20,38.3,40.1,34.7
311,590820,1994,2,23,59.2,63.1,53.4
312,590820,1994,3,9,54.9,63.9,48.7
313,590820,1994,4,14,62.1,66.7,58.5
314,590820,1994,6,2,78.8,88.7,71.1
315,590820,1994,6,27,82.9,91.8,76.6
316,590820,1994,8,30,79.0,90.5,72.7
317,590820,1994,9,28,74.8,83.3,67.6
318,590820,1994,12,27,56.4,62.4,51.8
319,590820,1994,5,31,76.4,88.2,70.9
320,590820,1994,5,17,76.2,83.8,71.6
321,590820,1994,5,27,72.1,76.5,68.7
322,590820,1994,7,6,79.5,87.6,75.2
323,590820,1994,7,28,79.7,91.4,76.3
324,590820,1994,5,4,66.5,76.5,63.0
325,590820,1994,2,15,49.6,53.1,45.9
326,590820,1994,4,22,71.9,85.6,68.0
327,590820,1994,12,31,51.5,57.7,48.9
328,590820,1994,1,22,43.1,54.0,32.7
329,590820,1994,2,2,50.8,59.7,42.8
330,590820,1994,2,4,61.6,66.0,58.3
331,590820,1994,9,3,82.6,93.0,75.4
332,590820,1994,9,21,81.3,88.9,75.0
333,590820,1994,10,14,78.5,87.6,71.6
334,590820,1994,10,16,80.5,90.1,72.3
335,590820,1994,11,16,63.1,70.3,57.6
336,590820,1994,11,17,61.1,71.8,54.9
337,590820,1994,11,22,60.9,68.9,51.6
338,590820,1994,12,21,45.6,50.5,40.1
339,590820,1994,1,19,41.5,43.7,38.7
340,590820,1994,2,24,43.6,59.5,41.4
341,590820,1994,4,8,76.0,86.9,68.0
342,590820,1994,4,11,66.0,68.0,62.8
343,590820,1994,4,12,58.8,61.9,56.1
344,590820,1994,4,20,75.9,84.9,70.9
345,590820,1994,4,25,75.5,83.1,70.2
346,590820,1994,6,13,79.7,84.2,75.2
347,590820,1994,6,17,74.5,80.6,70.7
348,590820,1994,6,25,81.7,88.7,77.5
349,590820,1994,8,21,77.9,92.7,72.1
350,590820,1994,8,26,80.6,94.6,74.8
351,590820,1994,9,12,71.4,73.8,68.7
352,590820,1994,12,2,59.5,68.4,55.8
353,590820,1994,12,3,54.8,56.8,53.1
354,590820,1994,12,5,56.2,66.2,49.1
355,590820,1994,12,12,53.6,58.1,49.8
356,590820,1994,12,17,51.2,54.0,48.2
357,590820,1994,12,20,48.2,51.3,45.1
358,590820,1994,12,26,58.7,63.9,55.0
359,590820,1994,3,7,66.1,71.4,59.0
360,590820,1994,3,23,62.8,71.2,49.3
361,590820,1994,4,17,77.3,83.5,67.6
362,590820,1994,9,25,78.9,89.4,70.0
363,590820,1994,4,18,78.8,84.6,74.1
364,590820,1994,8,4,80.4,92.3,77.4
0,590820,1995,12,8,48.4,61.2,33.8
1,590820,1995,12,13,57.0,72.5,41.7
2,590820,1995,3,29,64.7,70.2,56.1
3,590820,1995,8,20,85.9,93.9,75.2
4,590820,1995,1,9,53.9,72.3,40.1
5,590820,1995,2,8,49.1,52.3,43.3
6,590820,1995,5,31,85.9,93.4,76.8
7,590820,1995,2,24,47.7,50.4,45.1
8,590820,1995,3,7,57.5,59.4,54.7
9,590820,1995,3,15,64.6,69.3,55.8
10,590820,1995,4,24,70.8,76.5,65.7
11,590820,1995,5,17,68.7,72.7,60.8
12,590820,1995,8,22,84.9,93.7,77.0
13,590820,1995,7,2,85.1,92.1,77.5
14,590820,1995,2,12,63.8,76.5,49.3
15,590820,1995,3,20,59.2,64.6,53.1
16,590820,1995,3,25,53.5,60.6,48.4
17,590820,1995,8,8,80.2,89.1,75.6
18,590820,1995,11,2,61.1,75.2,53.1
19,590820,1995,2,4,47.9,58.6,38.7
20,590820,1995,4,25,63.5,65.3,62.4
21,590820,1995,12,9,46.9,63.3,34.2
22,590820,1995,12,11,54.1,73.2,38.1
23,590820,1995,12,14,61.9,74.3,51.1
24,590820,1995,12,15,66.3,74.7,58.1
25,590820,1995,1,6,45.0,61.5,30.6
26,590820,1995,1,17,47.3,60.3,37.0
27,590820,1995,2,1,51.4,58.5,44.1
28,590820,1995,5,1,78.9,87.3,66.0
29,590820,1995,5,8,75.6,87.8,61.7
30,590820,1995,5,9,77.9,86.4,65.3
31,590820,1995,5,11,79.2,88.3,67.8
32,590820,1995,5,13,82.2,92.8,70.7
33,590820,1995,5,30,85.0,92.7,77.2
34,590820,1995,6,12,82.2,92.7,71.8
35,590820,1995,6,25,85.8,92.3,80.1
36,590820,1995,7,21,88.6,97.7,80.1
37,590820,1995,8,9,84.4,93.7,75.0
38,590820,1995,8,21,85.4,94.1,77.4
39,590820,1995,9,14,81.7,91.0,73.4
40,590820,1995,10,1,78.7,88.9,70.3
41,590820,1995,10,18,79.3,90.0,69.4
42,590820,1995,10,26,69.7,80.1,61.0
43,590820,1995,10,29,70.8,85.1,60.1
44,590820,1995,10,30,71.8,85.6,60.4
45,590820,1995,11,3,63.3,75.2,52.5
46,590820,1995,11,5,65.9,74.7,53.4
47,590820,1995,11,25,51.9,68.4,36.7
48,590820,1995,11,26,58.6,74.3,44.1
49,590820,1995,11,29,60.0,69.8,46.8
50,590820,1995,12,22,52.9,66.2,43.9
51,590820,1995,12,24,53.0,65.3,42.4
52,590820,1995,12,27,47.1,59.4,34.7
53,590820,1995,12,30,46.1,63.9,32.5
54,590820,1995,1,3,42.3,43.5,40.6
55,590820,1995,1,13,48.2,51.4,42.6
56,590820,1995,1,24,44.2,46.8,43.0
57,590820,1995,1,30,48.0,51.8,44.6
58,590820,1995,2,25,47.3,50.2,45.5
59,590820,1995,3,14,56.7,58.5,52.5
60,590820,1995,3,21,62.8,65.8,57.9
61,590820,1995,4,2,60.0,63.5,56.5
62,590820,1995,4,5,61.3,63.3,57.2
63,590820,1995,4,6,64.0,69.8,59.9
64,590820,1995,4,8,67.3,69.4,63.0
65,590820,1995,4,9,72.3,80.1,65.1
66,590820,1995,4,10,70.5,78.4,66.6
67,590820,1995,4,12,69.8,72.9,60.4
68,590820,1995,4,26,65.7,68.2,61.7
69,590820,1995,5,22,69.1,74.5,62.8
70,590820,1995,5,23,74.4,80.1,65.8
71,590820,1995,5,25,82.3,88.2,76.6
72,590820,1995,6,2,80.2,90.3,75.9
73,590820,1995,6,3,83.5,89.4,76.3
74,590820,1995,6,5,80.5,84.7,76.5
75,590820,1995,6,9,78.6,87.6,71.8
76,590820,1995,6,17,74.9,78.8,73.8
77,590820,1995,6,18,77.8,83.5,73.4
78,590820,1995,6,19,83.1,89.4,75.6
79,590820,1995,7,13,82.5,92.5,78.4
80,590820,1995,7,14,81.5,90.3,77.4
81,590820,1995,7,17,84.9,94.3,76.6
82,590820,1995,7,24,85.3,96.3,77.2
83,590820,1995,7,27,80.2,85.6,76.1
84,590820,1995,7,31,81.6,87.4,78.3
85,590820,1995,8,4,78.8,84.4,75.2
86,590820,1995,8,16,79.1,85.6,74.7
87,590820,1995,8,26,83.5,91.4,74.7
88,590820,1995,8,29,83.9,94.6,75.2
89,590820,1995,8,30,86.4,96.8,76.3
90,590820,1995,9,2,82.5,90.7,76.3
91,590820,1995,9,3,83.7,92.8,75.7
92,590820,1995,9,6,87.4,95.5,77.4
93,590820,1995,9,10,81.4,94.6,74.3
94,590820,1995,11,22,55.4,58.8,52.2
95,590820,1995,11,27,62.5,71.1,51.1
96,590820,1995,12,2,57.9,66.0,50.7
97,590820,1995,12,3,54.8,56.3,52.0
98,590820,1995,12,10,49.9,69.1,34.9
99,590820,1995,12,18,46.9,48.7,44.1
100,590820,1995,2,7,49.8,59.9,39.0
101,590820,1995,1,8,52.8,70.5,37.4
102,590820,1995,1,10,54.2,57.0,49.3
103,590820,1995,1,18,56.0,65.1,38.8
104,590820,1995,2,5,46.1,58.6,34.0
105,590820,1995,2,10,55.1,67.8,43.9
106,590820,1995,3,5,55.7,65.1,40.5
107,590820,1995,5,5,71.3,81.5,62.1
108,590820,1995,6,11,80.2,89.6,72.5
109,590820,1995,6,13,83.8,93.2,73.9
110,590820,1995,7,10,86.1,93.4,78.6
111,590820,1995,7,11,86.1,93.9,80.1
112,590820,1995,7,19,86.8,95.9,78.3
113,590820,1995,7,20,87.4,96.3,79.5
114,590820,1995,7,22,89.7,100.9,80.4
115,590820,1995,8,10,86.7,97.5,75.9
116,590820,1995,8,19,83.3,92.3,74.5
117,590820,1995,9,5,87.0,99.0,75.7
118,590820,1995,9,18,75.8,86.9,64.9
119,590820,1995,9,22,74.1,88.9,62.6
120,590820,1995,10,10,73.3,83.1,63.7
121,590820,1995,10,11,76.7,85.5,65.3
122,590820,1995,10,17,77.7,87.8,70.5
123,590820,1995,10,20,76.5,87.1,67.3
124,590820,1995,10,23,76.7,88.0,66.6
125,590820,1995,10,27,69.9,79.7,60.8
126,590820,1995,11,4,64.0,76.3,52.9
127,590820,1995,11,16,57.4,71.6,46.4
128,590820,1995,11,18,64.2,78.6,50.9
129,590820,1995,11,19,63.9,73.4,57.9
130,590820,1995,12,23,53.3,65.8,43.2
131,590820,1995,12,26,45.8,58.1,35.6
132,590820,1995,1,21,62.4,70.0,52.2
133,590820,1995,1,23,46.4,48.9,43.5
134,590820,1995,1,25,45.6,46.4,42.3
135,590820,1995,2,22,46.8,48.6,45.5
136,590820,1995,2,23,46.8,48.0,44.8
137,590820,1995,2,26,53.4,62.4,44.8
138,590820,1995,3,8,58.5,61.3,54.9
139,590820,1995,3,23,68.2,72.3,63.9
140,590820,1995,4,1,58.6,62.1,56.7
141,590820,1995,4,4,57.8,60.1,55.2
142,590820,1995,4,13,71.6,74.7,67.3
143,590820,1995,4,14,77.2,79.9,69.8
144,590820,1995,4,19,69.8,73.6,66.2
145,590820,1995,4,21,74.1,76.8,68.9
146,590820,1995,4,22,77.9,80.8,71.6
147,590820,1995,4,23,69.3,77.7,66.4
148,590820,1995,4,27,74.2,84.7,64.0
149,590820,1995,4,28,77.5,85.5,66.7
150,590820,1995,4,29,78.1,83.7,70.7
151,590820,1995,5,16,62.2,63.7,59.4
152,590820,1995,5,19,84.0,88.9,75.9
153,590820,1995,5,27,82.1,89.4,73.0
154,590820,1995,6,4,80.7,87.1,75.9
155,590820,1995,6,7,79.8,85.1,76.1
156,590820,1995,6,14,80.0,84.9,77.0
157,590820,1995,6,16,79.1,85.6,75.4
158,590820,1995,6,21,85.5,90.5,80.4
159,590820,1995,6,23,86.3,91.8,81.5
160,590820,1995,7,9,84.0,93.6,77.0
161,590820,1995,8,14,79.5,86.0,72.7
162,590820,1995,8,15,79.2,83.3,75.4
163,590820,1995,9,8,85.5,95.4,75.9
164,590820,1995,9,19,75.2,85.1,66.9
165,590820,1995,9,20,74.2,81.0,68.7
166,590820,1995,9,26,77.5,91.6,63.9
167,590820,1995,9,29,77.3,85.6,72.9
168,590820,1995,10,3,75.0,77.4,72.9
169,590820,1995,10,5,66.7,72.1,63.5
170,590820,1995,10,6,66.0,70.5,62.2
171,590820,1995,10,8,72.8,80.4,66.7
172,590820,1995,11,9,65.0,77.0,52.9
173,590820,1995,11,21,53.3,56.5,50.0
174,590820,1995,12,1,59.0,69.6,50.7
175,590820,1995,12,4,56.1,63.5,50.7
176,590820,1995,12,5,54.2,64.0,44.6
177,590820,1995,12,6,50.1,62.1,40.1
178,590820,1995,12,17,47.7,50.4,44.1
179,590820,1995,2,2,47.8,56.5,34.5
180,590820,1995,2,14,53.3,57.0,50.9
181,590820,1995,4,18,75.9,82.8,68.2
182,590820,1995,10,9,71.4,77.5,65.3
183,590820,1995,11,10,64.1,79.2,50.5
184,590820,1995,11,15,57.2,68.7,47.3
185,590820,1995,11,20,58.5,65.3,50.2
186,590820,1995,11,30,62.3,74.8,54.0
187,590820,1995,12,25,49.4,61.3,38.7
188,590820,1995,12,29,46.1,62.2,34.9
189,590820,1995,1,1,49.9,53.6,47.5
190,590820,1995,1,22,59.8,75.0,45.9
191,590820,1995,1,26,44.7,46.4,43.9
192,590820,1995,1,28,44.7,49.6,37.8
193,590820,1995,3,4,55.1,66.7,42.8
194,590820,1995,3,10,58.8,67.3,50.0
195,590820,1995,3,11,56.1,59.4,53.8
196,590820,1995,3,12,54.6,58.8,51.3
197,590820,1995,3,16,66.2,72.5,56.7
198,590820,1995,3,17,50.4,61.0,46.6
199,590820,1995,3,24,68.7,80.6,53.4
200,590820,1995,5,2,76.9,87.6,72.0
201,590820,1995,5,4,66.9,71.1,63.1
202,590820,1995,5,12,78.8,87.3,72.3
203,590820,1995,6,15,80.5,87.1,76.6
204,590820,1995,6,27,78.3,82.9,73.9
205,590820,1995,6,30,80.6,90.9,75.9
206,590820,1995,7,23,88.3,98.4,78.4
207,590820,1995,7,26,83.4,95.4,76.8
208,590820,1995,8,31,83.2,92.7,75.9
209,590820,1995,9,11,80.2,87.6,75.9
210,590820,1995,10,4,78.1,86.7,66.4
211,590820,1995,10,19,75.8,86.0,68.5
212,590820,1995,11,8,59.6,64.8,53.4
213,590820,1995,11,23,56.8,69.3,43.7
214,590820,1995,12,21,52.1,61.2,44.1
215,590820,1995,2,3,47.5,50.7,43.7
216,590820,1995,1,4,44.2,53.2,35.6
217,590820,1995,2,16,52.2,54.5,50.5
218,590820,1995,5,15,65.4,71.8,60.1
219,590820,1995,1,19,53.6,58.5,51.3
220,590820,1995,5,10,78.3,89.6,69.1
221,590820,1995,5,14,78.0,88.9,68.0
222,590820,1995,8,25,84.2,93.6,75.9
223,590820,1995,9,28,79.5,88.3,73.9
224,590820,1995,10,21,76.8,86.9,68.9
225,590820,1995,11,28,55.4,61.9,47.5
226,590820,1995,1,11,45.0,54.0,43.3
227,590820,1995,2,20,51.3,55.0,49.5
228,590820,1995,2,21,49.3,52.2,46.6
229,590820,1995,2,27,54.9,66.6,45.5
230,590820,1995,3,18,51.9,59.5,35.4
231,590820,1995,3,30,62.5,68.9,58.5
232,590820,1995,4,3,60.3,64.8,56.1
233,590820,1995,5,7,71.9,81.0,63.5
234,590820,1995,5,20,83.4,90.7,72.9
235,590820,1995,5,21,67.0,79.2,63.9
236,590820,1995,5,26,78.5,86.0,73.6
237,590820,1995,6,6,79.2,82.4,76.8
238,590820,1995,7,15,79.7,88.2,75.9
239,590820,1995,7,25,85.0,96.4,78.1
240,590820,1995,8,13,78.0,86.9,73.0
241,590820,1995,8,27,80.7,88.7,76.6
242,590820,1995,8,28,81.1,89.1,75.7
243,590820,1995,9,7,83.5,94.1,77.2
244,590820,1995,9,17,77.5,88.2,66.9
245,590820,1995,9,25,73.9,85.3,65.1
246,590820,1995,9,30,74.2,79.2,71.6
247,590820,1995,10,28,70.9,83.3,61.3
248,590820,1995,11,7,63.3,65.8,60.8
249,590820,1995,4,16,80.2,84.0,73.0
250,590820,1995,9,13,83.0,92.1,73.8
251,590820,1995,1,16,44.6,52.5,38.7
252,590820,1995,10,25,67.5,73.2,63.3
253,590820,1995,8,12,78.1,82.6,74.7
254,590820,1995,12,7,48.0,62.1,36.1
255,590820,1995,12,12,55.6,78.8,41.2
256,590820,1995,12,19,50.2,53.4,44.2
257,590820,1995,12,20,50.2,54.1,45.7
258,590820,1995,10,13,76.5,85.1,70.7
259,590820,1995,1,15,47.7,49.3,45.9
260,590820,1995,4,17,79.4,85.3,73.9
261,590820,1995,7,30,87.3,97.9,76.6
262,590820,1995,9,4,84.4,96.4,74.7
263,590820,1995,11,11,61.3,71.6,48.4
264,590820,1995,1,7,48.6,66.7,32.0
265,590820,1995,10,7,69.6,74.3,63.9
266,590820,1995,2,6,48.1,61.7,35.2
267,590820,1995,2,11,57.3,71.2,46.6
268,590820,1995,7,12,85.9,93.9,79.7
269,590820,1995,7,18,86.1,95.5,77.7
270,590820,1995,8,24,84.6,93.2,76.8
271,590820,1995,9,23,74.5,88.9,61.3
272,590820,1995,9,27,80.5,92.1,67.1
273,590820,1995,10,16,75.7,84.9,69.8
274,590820,1995,10,22,74.9,84.9,67.1
275,590820,1995,11,12,62.4,67.8,55.4
276,590820,1995,11,17,59.7,75.7,46.8
277,590820,1995,12,28,46.6,59.9,35.4
278,590820,1995,12,31,48.4,68.0,33.8
279,590820,1995,1,5,44.2,58.5,32.5
280,590820,1995,1,31,50.4,58.3,43.3
281,590820,1995,3,19,55.1,60.6,51.3
282,590820,1995,3,22,67.2,73.2,58.8
283,590820,1995,3,26,58.3,69.6,46.8
284,590820,1995,3,27,60.0,63.9,53.8
285,590820,1995,5,6,71.7,81.7,62.6
286,590820,1995,5,29,84.1,92.7,75.9
287,590820,1995,6,10,81.4,93.2,70.9
288,590820,1995,7,16,83.6,91.4,74.8
289,590820,1995,7,29,86.2,98.4,76.5
290,590820,1995,8,17,79.5,83.5,74.3
291,590820,1995,8,18,81.2,89.2,73.0
292,590820,1995,8,1,84.1,93.6,77.5
293,590820,1995,10,31,67.0,79.3,56.8
294,590820,1995,11,1,64.7,76.5,54.0
295,590820,1995,1,14,48.7,51.3,46.9
296,590820,1995,2,9,50.4,57.6,44.8
297,590820,1995,4,15,79.3,84.9,74.5
298,590820,1995,9,12,80.0,88.2,74.7
299,590820,1995,9,21,74.8,86.4,64.0
300,590820,1995,10,24,67.7,72.7,65.3
301,590820,1995,3,3,55.6,63.5,49.1
302,590820,1995,6,24,85.8,91.8,81.5
303,590820,1995,7,7,82.7,92.7,75.0
304,590820,1995,11,24,49.5,62.4,37.9
305,590820,1995,4,11,72.2,82.8,62.2
306,590820,1995,1,27,45.4,47.3,43.2
307,590820,1995,3,13,53.0,54.1,50.7
308,590820,1995,7,1,83.2,88.9,75.0
309,590820,1995,7,4,80.4,89.2,75.4
310,590820,1995,3,6,59.7,68.7,52.0
311,590820,1995,5,24,77.8,82.2,72.9
312,590820,1995,11,6,69.1,75.7,64.6
313,590820,1995,2,15,54.4,57.9,50.4
314,590820,1995,2,28,55.9,66.0,43.7
315,590820,1995,10,15,73.0,76.6,69.8
316,590820,1995,1,12,44.8,46.4,42.3
317,590820,1995,1,20,54.8,60.6,50.0
318,590820,1995,1,29,46.2,50.2,36.9
319,590820,1995,2,17,51.1,51.6,49.6
320,590820,1995,2,18,53.6,55.9,50.4
321,590820,1995,2,19,54.6,60.1,50.5
322,590820,1995,3,1,55.1,57.9,53.6
323,590820,1995,3,2,58.1,60.6,53.4
324,590820,1995,4,7,66.2,72.1,60.3
325,590820,1995,4,20,70.5,74.1,65.1
326,590820,1995,5,18,77.2,82.2,68.0
327,590820,1995,6,1,80.5,89.6,75.9
328,590820,1995,6,20,85.1,90.7,80.2
329,590820,1995,6,22,86.0,91.2,81.7
330,590820,1995,6,28,73.9,75.4,71.4
331,590820,1995,6,29,81.5,90.5,73.4
332,590820,1995,7,6,81.9,90.0,77.7
333,590820,1995,7,8,84.0,95.7,74.3
334,590820,1995,7,28,83.4,91.0,75.4
335,590820,1995,8,5,78.0,82.4,75.7
336,590820,1995,8,6,80.2,86.4,74.8
337,590820,1995,8,7,79.2,88.0,74.7
338,590820,1995,8,23,83.2,97.7,76.6
339,590820,1995,9,1,80.8,88.5,75.2
340,590820,1995,9,9,86.7,99.9,75.4
341,590820,1995,9,15,80.4,90.1,72.9
342,590820,1995,9,16,79.2,87.4,72.5
343,590820,1995,9,24,75.5,88.2,62.2
344,590820,1995,10,2,79.4,88.7,70.9
345,590820,1995,5,28,83.6,90.0,73.0
346,590820,1995,7,5,82.1,88.3,75.9
347,590820,1995,12,16,56.1,64.0,48.0
348,590820,1995,2,13,56.7,64.6,53.4
349,590820,1995,3,28,58.5,60.4,57.0
350,590820,1995,11,13,62.0,66.2,59.2
351,590820,1995,11,14,58.4,62.4,53.6
352,590820,1995,1,2,48.8,54.7,41.7
353,590820,1995,3,9,58.3,66.0,53.6
354,590820,1995,3,31,58.9,62.8,57.6
355,590820,1995,4,30,72.4,78.8,66.9
356,590820,1995,5,3,72.7,76.8,69.3
357,590820,1995,6,8,74.9,78.6,72.0
358,590820,1995,6,26,83.9,93.2,77.9
359,590820,1995,7,3,78.6,86.5,76.1
360,590820,1995,8,2,81.7,90.5,77.0
361,590820,1995,8,3,80.8,91.4,75.7
362,590820,1995,8,11,82.6,94.6,76.3
363,590820,1995,10,12,75.7,84.0,71.2
364,590820,1995,10,14,72.0,74.1,70.5
0,590820,1996,4,22,66.3,76.1,53.6
1,590820,1996,11,6,77.8,88.9,64.9
2,590820,1996,12,22,52.6,69.8,36.7
3,590820,1996,3,29,62.2,71.6,52.2
4,590820,1996,8,20,84.1,95.0,74.7
5,590820,1996,5,14,79.9,88.3,73.4
6,590820,1996,4,18,78.9,86.0,70.9
7,590820,1996,11,7,75.6,87.3,66.2
8,590820,1996,7,28,78.8,83.5,77.0
9,590820,1996,8,17,78.6,87.4,76.3
10,590820,1996,9,23,77.7,84.0,70.3
11,590820,1996,11,13,61.7,67.1,56.1
12,590820,1996,6,28,81.7,90.3,74.8
13,590820,1996,7,9,86.5,94.6,79.5
14,590820,1996,7,2,83.1,89.2,76.6
15,590820,1996,7,16,85.0,90.7,80.1
16,590820,1996,11,15,61.6,72.9,51.8
17,590820,1996,3,12,46.9,47.7,44.4
18,590820,1996,3,25,50.8,52.2,50.0
19,590820,1996,8,19,81.2,88.7,73.9
20,590820,1996,1,2,50.8,70.2,35.4
21,590820,1996,1,5,58.3,70.7,45.0
22,590820,1996,1,6,63.1,74.3,50.5
23,590820,1996,2,4,52.8,65.1,39.6
24,590820,1996,2,11,57.3,69.4,38.5
25,590820,1996,2,13,69.0,76.1,62.4
26,590820,1996,3,3,59.9,80.1,43.2
27,590820,1996,3,4,63.4,81.1,45.9
28,590820,1996,3,5,66.0,80.1,49.6
29,590820,1996,3,6,70.2,79.5,53.6
30,590820,1996,4,16,69.3,77.5,56.3
31,590820,1996,5,13,79.3,85.5,57.2
32,590820,1996,6,5,84.4,90.3,79.5
33,590820,1996,6,6,85.9,93.2,79.9
34,590820,1996,9,12,84.4,94.3,76.1
35,590820,1996,9,17,84.3,94.1,75.2
36,590820,1996,9,28,75.7,85.6,65.1
37,590820,1996,10,10,70.0,74.7,62.1
38,590820,1996,10,12,72.5,80.1,63.7
39,590820,1996,10,16,71.8,85.6,59.9
40,590820,1996,10,18,75.6,85.5,66.2
41,590820,1996,10,24,74.7,87.1,63.5
42,590820,1996,10,27,68.2,79.7,57.6
43,590820,1996,11,10,66.1,73.0,60.6
44,590820,1996,11,25,64.8,80.1,53.6
45,590820,1996,12,14,53.0,70.2,39.6
46,590820,1996,12,16,59.7,75.6,45.9
47,590820,1996,12,25,52.5,70.7,38.5
48,590820,1996,12,26,52.8,71.1,39.9
49,590820,1996,12,28,55.0,66.6,42.6
50,590820,1996,12,30,59.0,74.5,46.4
51,590820,1996,1,16,49.0,51.8,43.7
52,590820,1996,1,23,48.4,56.1,44.4
53,590820,1996,1,27,43.7,49.1,40.1
54,590820,1996,1,28,46.2,49.6,42.4
55,590820,1996,1,30,51.6,55.8,46.9
56,590820,1996,2,21,36.0,38.5,34.3
57,590820,1996,2,25,42.1,44.8,40.6
58,590820,1996,2,26,44.9,47.8,40.8
59,590820,1996,3,20,49.4,50.5,47.8
60,590820,1996,3,23,52.7,54.3,50.5
61,590820,1996,3,26,54.0,56.1,50.0
62,590820,1996,3,31,60.4,63.7,58.5
63,590820,1996,4,21,62.6,71.6,55.9
64,590820,1996,4,28,77.9,83.5,71.1
65,590820,1996,5,1,77.7,86.2,71.6
66,590820,1996,5,2,79.9,87.3,72.7
67,590820,1996,5,5,72.5,76.6,66.7
68,590820,1996,5,19,79.7,86.7,69.8
69,590820,1996,6,2,83.6,90.1,76.6
70,590820,1996,6,3,84.0,90.1,79.9
71,590820,1996,6,22,75.4,76.6,74.1
72,590820,1996,6,23,79.2,84.4,74.5
73,590820,1996,8,2,77.9,79.3,77.0
74,590820,1996,9,2,81.7,90.5,73.2
75,590820,1996,9,4,82.2,91.6,74.1
76,590820,1996,9,15,78.1,82.0,72.1
77,590820,1996,9,16,82.4,93.4,75.4
78,590820,1996,9,19,83.2,92.7,76.8
79,590820,1996,11,23,63.0,71.6,57.2
80,590820,1996,11,30,57.5,65.1,52.7
81,590820,1996,12,3,51.7,53.2,47.3
82,590820,1996,12,10,55.2,65.3,49.5
83,590820,1996,12,31,61.5,74.3,51.4
84,590820,1996,5,27,81.4,91.2,72.9
85,590820,1996,7,11,77.4,85.5,73.6
86,590820,1996,7,13,78.8,89.1,73.8
87,590820,1996,7,22,80.0,92.3,75.6
88,590820,1996,4,1,53.4,60.4,49.3
89,590820,1996,1,3,51.5,70.7,38.8
90,590820,1996,1,31,52.2,58.8,47.3
91,590820,1996,2,14,70.6,80.4,61.0
92,590820,1996,3,7,71.8,78.3,66.0
93,590820,1996,3,9,46.1,54.0,41.2
94,590820,1996,10,11,70.8,78.1,66.6
95,590820,1996,1,15,48.1,54.0,45.0
96,590820,1996,1,25,43.1,48.4,41.5
97,590820,1996,2,8,58.0,68.0,52.7
98,590820,1996,3,1,55.3,68.0,43.0
99,590820,1996,3,17,66.6,77.0,54.7
100,590820,1996,3,18,50.7,56.8,48.9
101,590820,1996,4,3,48.9,52.7,43.9
102,590820,1996,4,10,55.2,57.7,53.1
103,590820,1996,4,13,60.2,63.3,57.0
104,590820,1996,4,19,64.1,74.8,59.4
105,590820,1996,4,20,65.5,75.9,56.8
106,590820,1996,4,29,75.7,78.4,73.6
107,590820,1996,5,9,65.5,71.6,60.8
108,590820,1996,5,24,78.8,85.1,74.5
109,590820,1996,5,28,76.1,80.1,74.5
110,590820,1996,6,21,77.6,81.5,74.8
111,590820,1996,6,29,80.5,89.1,73.8
112,590820,1996,7,27,80.1,86.9,77.9
113,590820,1996,8,15,79.6,84.7,77.0
114,590820,1996,8,21,82.7,96.8,74.3
115,590820,1996,8,23,83.5,89.6,78.6
116,590820,1996,8,25,79.0,86.4,74.5
117,590820,1996,8,31,79.4,86.0,75.0
118,590820,1996,9,3,81.0,90.3,74.8
119,590820,1996,9,21,75.4,79.7,73.0
120,590820,1996,9,22,75.3,79.2,72.1
121,590820,1996,9,27,73.3,79.9,66.4
122,590820,1996,11,20,61.9,75.0,51.6
123,590820,1996,12,4,53.5,56.8,49.5
124,590820,1996,2,23,38.0,39.9,36.0
125,590820,1996,8,14,80.2,91.6,72.5
126,590820,1996,11,29,55.8,63.7,52.9
127,590820,1996,9,26,76.6,83.7,69.4
128,590820,1996,11,21,62.4,76.6,51.4
129,590820,1996,1,19,43.7,46.8,40.8
130,590820,1996,3,11,45.6,47.7,44.2
131,590820,1996,5,31,79.8,83.7,73.0
132,590820,1996,5,10,65.7,68.2,60.6
133,590820,1996,5,17,76.9,83.8,67.5
134,590820,1996,10,25,70.5,81.5,62.8
135,590820,1996,3,28,53.5,54.9,51.6
136,590820,1996,5,21,78.5,90.0,70.7
137,590820,1996,11,22,65.8,74.3,57.4
138,590820,1996,3,10,44.5,45.9,41.0
139,590820,1996,8,10,76.3,79.5,74.5
140,590820,1996,12,19,53.7,62.1,45.7
141,590820,1996,2,7,55.2,57.6,54.5
142,590820,1996,6,9,82.9,94.6,77.0
143,590820,1996,6,19,83.8,89.6,81.7
144,590820,1996,9,1,78.3,86.5,74.1
145,590820,1996,7,17,82.0,92.3,77.4
146,590820,1996,12,12,55.7,68.5,46.8
147,590820,1996,3,24,52.6,55.0,50.0
148,590820,1996,5,7,68.4,73.0,64.8
149,590820,1996,11,17,54.0,60.4,49.5
150,590820,1996,12,2,48.7,53.6,47.5
151,590820,1996,7,8,86.2,97.2,79.3
152,590820,1996,10,2,76.4,88.9,68.4
153,590820,1996,10,3,77.6,89.2,67.8
154,590820,1996,7,1,78.9,82.2,75.7
155,590820,1996,7,3,83.3,89.4,77.5
156,590820,1996,7,14,83.0,88.9,72.7
157,590820,1996,7,15,84.8,91.4,79.9
158,590820,1996,7,23,82.2,92.7,75.0
159,590820,1996,10,5,78.6,85.8,71.6
160,590820,1996,7,24,83.3,92.7,76.5
161,590820,1996,1,1,49.1,69.8,35.2
162,590820,1996,2,6,60.0,70.3,48.0
163,590820,1996,2,12,64.5,70.5,52.3
164,590820,1996,2,15,71.8,86.0,59.5
165,590820,1996,2,28,52.7,58.5,45.9
166,590820,1996,4,25,75.1,82.9,68.2
167,590820,1996,6,11,84.0,94.1,74.8
168,590820,1996,8,5,83.7,93.9,75.7
169,590820,1996,8,26,82.1,88.5,74.1
170,590820,1996,8,29,85.4,93.0,77.5
171,590820,1996,10,13,76.2,83.3,66.2
172,590820,1996,10,17,74.9,88.0,62.6
173,590820,1996,10,21,69.2,83.1,57.4
174,590820,1996,10,29,75.7,89.8,62.4
175,590820,1996,11,4,73.1,86.0,61.3
176,590820,1996,11,9,64.4,73.4,60.8
177,590820,1996,11,26,69.9,83.3,56.3
178,590820,1996,11,28,64.0,72.7,53.4
179,590820,1996,12,7,53.2,59.4,41.0
180,590820,1996,12,15,56.9,73.4,42.6
181,590820,1996,12,21,49.7,68.4,37.6
182,590820,1996,12,27,53.6,72.0,38.8
183,590820,1996,1,22,46.3,49.8,43.9
184,590820,1996,1,24,47.4,49.6,44.6
185,590820,1996,1,29,48.2,51.1,45.3
186,590820,1996,2,20,35.2,36.5,34.0
187,590820,1996,2,29,52.7,54.9,50.7
188,590820,1996,3,2,56.0,73.4,41.4
189,590820,1996,3,22,51.4,53.2,50.4
190,590820,1996,3,30,58.5,59.9,56.8
191,590820,1996,4,11,55.5,58.6,52.7
192,590820,1996,5,3,76.8,79.5,73.6
193,590820,1996,5,26,77.9,86.2,72.5
194,590820,1996,6,14,83.5,92.3,76.8
195,590820,1996,6,15,79.3,90.0,75.7
196,590820,1996,6,16,78.3,84.2,76.1
197,590820,1996,6,17,81.1,88.5,76.6
198,590820,1996,7,26,83.2,98.2,76.8
199,590820,1996,7,30,81.3,88.9,75.9
200,590820,1996,8,3,81.6,88.5,77.5
201,590820,1996,8,7,84.4,94.5,79.5
202,590820,1996,8,16,81.2,87.3,76.5
203,590820,1996,8,28,84.7,93.9,76.1
204,590820,1996,9,24,72.9,77.2,70.0
205,590820,1996,10,9,66.8,72.1,60.4
206,590820,1996,11,2,69.5,78.1,61.0
207,590820,1996,11,11,68.7,76.1,63.5
208,590820,1996,11,12,65.2,68.7,62.6
209,590820,1996,12,18,54.7,62.6,45.0
210,590820,1996,7,5,85.1,92.1,79.2
211,590820,1996,10,1,75.8,86.9,66.2
212,590820,1996,7,4,84.1,90.9,79.0
213,590820,1996,7,12,80.0,89.4,73.0
214,590820,1996,7,18,82.1,89.4,77.0
215,590820,1996,7,19,81.2,94.8,76.1
216,590820,1996,7,20,82.5,93.0,77.4
217,590820,1996,10,4,74.6,78.1,72.3
218,590820,1996,8,27,82.6,91.4,76.8
219,590820,1996,1,4,53.7,70.3,37.6
220,590820,1996,1,11,56.0,66.6,48.0
221,590820,1996,1,20,49.3,55.0,43.0
222,590820,1996,2,1,53.1,63.1,42.1
223,590820,1996,2,2,51.4,59.0,41.5
224,590820,1996,2,5,54.3,67.8,42.6
225,590820,1996,2,10,49.7,65.3,39.2
226,590820,1996,4,23,68.8,81.5,52.7
227,590820,1996,4,24,72.8,81.3,59.4
228,590820,1996,4,26,77.6,85.6,69.1
229,590820,1996,4,27,78.4,87.1,70.2
230,590820,1996,5,22,81.2,92.5,71.6
231,590820,1996,5,23,81.7,92.1,71.8
232,590820,1996,6,8,87.0,97.0,76.6
233,590820,1996,8,6,86.2,97.0,77.0
234,590820,1996,8,22,84.9,94.5,73.4
235,590820,1996,9,5,82.5,90.0,74.7
236,590820,1996,9,6,81.5,91.6,76.1
237,590820,1996,9,8,85.0,93.0,75.2
238,590820,1996,9,30,74.8,84.9,65.1
239,590820,1996,10,22,73.0,85.1,59.4
240,590820,1996,10,23,75.0,87.6,62.6
241,590820,1996,10,28,72.1,86.7,59.4
242,590820,1996,10,30,77.3,89.6,66.7
243,590820,1996,10,31,79.1,90.3,68.7
244,590820,1996,11,5,75.8,90.3,63.5
245,590820,1996,11,16,61.9,71.2,56.5
246,590820,1996,12,23,50.9,68.7,38.3
247,590820,1996,12,24,51.2,68.7,37.9
248,590820,1996,1,10,50.2,56.3,42.1
249,590820,1996,1,14,49.8,55.4,45.7
250,590820,1996,2,24,41.3,44.2,37.9
251,590820,1996,2,27,48.4,53.1,44.6
252,590820,1996,3,13,50.8,52.5,46.4
253,590820,1996,3,14,59.1,68.0,50.5
254,590820,1996,3,15,58.7,60.6,57.4
255,590820,1996,3,16,73.5,79.7,58.1
256,590820,1996,4,4,57.8,66.4,43.2
257,590820,1996,4,5,56.8,58.8,55.2
258,590820,1996,4,6,60.3,61.5,56.5
259,590820,1996,4,7,67.5,72.3,60.4
260,590820,1996,4,8,69.4,74.7,64.8
261,590820,1996,4,12,58.8,63.3,53.8
262,590820,1996,4,14,58.7,61.7,56.5
263,590820,1996,4,17,76.1,82.4,68.9
264,590820,1996,4,30,81.0,90.5,72.5
265,590820,1996,5,6,72.2,73.4,70.0
266,590820,1996,5,8,71.2,76.6,63.9
267,590820,1996,5,11,72.9,80.6,65.3
268,590820,1996,5,12,75.4,83.7,68.7
269,590820,1996,5,25,73.2,75.7,71.2
270,590820,1996,6,4,84.9,91.0,79.9
271,590820,1996,6,13,80.6,90.0,75.0
272,590820,1996,6,18,83.3,90.3,77.5
273,590820,1996,6,24,79.6,82.9,75.9
274,590820,1996,6,26,80.1,89.6,74.5
275,590820,1996,6,27,83.6,91.4,73.8
276,590820,1996,6,30,81.7,88.7,73.4
277,590820,1996,7,25,85.2,98.8,77.2
278,590820,1996,7,29,79.0,84.9,76.5
279,590820,1996,8,11,82.5,91.4,74.3
280,590820,1996,8,12,82.7,95.0,77.7
281,590820,1996,10,8,62.0,63.9,59.9
282,590820,1996,11,18,55.8,63.7,47.1
283,590820,1996,12,9,52.9,57.4,49.3
284,590820,1996,12,11,56.9,64.4,48.4
285,590820,1996,7,21,83.9,94.5,77.0
286,590820,1996,10,6,78.3,87.1,68.5
287,590820,1996,10,7,62.5,74.1,60.6
288,590820,1996,2,16,70.8,79.9,57.7
289,590820,1996,5,18,77.9,86.5,70.7
290,590820,1996,9,18,83.9,94.1,77.0
291,590820,1996,10,19,72.6,83.5,63.7
292,590820,1996,10,26,68.5,76.5,61.0
293,590820,1996,11,1,71.3,91.0,61.7
294,590820,1996,11,8,70.8,84.0,61.9
295,590820,1996,11,14,60.4,68.0,53.8
296,590820,1996,11,24,62.8,75.4,54.5
297,590820,1996,11,27,60.8,68.0,54.3
298,590820,1996,12,13,53.4,68.0,41.7
299,590820,1996,12,17,57.1,65.5,47.3
300,590820,1996,12,20,50.2,66.2,40.1
301,590820,1996,12,29,58.6,73.6,48.4
302,590820,1996,1,8,50.4,59.0,44.6
303,590820,1996,1,17,49.7,53.1,44.8
304,590820,1996,1,18,43.7,47.5,41.2
305,590820,1996,1,21,46.7,50.0,44.2
306,590820,1996,1,26,42.3,45.5,40.1
307,590820,1996,2,18,37.1,39.7,35.2
308,590820,1996,4,9,61.3,70.3,55.6
309,590820,1996,5,4,72.1,79.0,67.1
310,590820,1996,5,29,72.6,77.0,70.9
311,590820,1996,6,10,83.2,93.9,75.4
312,590820,1996,6,12,82.1,92.5,75.7
313,590820,1996,6,20,83.2,89.2,77.5
314,590820,1996,6,25,77.7,82.8,75.0
315,590820,1996,8,1,84.9,94.6,77.9
316,590820,1996,8,8,83.9,93.7,78.4
317,590820,1996,8,9,82.1,91.8,77.0
318,590820,1996,8,18,76.0,79.9,74.5
319,590820,1996,9,7,80.5,93.4,75.6
320,590820,1996,9,9,82.9,92.8,75.7
321,590820,1996,12,1,54.9,59.2,51.8
322,590820,1996,12,5,49.3,51.1,47.5
323,590820,1996,12,6,49.3,56.5,43.2
324,590820,1996,12,8,52.2,55.9,49.3
325,590820,1996,1,7,61.0,68.5,53.2
326,590820,1996,7,7,86.5,94.1,79.5
327,590820,1996,7,10,85.0,92.3,77.4
328,590820,1996,10,20,69.3,81.1,59.7
329,590820,1996,2,3,51.0,65.3,41.5
330,590820,1996,3,8,61.6,76.1,50.9
331,590820,1996,5,15,78.5,87.3,70.3
332,590820,1996,5,16,70.5,76.1,68.0
333,590820,1996,6,7,86.4,94.6,77.5
334,590820,1996,9,29,76.0,86.7,66.0
335,590820,1996,10,14,76.2,85.1,65.5
336,590820,1996,10,15,71.0,83.1,61.0
337,590820,1996,1,9,45.6,49.3,42.8
338,590820,1996,1,12,54.1,57.4,48.9
339,590820,1996,1,13,46.8,52.2,45.7
340,590820,1996,2,17,41.7,50.0,36.5
341,590820,1996,2,19,35.6,39.6,34.0
342,590820,1996,3,27,54.3,56.7,51.8
343,590820,1996,4,2,46.8,50.4,44.6
344,590820,1996,4,15,57.8,59.5,56.5
345,590820,1996,5,20,75.1,79.7,70.9
346,590820,1996,8,4,80.1,90.3,76.3
347,590820,1996,8,13,77.8,91.8,73.2
348,590820,1996,8,24,81.0,93.7,76.5
349,590820,1996,8,30,79.3,84.6,76.6
350,590820,1996,9,11,84.5,94.1,77.0
351,590820,1996,9,14,77.5,88.5,73.0
352,590820,1996,9,20,79.8,86.9,75.0
353,590820,1996,9,25,72.4,77.5,69.8
354,590820,1996,11,3,67.0,74.3,61.9
355,590820,1996,3,21,51.5,53.2,48.9
356,590820,1996,5,30,75.5,82.6,70.7
357,590820,1996,7,31,85.0,97.3,75.9
358,590820,1996,9,10,83.6,93.0,75.2
359,590820,1996,7,6,85.2,93.2,79.0
360,590820,1996,2,22,37.3,40.6,34.7
361,590820,1996,3,19,49.1,50.4,48.4
362,590820,1996,9,13,82.9,91.9,76.8
363,590820,1996,11,19,59.5,67.1,51.8
364,590820,1996,2,9,53.0,62.8,41.4
365,590820,1996,6,1,80.3,84.0,77.5
0,590820,1997,5,13,79.4,87.4,72.7
1,590820,1997,7,9,79.5,87.3,75.4
2,590820,1997,8,8,82.7,88.7,78.1
3,590820,1997,12,20,64.5,66.6,63.0
4,590820,1997,11,29,54.2,58.5,49.3
5,590820,1997,2,19,53.8,67.3,38.8
6,590820,1997,3,11,75.4,82.4,66.7
7,590820,1997,5,31,81.6,91.0,64.4
8,590820,1997,6,25,79.4,85.1,75.0
9,590820,1997,1,24,40.6,43.5,37.2
10,590820,1997,8,20,83.1,90.3,74.8
11,590820,1997,12,25,51.2,55.6,49.8
12,590820,1997,10,18,76.7,86.9,69.3
13,590820,1997,9,29,71.4,79.2,63.5
14,590820,1997,1,31,62.8,77.4,51.4
15,590820,1997,6,28,81.9,89.4,77.4
16,590820,1997,7,8,79.6,86.4,75.6
17,590820,1997,12,10,46.9,50.2,44.4
18,590820,1997,4,3,70.1,76.3,64.8
19,590820,1997,5,4,79.0,88.9,72.5
20,590820,1997,7,18,79.6,87.8,75.2
21,590820,1997,7,5,77.9,82.6,74.5
22,590820,1997,8,31,79.9,93.2,77.2
23,590820,1997,9,1,80.1,88.3,74.5
24,590820,1997,9,9,75.5,82.0,73.4
25,590820,1997,9,22,71.3,81.5,63.5
26,590820,1997,1,4,58.4,64.2,51.8
27,590820,1997,4,14,72.0,80.2,66.6
28,590820,1997,4,25,64.1,68.2,59.5
29,590820,1997,1,6,48.9,60.3,38.1
30,590820,1997,1,20,58.0,63.5,51.4
31,590820,1997,1,26,46.5,57.9,38.7
32,590820,1997,1,30,63.0,76.1,53.1
33,590820,1997,2,20,59.0,67.5,47.8
34,590820,1997,2,23,66.1,77.7,50.7
35,590820,1997,2,24,68.4,78.3,59.7
36,590820,1997,3,5,67.3,75.4,54.9
37,590820,1997,3,6,69.9,78.1,61.3
38,590820,1997,3,10,72.0,80.8,60.6
39,590820,1997,4,15,72.3,79.2,65.3
40,590820,1997,4,16,75.8,83.7,67.5
41,590820,1997,5,26,78.4,90.0,67.3
42,590820,1997,6,26,84.1,93.6,76.6
43,590820,1997,7,31,86.1,97.9,78.1
44,590820,1997,8,19,82.6,89.8,75.7
45,590820,1997,8,30,86.9,97.5,78.6
46,590820,1997,10,6,77.0,87.1,68.7
47,590820,1997,10,11,75.1,80.4,70.2
48,590820,1997,10,22,77.4,89.6,68.0
49,590820,1997,10,24,79.2,87.8,71.2
50,590820,1997,11,15,69.2,76.3,63.9
51,590820,1997,11,21,70.5,80.6,58.1
52,590820,1997,12,17,62.8,71.8,57.7
53,590820,1997,1,2,61.2,72.9,54.9
54,590820,1997,1,18,48.2,56.3,47.5
55,590820,1997,2,3,46.6,49.1,45.7
56,590820,1997,2,11,53.7,61.2,48.7
57,590820,1997,2,14,46.3,47.7,44.4
58,590820,1997,3,21,53.1,54.1,51.4
59,590820,1997,3,28,60.2,61.7,58.6
60,590820,1997,4,5,60.5,65.3,58.3
61,590820,1997,4,18,70.6,75.0,65.8
62,590820,1997,4,19,71.4,74.7,68.5
63,590820,1997,4,27,73.9,83.7,64.2
64,590820,1997,5,6,75.5,80.8,72.7
65,590820,1997,5,10,74.8,80.8,66.9
66,590820,1997,5,15,82.7,88.2,75.0
67,590820,1997,5,17,77.2,84.0,71.8
68,590820,1997,5,24,73.9,84.2,64.2
69,590820,1997,6,3,80.8,90.0,73.4
70,590820,1997,6,30,81.2,91.8,75.6
71,590820,1997,7,4,76.9,80.1,74.5
72,590820,1997,7,19,79.4,83.3,74.7
73,590820,1997,7,23,83.1,91.9,76.8
74,590820,1997,7,25,82.4,92.3,75.9
75,590820,1997,7,26,81.5,92.3,77.0
76,590820,1997,8,1,83.3,93.9,78.4
77,590820,1997,8,11,79.5,84.9,76.8
78,590820,1997,8,12,77.9,81.0,75.9
79,590820,1997,8,17,79.2,88.5,74.1
80,590820,1997,8,26,82.7,93.4,76.1
81,590820,1997,9,2,78.8,83.8,73.9
82,590820,1997,9,13,82.9,93.2,74.1
83,590820,1997,9,19,77.9,85.3,70.2
84,590820,1997,9,21,65.4,71.1,61.2
85,590820,1997,9,23,75.2,82.0,67.1
86,590820,1997,10,3,79.4,87.6,74.5
87,590820,1997,11,25,74.1,83.1,64.0
88,590820,1997,12,7,51.8,58.1,51.3
89,590820,1997,12,9,50.2,56.8,44.2
90,590820,1997,12,11,47.1,49.1,44.2
91,590820,1997,12,24,50.7,52.7,47.7
92,590820,1997,12,27,56.6,59.2,54.3
93,590820,1997,12,18,66.3,75.2,58.1
94,590820,1997,1,11,46.5,65.3,32.2
95,590820,1997,2,25,66.9,75.9,60.1
96,590820,1997,2,26,69.7,82.2,59.9
97,590820,1997,3,8,73.2,84.2,59.9
98,590820,1997,3,29,65.9,74.3,59.4
99,590820,1997,4,28,76.3,86.5,65.3
100,590820,1997,5,3,81.9,90.9,70.3
101,590820,1997,5,27,81.1,89.6,68.9
102,590820,1997,7,29,86.0,94.1,77.7
103,590820,1997,8,16,81.8,92.3,74.5
104,590820,1997,10,21,77.3,89.2,68.7
105,590820,1997,10,23,78.4,89.6,68.9
106,590820,1997,10,28,61.6,69.8,54.7
107,590820,1997,11,1,59.2,70.9,49.3
108,590820,1997,11,2,60.5,74.3,48.2
109,590820,1997,11,12,73.1,84.2,62.4
110,590820,1997,11,13,74.0,84.0,63.1
111,590820,1997,11,19,57.2,62.2,49.5
112,590820,1997,12,15,61.1,70.3,53.2
113,590820,1997,1,1,64.1,78.8,50.4
114,590820,1997,2,1,66.2,73.9,57.6
115,590820,1997,2,6,43.7,45.5,41.9
116,590820,1997,2,7,45.0,48.2,42.1
117,590820,1997,2,9,52.1,58.5,46.6
118,590820,1997,2,10,49.8,52.2,48.9
119,590820,1997,3,3,56.6,69.1,44.6
120,590820,1997,3,4,61.3,73.9,47.1
121,590820,1997,3,22,55.2,59.0,52.7
122,590820,1997,3,24,57.9,61.3,54.0
123,590820,1997,4,11,66.8,75.0,61.2
124,590820,1997,4,12,70.7,78.4,61.3
125,590820,1997,5,7,77.6,83.3,72.5
126,590820,1997,5,11,78.3,84.2,73.6
127,590820,1997,6,6,81.8,86.5,75.4
128,590820,1997,6,16,73.8,78.4,71.6
129,590820,1997,6,23,80.6,90.9,75.9
130,590820,1997,7,6,77.7,84.6,73.9
131,590820,1997,7,10,78.7,83.5,76.5
132,590820,1997,7,16,79.5,91.6,75.2
133,590820,1997,7,17,79.8,86.4,75.7
134,590820,1997,7,21,82.4,92.3,75.4
135,590820,1997,7,22,83.7,91.9,75.4
136,590820,1997,7,27,83.9,94.1,76.1
137,590820,1997,8,3,78.8,82.4,74.3
138,590820,1997,8,4,85.3,91.6,77.2
139,590820,1997,8,6,82.5,88.5,78.1
140,590820,1997,8,9,82.2,88.9,78.3
141,590820,1997,8,14,82.6,90.5,77.4
142,590820,1997,8,22,79.2,82.6,75.4
143,590820,1997,8,24,79.0,85.6,76.3
144,590820,1997,9,3,77.8,87.1,74.3
145,590820,1997,9,7,79.5,91.0,69.6
146,590820,1997,9,8,81.2,91.4,74.1
147,590820,1997,9,10,78.0,86.0,73.0
148,590820,1997,9,11,79.9,88.9,72.7
149,590820,1997,9,12,81.6,91.6,72.5
150,590820,1997,9,28,63.9,66.4,59.4
151,590820,1997,10,1,79.1,88.7,71.2
152,590820,1997,10,2,79.6,89.1,73.0
153,590820,1997,10,5,73.3,78.4,68.2
154,590820,1997,10,8,75.1,81.1,70.0
155,590820,1997,11,24,66.9,73.2,57.7
156,590820,1997,11,30,55.7,58.6,52.7
157,590820,1997,12,5,54.2,57.7,44.1
158,590820,1997,12,13,51.3,59.0,40.5
159,590820,1997,12,19,68.2,73.6,62.1
160,590820,1997,12,23,48.8,50.2,46.8
161,590820,1997,12,26,55.1,59.4,50.9
162,590820,1997,12,31,60.0,64.8,56.7
163,590820,1997,2,18,47.9,57.6,39.2
164,590820,1997,3,9,70.0,79.2,61.5
165,590820,1997,9,16,73.9,80.1,69.3
166,590820,1997,11,5,59.1,73.4,47.5
167,590820,1997,1,8,42.4,46.6,39.9
168,590820,1997,1,14,56.9,66.9,52.0
169,590820,1997,2,13,46.4,49.3,45.0
170,590820,1997,5,8,74.7,79.2,70.3
171,590820,1997,5,21,72.9,80.6,65.7
172,590820,1997,5,29,70.5,76.8,66.9
173,590820,1997,6,2,79.6,88.7,74.7
174,590820,1997,6,4,80.1,89.4,74.5
175,590820,1997,6,15,73.6,77.7,72.1
176,590820,1997,6,24,78.1,88.5,75.6
177,590820,1997,7,2,79.1,88.2,76.3
178,590820,1997,7,3,77.0,79.5,75.4
179,590820,1997,7,15,79.3,91.4,75.6
180,590820,1997,7,30,85.6,96.8,79.0
181,590820,1997,8,7,83.0,88.2,78.4
182,590820,1997,8,10,81.7,87.4,77.2
183,590820,1997,9,15,76.7,86.0,70.9
184,590820,1997,10,4,74.1,83.7,68.5
185,590820,1997,10,10,72.9,77.4,70.7
186,590820,1997,10,15,76.7,85.1,71.8
187,590820,1997,10,26,59.6,70.7,56.7
188,590820,1997,11,22,61.8,66.6,58.8
189,590820,1997,12,1,51.5,55.4,49.3
190,590820,1997,12,2,51.2,55.9,48.0
191,590820,1997,12,4,50.0,56.7,44.8
192,590820,1997,12,8,49.8,52.9,45.7
193,590820,1997,12,12,44.8,47.7,42.1
194,590820,1997,12,22,51.0,55.9,47.3
195,590820,1997,8,2,78.9,84.6,75.7
196,590820,1997,3,14,72.0,75.2,69.6
197,590820,1997,4,4,62.3,67.6,59.0
198,590820,1997,5,20,76.2,83.1,71.4
199,590820,1997,9,24,77.0,82.2,71.4
200,590820,1997,10,30,63.1,75.6,51.6
201,590820,1997,1,5,51.1,60.3,39.2
202,590820,1997,1,7,48.1,56.1,41.7
203,590820,1997,1,9,42.6,53.1,33.6
204,590820,1997,1,22,53.7,57.2,48.9
205,590820,1997,1,23,41.9,53.6,37.8
206,590820,1997,2,4,46.5,48.9,45.0
207,590820,1997,2,5,45.5,48.6,42.8
208,590820,1997,2,17,47.3,50.4,44.2
209,590820,1997,3,1,62.6,74.8,52.3
210,590820,1997,3,2,53.2,58.5,47.1
211,590820,1997,4,6,59.1,61.3,57.9
212,590820,1997,4,13,68.9,73.4,66.9
213,590820,1997,4,17,68.9,73.8,66.2
214,590820,1997,4,21,73.4,79.9,67.5
215,590820,1997,5,1,75.5,84.0,60.8
216,590820,1997,5,16,75.5,82.8,72.3
217,590820,1997,5,19,79.5,88.2,73.0
218,590820,1997,6,13,73.0,77.7,68.7
219,590820,1997,6,22,80.3,87.4,76.6
220,590820,1997,7,24,81.0,89.8,76.6
221,590820,1997,8,15,80.5,95.0,76.5
222,590820,1997,9,5,77.6,88.2,69.4
223,590820,1997,9,14,80.4,89.6,72.9
224,590820,1997,11,17,49.9,60.3,40.3
225,590820,1997,11,23,59.8,63.0,57.9
226,590820,1997,12,3,46.9,49.1,46.0
227,590820,1997,12,21,59.0,67.1,54.3
228,590820,1997,12,29,64.7,73.0,55.0
229,590820,1997,4,2,71.4,78.1,64.2
230,590820,1997,3,26,59.3,61.3,57.9
231,590820,1997,12,16,62.9,68.9,57.4
232,590820,1997,1,10,47.0,60.1,32.2
233,590820,1997,1,29,56.5,67.6,37.8
234,590820,1997,1,12,50.9,70.3,33.4
235,590820,1997,1,28,49.6,67.8,35.4
236,590820,1997,2,8,48.0,51.6,43.5
237,590820,1997,2,21,61.5,72.1,52.0
238,590820,1997,2,27,71.6,82.2,59.7
239,590820,1997,3,12,73.4,78.6,68.7
240,590820,1997,3,13,74.0,76.3,70.7
241,590820,1997,4,22,75.8,84.0,67.1
242,590820,1997,5,25,77.0,88.2,67.5
243,590820,1997,6,27,84.2,92.5,76.6
244,590820,1997,8,13,83.6,89.6,75.2
245,590820,1997,8,18,83.9,91.8,74.8
246,590820,1997,8,27,81.5,92.5,75.9
247,590820,1997,8,28,82.8,93.4,75.7
248,590820,1997,8,29,86.5,97.3,75.0
249,590820,1997,9,17,77.4,87.1,68.2
250,590820,1997,10,17,76.5,85.3,70.0
251,590820,1997,10,19,77.9,89.4,68.9
252,590820,1997,10,31,61.7,74.5,50.4
253,590820,1997,11,3,63.6,78.8,51.4
254,590820,1997,11,6,59.1,74.3,46.2
255,590820,1997,11,7,62.0,76.8,48.2
256,590820,1997,11,8,62.6,70.9,54.0
257,590820,1997,11,14,70.6,81.1,63.9
258,590820,1997,12,14,56.9,61.9,50.7
259,590820,1997,1,16,60.5,69.1,50.5
260,590820,1997,1,25,43.5,51.8,39.0
261,590820,1997,3,23,58.5,64.0,54.3
262,590820,1997,4,10,64.9,69.1,62.1
263,590820,1997,4,20,75.3,79.9,69.3
264,590820,1997,5,2,80.2,89.6,69.3
265,590820,1997,5,14,80.6,89.8,72.5
266,590820,1997,6,14,74.2,79.7,68.5
267,590820,1997,6,19,79.9,86.0,72.7
268,590820,1997,6,20,83.2,90.9,75.9
269,590820,1997,7,13,82.6,90.1,76.3
270,590820,1997,8,25,81.2,89.6,76.1
271,590820,1997,9,6,78.8,92.3,68.4
272,590820,1997,9,18,76.7,83.8,71.2
273,590820,1997,11,11,71.6,82.9,60.4
274,590820,1997,11,18,52.5,64.0,39.0
275,590820,1997,12,28,61.1,68.4,55.4
276,590820,1997,6,1,83.6,89.1,78.1
277,590820,1997,11,20,62.2,70.3,52.5
278,590820,1997,2,22,63.3,76.3,53.1
279,590820,1997,1,27,48.1,60.8,37.6
280,590820,1997,2,28,70.3,81.5,59.4
281,590820,1997,3,7,71.2,84.2,60.4
282,590820,1997,6,11,77.5,89.6,68.5
283,590820,1997,10,20,77.3,89.1,69.8
284,590820,1997,10,29,64.5,75.6,54.9
285,590820,1997,11,4,63.2,78.1,49.3
286,590820,1997,11,9,65.8,78.3,58.1
287,590820,1997,5,30,76.1,90.5,65.3
288,590820,1997,7,28,85.5,94.5,78.6
289,590820,1997,10,12,74.1,77.4,72.0
290,590820,1997,10,16,75.9,84.2,70.7
291,590820,1997,10,27,58.4,63.0,55.4
292,590820,1997,9,25,70.4,76.1,67.6
293,590820,1997,1,19,51.2,54.1,47.3
294,590820,1997,3,27,59.5,61.3,57.9
295,590820,1997,4,7,60.7,63.0,57.6
296,590820,1997,4,29,79.4,88.0,68.9
297,590820,1997,7,11,76.9,82.0,74.3
298,590820,1997,1,3,56.3,57.7,55.6
299,590820,1997,1,13,57.0,74.1,38.1
300,590820,1997,1,15,56.7,64.8,50.9
301,590820,1997,1,21,58.6,61.7,54.9
302,590820,1997,2,16,50.3,55.4,43.3
303,590820,1997,3,16,53.5,59.2,52.5
304,590820,1997,3,17,53.8,58.1,51.8
305,590820,1997,3,18,53.6,55.0,51.8
306,590820,1997,3,20,53.4,56.5,50.4
307,590820,1997,3,25,59.0,61.5,55.6
308,590820,1997,3,30,68.1,74.5,59.7
309,590820,1997,3,31,68.2,76.3,64.0
310,590820,1997,4,1,69.1,75.0,63.9
311,590820,1997,4,8,70.4,77.0,60.1
312,590820,1997,4,26,68.9,77.0,61.9
313,590820,1997,4,30,72.0,79.2,68.4
314,590820,1997,5,5,74.6,81.7,72.0
315,590820,1997,5,18,80.9,88.0,73.6
316,590820,1997,5,23,68.4,72.1,64.0
317,590820,1997,6,5,79.9,90.5,74.1
318,590820,1997,6,7,83.2,87.1,79.9
319,590820,1997,6,8,83.8,87.4,81.1
320,590820,1997,6,10,73.6,79.2,69.6
321,590820,1997,6,17,74.9,79.5,71.6
322,590820,1997,6,18,75.7,83.5,72.7
323,590820,1997,7,1,82.1,89.1,75.9
324,590820,1997,7,7,80.6,85.1,74.7
325,590820,1997,7,12,81.2,88.5,75.4
326,590820,1997,7,14,81.6,88.7,76.3
327,590820,1997,8,5,81.7,89.6,77.7
328,590820,1997,8,23,79.3,88.3,76.5
329,590820,1997,9,27,60.1,64.4,59.2
330,590820,1997,9,30,73.2,79.2,66.7
331,590820,1997,10,9,76.1,81.0,72.0
332,590820,1997,10,13,74.8,78.8,71.6
333,590820,1997,10,14,76.9,82.2,72.5
334,590820,1997,11,10,68.6,81.9,57.6
335,590820,1997,11,27,63.1,65.3,61.5
336,590820,1997,12,6,62.4,72.5,55.8
337,590820,1997,12,30,58.1,61.3,54.9
338,590820,1997,6,12,80.3,91.0,67.5
339,590820,1997,2,2,49.6,64.6,47.3
340,590820,1997,5,12,80.3,86.7,74.5
341,590820,1997,10,7,72.7,77.9,70.3
342,590820,1997,11,26,64.0,65.1,61.7
343,590820,1997,11,16,54.9,67.1,48.6
344,590820,1997,4,24,61.2,65.5,59.7
345,590820,1997,5,28,77.0,89.2,69.1
346,590820,1997,1,17,61.6,71.8,51.1
347,590820,1997,2,12,50.1,56.7,46.0
348,590820,1997,2,15,47.2,49.1,44.2
349,590820,1997,3,15,65.3,75.9,55.4
350,590820,1997,3,19,53.6,55.6,50.9
351,590820,1997,4,9,67.5,73.0,62.4
352,590820,1997,4,23,71.8,81.0,63.0
353,590820,1997,5,9,69.2,72.7,67.3
354,590820,1997,5,22,65.3,67.1,64.2
355,590820,1997,6,9,79.5,90.3,71.4
356,590820,1997,6,21,82.0,92.7,77.9
357,590820,1997,6,29,80.4,91.9,76.1
358,590820,1997,7,20,82.1,90.1,76.8
359,590820,1997,8,21,79.1,87.6,75.7
360,590820,1997,9,4,72.6,78.3,57.7
361,590820,1997,9,26,66.3,71.6,61.9
362,590820,1997,10,25,77.1,85.6,66.6
363,590820,1997,11,28,60.4,69.8,50.9
364,590820,1997,9,20,64.4,75.4,61.7
0,590820,1998,8,15,90.0,96.1,81.1
1,590820,1998,1,13,51.4,52.3,49.6
2,590820,1998,1,30,50.8,53.4,47.3
3,590820,1998,3,31,76.5,82.6,65.5
4,590820,1998,11,1,64.2,65.5,61.9
5,590820,1998,1,6,54.1,61.7,49.1
6,590820,1998,3,30,73.4,86.0,67.6
7,590820,1998,1,4,48.0,58.8,44.6
8,590820,1998,1,14,44.9,51.1,43.2
9,590820,1998,5,31,76.6,80.6,71.6
10,590820,1998,9,15,86.4,97.0,75.6
11,590820,1998,10,30,75.6,89.8,65.1
12,590820,1998,1,23,43.5,47.7,39.2
13,590820,1998,4,29,79.5,85.6,72.0
14,590820,1998,4,30,77.1,80.1,75.6
15,590820,1998,5,1,78.8,83.3,75.6
16,590820,1998,6,23,77.6,81.5,74.3
17,590820,1998,6,25,79.9,84.4,76.5
18,590820,1998,7,5,78.9,89.1,73.0
19,590820,1998,7,13,84.8,92.5,78.1
20,590820,1998,7,15,88.1,95.2,81.7
21,590820,1998,11,3,68.7,77.4,61.5
22,590820,1998,4,7,78.0,83.8,72.5
23,590820,1998,8,13,87.1,94.5,79.3
24,590820,1998,1,5,51.4,57.2,44.6
25,590820,1998,1,16,44.5,45.7,42.8
26,590820,1998,2,12,68.7,76.1,54.5
27,590820,1998,4,15,72.8,82.6,61.0
28,590820,1998,5,19,79.6,84.0,74.3
29,590820,1998,6,13,83.5,88.7,80.4
30,590820,1998,8,21,87.4,98.2,78.6
31,590820,1998,2,27,54.1,56.1,52.2
32,590820,1998,4,25,72.5,76.1,70.9
33,590820,1998,6,19,80.2,87.4,75.7
34,590820,1998,1,19,38.9,41.9,36.5
35,590820,1998,4,8,74.7,82.4,68.9
36,590820,1998,5,10,80.0,87.6,76.3
37,590820,1998,6,22,79.5,86.7,74.7
38,590820,1998,9,29,75.1,84.7,67.3
39,590820,1998,2,13,69.9,77.0,62.1
40,590820,1998,2,14,56.7,70.3,52.3
41,590820,1998,5,30,72.1,73.9,71.2
42,590820,1998,11,27,64.1,68.9,61.0
43,590820,1998,2,16,68.9,74.5,58.3
44,590820,1998,8,25,82.2,101.3,74.5
45,590820,1998,6,30,85.7,92.1,78.1
46,590820,1998,7,10,84.8,94.8,77.0
47,590820,1998,4,3,66.8,74.5,53.1
48,590820,1998,4,17,75.6,90.9,61.7
49,590820,1998,4,18,78.4,92.3,63.7
50,590820,1998,5,9,82.8,88.9,78.1
51,590820,1998,5,28,82.3,92.5,70.2
52,590820,1998,7,17,88.6,95.2,82.4
53,590820,1998,7,19,88.9,95.4,84.0
54,590820,1998,7,20,89.2,95.7,83.8
55,590820,1998,7,31,88.2,95.7,82.8
56,590820,1998,8,8,85.7,92.8,77.7
57,590820,1998,8,26,84.6,96.3,74.1
58,590820,1998,9,10,81.7,92.7,73.2
59,590820,1998,9,24,81.1,93.7,70.2
60,590820,1998,10,1,74.1,87.6,60.4
61,590820,1998,10,4,79.0,89.2,64.2
62,590820,1998,10,24,75.8,86.9,60.6
63,590820,1998,11,7,64.4,79.3,53.1
64,590820,1998,11,9,65.4,82.0,52.3
65,590820,1998,11,13,65.0,82.4,52.0
66,590820,1998,11,14,67.0,82.9,55.0
67,590820,1998,12,12,49.8,63.3,39.9
68,590820,1998,12,17,60.4,72.0,48.9
69,590820,1998,1,2,57.5,59.5,52.0
70,590820,1998,1,7,58.9,66.9,48.9
71,590820,1998,1,9,65.6,70.5,57.4
72,590820,1998,1,12,52.1,55.8,49.1
73,590820,1998,1,26,41.9,43.5,41.0
74,590820,1998,1,29,50.1,59.5,37.8
75,590820,1998,2,2,52.5,53.2,50.7
76,590820,1998,2,7,46.4,59.4,37.4
77,590820,1998,2,9,57.7,66.2,52.5
78,590820,1998,2,15,61.3,66.4,52.0
79,590820,1998,2,24,52.7,56.3,47.3
80,590820,1998,3,5,62.8,68.2,50.9
81,590820,1998,3,8,66.7,75.4,63.3
82,590820,1998,3,17,64.3,67.3,62.8
83,590820,1998,3,18,70.9,74.1,63.1
84,590820,1998,3,21,41.9,47.3,40.6
85,590820,1998,3,25,64.6,75.6,51.3
86,590820,1998,4,20,74.5,82.8,65.1
87,590820,1998,4,23,80.6,85.3,75.2
88,590820,1998,4,26,75.4,81.0,70.9
89,590820,1998,5,18,77.1,81.5,73.4
90,590820,1998,6,7,76.7,82.6,70.3
91,590820,1998,6,10,76.3,80.8,70.3
92,590820,1998,6,12,83.4,88.7,79.0
93,590820,1998,6,16,86.5,92.3,80.4
94,590820,1998,6,28,81.9,91.2,76.6
95,590820,1998,6,29,83.1,90.5,76.6
96,590820,1998,7,4,76.8,81.5,72.5
97,590820,1998,7,6,80.0,89.6,74.5
98,590820,1998,7,22,88.3,95.5,83.1
99,590820,1998,7,26,84.9,92.1,79.3
100,590820,1998,8,5,87.2,98.1,81.3
101,590820,1998,8,23,86.4,97.7,79.0
102,590820,1998,9,6,75.4,78.4,73.4
103,590820,1998,10,11,79.4,90.7,74.3
104,590820,1998,10,19,74.6,82.2,66.0
105,590820,1998,11,26,64.1,73.0,55.2
106,590820,1998,12,19,67.0,77.5,52.7
107,590820,1998,12,24,56.9,68.0,45.9
108,590820,1998,2,18,53.2,54.5,52.2
109,590820,1998,9,11,81.4,89.6,75.4
110,590820,1998,3,13,60.1,72.5,44.2
111,590820,1998,4,6,78.9,86.4,71.6
112,590820,1998,6,14,85.4,89.4,80.8
113,590820,1998,7,18,88.6,102.4,82.6
114,590820,1998,7,28,88.3,95.7,81.5
115,590820,1998,8,1,88.6,95.9,82.4
116,590820,1998,8,2,89.4,97.0,83.7
117,590820,1998,8,4,89.3,97.7,81.7
118,590820,1998,8,9,88.0,97.5,79.7
119,590820,1998,8,18,89.2,98.1,79.7
120,590820,1998,9,22,77.0,89.1,66.6
121,590820,1998,9,26,80.5,92.3,72.3
122,590820,1998,9,27,77.6,85.1,71.4
123,590820,1998,10,2,75.3,90.7,62.4
124,590820,1998,10,9,82.5,93.2,73.8
125,590820,1998,10,10,80.4,91.8,72.7
126,590820,1998,10,17,71.6,85.5,57.2
127,590820,1998,10,26,73.1,77.0,67.1
128,590820,1998,10,29,75.7,88.3,66.6
129,590820,1998,11,11,62.9,79.7,50.9
130,590820,1998,11,16,77.4,87.1,69.8
131,590820,1998,11,20,64.1,67.1,59.7
132,590820,1998,12,9,51.1,62.2,40.8
133,590820,1998,12,10,52.6,63.5,39.4
134,590820,1998,12,20,65.4,79.2,55.6
135,590820,1998,12,22,63.4,77.7,52.5
136,590820,1998,12,26,57.3,67.1,49.8
137,590820,1998,1,15,45.4,49.3,42.6
138,590820,1998,1,25,42.6,44.6,41.2
139,590820,1998,1,27,44.3,45.5,41.2
140,590820,1998,2,1,52.5,55.2,49.1
141,590820,1998,2,8,53.9,67.5,36.7
142,590820,1998,2,25,55.6,64.4,46.6
143,590820,1998,3,6,61.9,64.9,61.0
144,590820,1998,3,11,48.7,52.0,45.0
145,590820,1998,3,14,64.3,71.4,58.1
146,590820,1998,3,16,62.7,64.4,61.2
147,590820,1998,3,23,46.2,47.5,43.3
148,590820,1998,4,4,75.6,81.5,67.6
149,590820,1998,4,10,80.4,88.5,70.3
150,590820,1998,5,2,72.2,78.6,70.2
151,590820,1998,5,4,76.2,82.4,71.6
152,590820,1998,5,13,78.5,87.8,69.8
153,590820,1998,5,15,73.9,78.1,70.2
154,590820,1998,5,16,78.9,86.9,70.2
155,590820,1998,5,17,75.2,80.1,72.5
156,590820,1998,5,21,77.4,78.8,75.2
157,590820,1998,5,22,78.1,81.1,76.5
158,590820,1998,6,3,81.6,90.7,73.9
159,590820,1998,6,8,73.8,75.6,71.8
160,590820,1998,6,21,78.6,85.6,75.0
161,590820,1998,7,7,80.8,89.6,75.4
162,590820,1998,7,24,84.0,90.0,75.6
163,590820,1998,8,28,82.3,93.2,76.8
164,590820,1998,8,30,75.4,79.3,73.6
165,590820,1998,9,7,79.2,89.4,74.1
166,590820,1998,9,12,82.4,90.1,75.7
167,590820,1998,10,8,82.5,95.0,72.3
168,590820,1998,11,2,66.0,71.2,61.5
169,590820,1998,11,28,67.0,71.6,60.1
170,590820,1998,11,29,66.2,69.8,63.5
171,590820,1998,11,30,70.2,73.6,65.1
172,590820,1998,12,4,50.8,53.6,44.2
173,590820,1998,12,8,50.9,63.1,40.3
174,590820,1998,12,25,56.2,66.9,47.5
175,590820,1998,6,6,76.1,82.0,71.4
176,590820,1998,7,3,77.0,86.0,74.3
177,590820,1998,9,14,82.9,92.8,75.9
178,590820,1998,10,16,73.2,87.1,59.2
179,590820,1998,10,20,71.6,81.0,62.1
180,590820,1998,10,28,72.7,82.6,68.2
181,590820,1998,11,22,62.3,73.6,51.8
182,590820,1998,12,15,54.2,59.4,50.2
183,590820,1998,12,23,60.2,74.3,47.5
184,590820,1998,1,1,54.2,60.3,52.5
185,590820,1998,1,22,41.6,44.1,39.4
186,590820,1998,2,3,48.2,52.5,45.3
187,590820,1998,2,6,41.0,43.3,38.8
188,590820,1998,2,11,63.2,69.4,57.6
189,590820,1998,3,9,54.4,72.9,48.6
190,590820,1998,3,27,70.8,82.4,61.9
191,590820,1998,4,16,73.8,87.3,62.8
192,590820,1998,4,19,69.0,75.2,65.1
193,590820,1998,4,24,76.7,83.8,71.4
194,590820,1998,4,27,72.8,76.1,70.2
195,590820,1998,6,9,73.2,77.9,70.5
196,590820,1998,7,23,83.2,90.3,76.1
197,590820,1998,8,19,86.3,98.8,75.7
198,590820,1998,9,8,79.4,89.8,74.7
199,590820,1998,9,28,75.5,80.1,71.4
200,590820,1998,10,14,74.3,80.4,68.4
201,590820,1998,10,31,74.5,88.7,63.0
202,590820,1998,11,18,59.7,63.7,56.8
203,590820,1998,12,5,54.0,58.6,50.0
204,590820,1998,12,7,49.6,54.7,43.2
205,590820,1998,5,27,78.1,90.0,70.9
206,590820,1998,8,3,88.6,96.3,83.1
207,590820,1998,8,7,83.8,91.2,78.1
208,590820,1998,8,17,88.2,98.1,80.4
209,590820,1998,9,17,83.4,91.9,75.2
210,590820,1998,10,18,72.5,82.4,65.8
211,590820,1998,10,22,69.5,83.5,58.1
212,590820,1998,11,12,63.4,81.5,51.6
213,590820,1998,11,21,62.1,67.1,57.6
214,590820,1998,1,28,46.7,54.1,40.5
215,590820,1998,2,4,45.1,48.0,43.3
216,590820,1998,2,17,54.6,66.4,52.2
217,590820,1998,2,20,53.2,57.7,50.0
218,590820,1998,2,22,48.8,51.6,47.5
219,590820,1998,3,4,58.8,68.5,52.5
220,590820,1998,4,21,74.8,81.1,71.4
221,590820,1998,5,23,74.8,81.3,66.2
222,590820,1998,6,2,77.7,88.9,74.1
223,590820,1998,6,5,76.2,79.9,73.4
224,590820,1998,6,18,80.4,92.3,76.3
225,590820,1998,6,27,80.6,88.3,77.0
226,590820,1998,8,31,72.6,74.8,71.2
227,590820,1998,9,4,82.9,90.9,77.0
228,590820,1998,10,5,74.3,78.8,72.3
229,590820,1998,11,6,67.0,80.8,54.3
230,590820,1998,12,2,53.5,75.0,45.3
231,590820,1998,12,14,54.5,58.6,50.9
232,590820,1998,12,18,62.8,76.8,53.4
233,590820,1998,9,19,78.0,90.9,67.3
234,590820,1998,12,27,56.6,68.5,50.0
235,590820,1998,7,29,88.0,95.0,82.9
236,590820,1998,1,24,44.8,48.6,41.2
237,590820,1998,8,14,89.1,94.5,80.4
238,590820,1998,11,15,75.5,86.5,56.8
239,590820,1998,11,23,60.3,74.7,50.4
240,590820,1998,5,8,83.5,90.3,76.6
241,590820,1998,7,9,83.4,91.6,76.3
242,590820,1998,9,3,83.1,87.8,75.6
243,590820,1998,12,13,55.7,63.5,39.6
244,590820,1998,1,18,41.9,46.0,38.3
245,590820,1998,3,12,52.2,61.5,36.1
246,590820,1998,3,28,69.0,78.8,61.7
247,590820,1998,4,5,77.6,84.6,71.6
248,590820,1998,5,6,81.2,90.5,71.4
249,590820,1998,5,25,71.0,77.5,62.6
250,590820,1998,5,26,75.8,85.3,66.6
251,590820,1998,7,11,86.4,96.4,78.3
252,590820,1998,7,21,87.6,93.2,84.0
253,590820,1998,7,30,87.3,94.8,81.7
254,590820,1998,8,20,85.8,98.6,75.4
255,590820,1998,9,1,77.5,86.0,71.1
256,590820,1998,9,2,81.4,90.3,71.6
257,590820,1998,9,16,84.4,95.7,75.9
258,590820,1998,9,20,77.2,84.6,68.7
259,590820,1998,9,23,79.8,91.9,67.8
260,590820,1998,9,25,81.7,95.0,71.2
261,590820,1998,10,3,76.3,94.5,63.1
262,590820,1998,10,13,82.8,93.4,74.1
263,590820,1998,10,21,69.6,81.5,59.7
264,590820,1998,10,23,71.9,83.7,57.6
265,590820,1998,10,27,74.5,83.3,69.6
266,590820,1998,11,8,64.8,81.7,52.2
267,590820,1998,11,24,62.3,77.4,49.3
268,590820,1998,12,11,51.7,62.6,41.9
269,590820,1998,12,28,57.5,66.2,49.3
270,590820,1998,12,29,60.4,71.8,50.2
271,590820,1998,3,26,73.0,82.4,62.8
272,590820,1998,7,16,88.0,95.9,82.4
273,590820,1998,7,27,87.4,95.2,79.9
274,590820,1998,8,22,87.5,96.1,80.2
275,590820,1998,8,24,88.9,97.0,80.1
276,590820,1998,11,19,62.6,68.0,56.8
277,590820,1998,12,16,57.1,70.2,49.1
278,590820,1998,11,25,64.4,75.6,50.9
279,590820,1998,3,29,73.5,84.9,65.3
280,590820,1998,11,4,72.0,81.7,61.5
281,590820,1998,1,17,42.7,45.1,38.5
282,590820,1998,1,3,59.4,62.8,55.9
283,590820,1998,4,2,58.5,66.9,53.1
284,590820,1998,9,18,80.6,91.8,69.1
285,590820,1998,9,21,75.5,83.3,68.0
286,590820,1998,9,30,73.9,87.1,62.1
287,590820,1998,11,10,64.3,81.0,51.8
288,590820,1998,12,21,63.9,77.9,54.3
289,590820,1998,1,11,51.4,57.0,49.6
290,590820,1998,4,12,71.1,80.1,65.1
291,590820,1998,4,14,71.6,81.0,62.1
292,590820,1998,5,5,78.8,87.1,71.8
293,590820,1998,8,6,87.2,94.3,81.7
294,590820,1998,9,9,82.4,93.4,73.8
295,590820,1998,10,7,78.8,86.9,72.9
296,590820,1998,10,12,79.6,87.1,74.1
297,590820,1998,10,15,75.0,86.2,63.5
298,590820,1998,12,30,61.8,73.9,51.8
299,590820,1998,12,31,54.7,62.6,48.6
300,590820,1998,5,7,82.5,90.9,77.0
301,590820,1998,1,31,55.0,60.8,49.1
302,590820,1998,1,8,59.1,63.9,56.3
303,590820,1998,1,20,37.9,38.7,36.3
304,590820,1998,1,21,40.6,41.2,37.9
305,590820,1998,4,9,73.1,80.1,68.7
306,590820,1998,5,3,74.9,81.3,70.7
307,590820,1998,5,24,64.5,69.3,63.0
308,590820,1998,6,4,75.3,76.5,73.6
309,590820,1998,7,25,84.1,90.0,77.5
310,590820,1998,12,3,45.0,45.9,43.0
311,590820,1998,7,8,82.5,93.6,75.7
312,590820,1998,2,10,59.4,64.0,54.5
313,590820,1998,2,19,57.9,61.9,53.1
314,590820,1998,2,21,50.0,52.3,49.1
315,590820,1998,2,23,48.9,50.2,47.3
316,590820,1998,2,26,54.9,58.1,52.2
317,590820,1998,2,28,57.2,61.9,52.7
318,590820,1998,3,2,55.6,56.5,54.0
319,590820,1998,3,3,56.7,58.1,55.4
320,590820,1998,3,7,64.1,66.2,61.3
321,590820,1998,3,15,63.8,67.3,61.2
322,590820,1998,3,22,43.7,46.9,41.2
323,590820,1998,3,24,51.9,55.4,45.3
324,590820,1998,4,13,73.5,84.0,63.9
325,590820,1998,4,28,74.9,79.9,70.2
326,590820,1998,5,12,71.0,74.8,64.6
327,590820,1998,5,20,76.5,81.0,73.8
328,590820,1998,6,1,80.7,87.8,74.7
329,590820,1998,6,24,79.8,85.3,76.6
330,590820,1998,6,26,83.1,88.2,77.5
331,590820,1998,7,14,84.3,90.9,77.7
332,590820,1998,8,11,82.0,90.7,77.9
333,590820,1998,8,12,83.4,89.6,78.4
334,590820,1998,8,27,83.5,93.6,78.4
335,590820,1998,10,6,77.1,83.7,72.3
336,590820,1998,10,25,73.1,80.1,67.1
337,590820,1998,11,17,65.6,74.3,62.1
338,590820,1998,12,1,75.5,79.2,69.3
339,590820,1998,4,22,76.8,83.5,73.8
340,590820,1998,6,11,80.1,87.8,76.1
341,590820,1998,6,17,81.7,91.2,77.7
342,590820,1998,7,2,81.2,91.4,77.0
343,590820,1998,4,1,65.1,79.5,55.0
344,590820,1998,8,10,85.0,96.8,78.3
345,590820,1998,9,5,76.8,82.2,73.6
346,590820,1998,1,10,64.2,76.1,51.8
347,590820,1998,2,5,41.9,45.1,39.4
348,590820,1998,3,1,57.0,60.6,54.1
349,590820,1998,3,10,48.8,55.4,45.1
350,590820,1998,3,19,71.9,75.7,59.2
351,590820,1998,3,20,49.5,71.1,45.3
352,590820,1998,4,11,77.5,84.6,68.7
353,590820,1998,5,11,67.5,76.3,64.9
354,590820,1998,5,14,76.3,86.0,72.1
355,590820,1998,5,29,76.8,90.7,72.1
356,590820,1998,6,15,86.4,92.1,80.8
357,590820,1998,6,20,78.4,84.7,75.4
358,590820,1998,7,1,83.6,93.0,78.1
359,590820,1998,7,12,81.8,92.3,78.4
360,590820,1998,8,29,80.2,90.9,74.5
361,590820,1998,9,13,82.2,90.5,77.5
362,590820,1998,11,5,68.1,77.0,59.4
363,590820,1998,12,6,52.6,57.7,49.1
0,590820,1999,6,8,80.0,83.1,76.3
1,590820,1999,9,14,85.3,95.5,77.0
2,590820,1999,12,10,54.5,69.6,39.6
3,590820,1999,8,4,82.0,86.9,78.4
4,590820,1999,9,13,83.5,96.1,74.5
5,590820,1999,1,31,68.6,72.5,61.3
6,590820,1999,1,22,57.4,62.4,52.2
7,590820,1999,5,25,77.1,82.8,71.4
8,590820,1999,10,18,68.1,78.1,56.3
9,590820,1999,12,4,55.5,56.8,53.4
10,590820,1999,2,12,58.8,68.7,46.2
11,590820,1999,3,2,69.3,80.8,56.5
12,590820,1999,7,30,84.1,90.9,78.4
13,590820,1999,9,30,83.6,94.1,72.3
14,590820,1999,12,26,48.1,66.9,30.7
15,590820,1999,11,17,57.3,65.5,49.1
16,590820,1999,4,15,78.3,84.2,72.0
17,590820,1999,6,4,83.6,94.5,74.8
18,590820,1999,7,4,84.4,92.1,77.0
19,590820,1999,2,10,65.3,78.3,53.4
20,590820,1999,10,9,78.6,89.1,71.8
21,590820,1999,12,21,43.7,50.5,32.4
22,590820,1999,4,8,76.6,82.9,66.7
23,590820,1999,6,26,84.8,91.8,79.2
24,590820,1999,8,6,85.4,92.8,77.2
25,590820,1999,9,18,76.1,79.3,73.8
26,590820,1999,11,4,63.6,73.9,52.5
27,590820,1999,11,24,67.5,74.8,60.1
28,590820,1999,10,29,68.8,72.5,66.2
29,590820,1999,3,3,71.5,83.8,63.7
30,590820,1999,6,16,84.7,90.5,80.6
31,590820,1999,1,6,55.0,68.7,37.6
32,590820,1999,1,26,61.4,65.7,55.2
33,590820,1999,8,8,87.9,95.5,82.4
34,590820,1999,4,3,59.3,62.6,57.4
35,590820,1999,4,29,65.2,69.3,63.0
36,590820,1999,5,14,71.1,76.1,68.7
37,590820,1999,5,23,81.0,85.5,76.3
38,590820,1999,3,21,46.5,49.5,45.5
39,590820,1999,12,22,38.6,48.9,26.2
40,590820,1999,10,3,71.2,75.6,67.1
41,590820,1999,10,17,67.3,76.6,58.3
42,590820,1999,4,1,70.5,82.0,59.4
43,590820,1999,3,30,53.3,63.0,46.6
44,590820,1999,1,11,46.9,51.8,40.8
45,590820,1999,1,4,49.9,67.6,37.4
46,590820,1999,9,5,81.6,89.4,77.5
47,590820,1999,3,11,50.2,52.7,47.1
48,590820,1999,3,15,56.8,66.9,48.7
49,590820,1999,3,16,58.0,62.2,48.9
50,590820,1999,3,25,69.9,76.6,54.5
51,590820,1999,4,4,58.8,60.8,56.3
52,590820,1999,4,18,68.4,74.3,64.2
53,590820,1999,5,5,72.1,77.7,65.5
54,590820,1999,5,13,77.2,87.4,65.1
55,590820,1999,5,15,72.8,76.1,68.5
56,590820,1999,5,16,78.8,82.8,71.1
57,590820,1999,5,17,80.1,87.8,76.3
58,590820,1999,5,22,80.0,83.7,75.2
59,590820,1999,6,19,77.9,81.7,74.5
60,590820,1999,6,21,82.6,91.8,76.6
61,590820,1999,6,27,84.8,90.0,78.4
62,590820,1999,7,9,83.9,92.3,77.9
63,590820,1999,7,11,81.5,91.2,75.9
64,590820,1999,7,18,83.3,91.4,79.0
65,590820,1999,8,12,78.9,83.1,77.0
66,590820,1999,8,13,79.0,83.1,76.8
67,590820,1999,8,15,82.2,90.9,75.7
68,590820,1999,8,24,77.1,80.1,73.2
69,590820,1999,8,26,78.9,84.6,75.6
70,590820,1999,10,2,82.1,93.0,73.8
71,590820,1999,10,6,73.7,80.6,66.7
72,590820,1999,10,8,77.4,86.0,71.8
73,590820,1999,11,10,68.3,73.8,59.0
74,590820,1999,11,19,58.7,70.5,47.8
75,590820,1999,11,30,53.1,65.3,41.2
76,590820,1999,12,1,54.1,66.2,42.1
77,590820,1999,12,24,42.0,59.4,27.1
78,590820,1999,12,31,58.1,76.5,44.1
79,590820,1999,10,28,68.2,71.2,65.7
80,590820,1999,11,11,69.0,72.3,66.7
81,590820,1999,12,6,54.6,59.2,51.8
82,590820,1999,2,9,62.6,79.3,46.2
83,590820,1999,2,24,66.2,79.7,53.1
84,590820,1999,2,25,72.6,80.6,57.6
85,590820,1999,3,1,62.5,73.4,56.8
86,590820,1999,3,6,76.4,87.4,61.3
87,590820,1999,4,14,75.3,81.3,69.4
88,590820,1999,5,11,74.4,86.2,62.4
89,590820,1999,6,1,80.6,87.6,72.9
90,590820,1999,6,2,84.3,94.1,75.0
91,590820,1999,6,12,86.1,92.3,79.7
92,590820,1999,7,7,83.9,90.3,77.9
93,590820,1999,7,24,86.9,95.9,78.4
94,590820,1999,7,26,87.6,98.1,78.1
95,590820,1999,7,29,83.0,91.2,79.0
96,590820,1999,8,1,85.7,94.1,79.2
97,590820,1999,8,20,84.2,97.7,75.2
98,590820,1999,9,2,81.1,91.4,74.5
99,590820,1999,9,9,85.6,93.7,78.1
100,590820,1999,9,23,71.1,82.8,59.7
101,590820,1999,1,16,46.1,52.3,33.4
102,590820,1999,1,1,53.2,60.8,47.8
103,590820,1999,1,23,62.7,74.5,56.8
104,590820,1999,1,28,62.2,66.2,59.0
105,590820,1999,10,12,79.8,89.2,72.3
106,590820,1999,2,17,64.5,73.9,52.0
107,590820,1999,3,13,51.1,51.8,49.6
108,590820,1999,3,17,60.4,65.7,56.5
109,590820,1999,3,23,51.5,53.6,47.3
110,590820,1999,4,16,78.3,82.9,73.6
111,590820,1999,4,20,77.2,86.2,72.0
112,590820,1999,4,30,71.1,77.9,63.3
113,590820,1999,5,2,71.2,75.0,67.8
114,590820,1999,6,9,82.8,89.6,75.2
115,590820,1999,6,23,80.3,83.7,76.8
116,590820,1999,7,14,85.0,92.3,75.9
117,590820,1999,7,17,83.9,92.1,79.0
118,590820,1999,7,21,80.7,88.5,74.7
119,590820,1999,8,21,84.3,93.2,75.7
120,590820,1999,8,25,79.5,88.7,75.6
121,590820,1999,4,28,65.1,68.9,59.0
122,590820,1999,10,13,81.2,93.2,72.5
123,590820,1999,10,21,73.9,84.0,63.7
124,590820,1999,10,22,73.6,80.6,67.3
125,590820,1999,11,3,61.3,73.6,51.1
126,590820,1999,11,5,65.9,78.3,54.3
127,590820,1999,11,13,67.2,79.2,58.6
128,590820,1999,11,21,62.9,78.4,50.2
129,590820,1999,11,23,69.7,84.2,59.4
130,590820,1999,12,2,50.9,61.2,42.8
131,590820,1999,12,25,44.4,63.7,28.8
132,590820,1999,12,29,54.0,67.6,42.3
133,590820,1999,9,27,78.6,88.2,69.1
134,590820,1999,10,4,69.1,72.1,63.3
135,590820,1999,10,25,75.3,86.0,62.4
136,590820,1999,10,27,70.8,78.1,63.3
137,590820,1999,12,13,60.6,70.3,50.2
138,590820,1999,4,24,81.4,87.3,75.4
139,590820,1999,2,6,54.9,69.6,40.1
140,590820,1999,3,5,75.8,89.8,61.9
141,590820,1999,4,6,67.0,84.9,52.0
142,590820,1999,4,7,71.7,83.8,54.5
143,590820,1999,4,13,77.5,87.6,65.1
144,590820,1999,4,22,79.6,88.9,71.4
145,590820,1999,4,23,82.9,90.3,72.9
146,590820,1999,6,15,85.9,91.9,80.6
147,590820,1999,7,6,82.2,87.4,78.4
148,590820,1999,7,28,85.7,96.8,75.7
149,590820,1999,8,7,88.5,98.6,77.9
150,590820,1999,8,18,84.8,93.7,75.6
151,590820,1999,9,3,82.6,91.6,74.1
152,590820,1999,9,10,84.3,93.0,77.2
153,590820,1999,9,11,85.7,96.3,77.4
154,590820,1999,9,19,77.5,83.1,74.1
155,590820,1999,9,24,71.6,84.2,59.4
156,590820,1999,9,25,73.4,86.0,60.6
157,590820,1999,1,5,50.4,66.0,36.0
158,590820,1999,1,21,54.7,62.8,47.8
159,590820,1999,1,30,63.9,67.8,57.6
160,590820,1999,1,8,46.8,58.3,37.0
161,590820,1999,3,10,49.5,51.6,48.4
162,590820,1999,3,12,49.9,51.1,48.2
163,590820,1999,4,11,69.5,72.3,67.8
164,590820,1999,4,21,73.6,75.6,71.6
165,590820,1999,4,27,64.7,71.1,59.4
166,590820,1999,5,8,67.4,75.0,62.2
167,590820,1999,5,18,74.3,80.1,71.6
168,590820,1999,5,29,71.7,78.8,66.2
169,590820,1999,7,8,82.7,90.3,78.3
170,590820,1999,7,13,81.1,88.2,76.3
171,590820,1999,7,19,81.2,90.5,77.4
172,590820,1999,8,14,79.0,84.9,75.9
173,590820,1999,8,31,77.7,83.7,72.7
174,590820,1999,9,12,84.8,98.6,74.8
175,590820,1999,9,20,74.6,78.1,72.5
176,590820,1999,9,21,72.6,79.0,65.8
177,590820,1999,10,15,80.7,90.7,73.0
178,590820,1999,11,15,65.7,75.2,56.7
179,590820,1999,11,16,59.2,68.9,50.4
180,590820,1999,12,9,52.4,68.4,41.4
181,590820,1999,12,28,53.4,69.8,42.8
182,590820,1999,9,17,75.2,80.4,73.9
183,590820,1999,10,5,72.6,82.2,66.9
184,590820,1999,10,26,71.9,78.1,64.8
185,590820,1999,10,31,69.8,78.8,59.4
186,590820,1999,11,12,68.4,77.0,60.1
187,590820,1999,11,26,68.6,78.3,62.4
188,590820,1999,11,28,47.6,51.4,43.3
189,590820,1999,12,5,53.2,55.8,51.8
190,590820,1999,12,17,58.9,62.6,55.8
191,590820,1999,12,19,51.3,60.6,41.9
192,590820,1999,2,13,58.9,67.8,51.4
193,590820,1999,6,3,83.1,95.2,76.6
194,590820,1999,6,17,84.4,91.8,79.7
195,590820,1999,8,9,87.2,96.6,81.0
196,590820,1999,1,25,61.0,67.6,55.2
197,590820,1999,1,3,51.7,65.5,41.0
198,590820,1999,1,7,50.1,60.8,39.0
199,590820,1999,2,19,49.3,55.6,41.4
200,590820,1999,2,27,56.6,62.2,54.7
201,590820,1999,3,9,55.1,59.0,50.0
202,590820,1999,3,19,71.2,82.4,55.4
203,590820,1999,3,26,71.6,81.0,57.6
204,590820,1999,3,28,56.2,57.7,53.6
205,590820,1999,3,29,51.4,56.3,49.5
206,590820,1999,4,9,71.6,74.7,70.0
207,590820,1999,4,17,71.7,83.8,64.8
208,590820,1999,4,25,77.7,82.6,71.1
209,590820,1999,5,6,69.2,76.8,63.5
210,590820,1999,5,19,77.5,86.5,68.7
211,590820,1999,5,26,69.7,77.9,65.3
212,590820,1999,6,7,78.8,82.6,77.0
213,590820,1999,6,18,80.2,88.2,76.3
214,590820,1999,7,3,83.0,92.8,77.5
215,590820,1999,7,10,80.6,88.7,76.1
216,590820,1999,7,22,82.3,93.6,76.1
217,590820,1999,7,27,82.2,93.0,76.3
218,590820,1999,8,5,82.2,93.4,77.2
219,590820,1999,8,10,82.1,94.8,78.4
220,590820,1999,8,16,83.0,92.7,77.4
221,590820,1999,8,23,74.6,78.6,73.4
222,590820,1999,10,1,81.1,90.1,75.2
223,590820,1999,10,11,80.1,92.3,72.9
224,590820,1999,10,20,71.1,79.7,64.8
225,590820,1999,12,8,54.7,66.9,44.8
226,590820,1999,12,20,43.3,52.5,35.4
227,590820,1999,10,16,69.8,74.3,66.2
228,590820,1999,11,1,59.9,63.9,57.6
229,590820,1999,11,9,65.3,71.4,60.1
230,590820,1999,11,27,56.2,64.0,48.9
231,590820,1999,12,18,54.4,56.8,51.3
232,590820,1999,2,4,49.1,61.9,36.9
233,590820,1999,4,5,64.2,76.8,53.1
234,590820,1999,4,12,75.1,87.3,65.5
235,590820,1999,2,1,58.6,67.8,52.7
236,590820,1999,1,14,42.4,43.5,41.5
237,590820,1999,1,17,47.7,52.3,44.6
238,590820,1999,1,20,49.9,54.5,48.0
239,590820,1999,1,29,61.0,64.4,58.3
240,590820,1999,12,7,54.7,59.7,50.7
241,590820,1999,7,1,85.8,92.7,79.2
242,590820,1999,8,17,82.6,92.5,76.1
243,590820,1999,8,30,78.0,83.7,75.2
244,590820,1999,6,10,83.8,92.3,77.9
245,590820,1999,5,3,77.5,84.4,69.8
246,590820,1999,12,27,51.1,69.4,32.2
247,590820,1999,5,10,73.5,85.5,62.1
248,590820,1999,6,14,86.4,93.6,80.8
249,590820,1999,2,28,59.9,68.7,54.5
250,590820,1999,3,18,70.4,75.6,59.7
251,590820,1999,7,16,84.7,92.7,79.3
252,590820,1999,8,29,79.6,84.2,75.7
253,590820,1999,2,20,43.5,45.1,39.9
254,590820,1999,2,23,53.3,57.4,45.1
255,590820,1999,3,24,55.1,57.6,51.6
256,590820,1999,5,1,69.7,74.3,66.9
257,590820,1999,5,9,68.0,75.0,61.7
258,590820,1999,5,21,78.0,84.7,72.3
259,590820,1999,5,24,72.6,77.7,71.6
260,590820,1999,5,27,72.8,79.9,65.1
261,590820,1999,5,28,71.8,76.5,65.7
262,590820,1999,5,30,69.5,71.8,65.5
263,590820,1999,6,6,87.1,95.9,77.0
264,590820,1999,6,11,84.8,91.2,77.5
265,590820,1999,6,20,81.8,88.7,77.0
266,590820,1999,6,22,81.8,85.1,77.5
267,590820,1999,6,25,82.3,90.1,74.8
268,590820,1999,7,5,83.2,91.6,78.8
269,590820,1999,7,12,83.1,91.9,75.7
270,590820,1999,7,20,81.3,91.6,75.4
271,590820,1999,9,1,77.2,81.9,72.5
272,590820,1999,9,4,81.4,88.3,77.9
273,590820,1999,9,6,83.3,91.8,77.4
274,590820,1999,9,26,72.0,77.0,66.0
275,590820,1999,10,19,70.0,78.3,60.1
276,590820,1999,11,29,50.2,59.5,41.9
277,590820,1999,10,7,75.3,82.8,69.8
278,590820,1999,10,10,80.1,91.0,73.0
279,590820,1999,10,14,82.2,93.6,73.4
280,590820,1999,10,24,71.2,81.3,63.3
281,590820,1999,11,14,69.6,80.2,58.6
282,590820,1999,11,20,60.4,73.0,50.2
283,590820,1999,11,22,66.7,81.5,53.1
284,590820,1999,11,25,71.1,83.1,62.1
285,590820,1999,12,11,57.9,71.2,41.2
286,590820,1999,12,15,56.9,67.6,46.9
287,590820,1999,12,30,58.1,76.8,46.4
288,590820,1999,9,16,76.8,78.8,74.5
289,590820,1999,10,30,69.0,70.5,67.8
290,590820,1999,11,6,70.9,81.7,57.9
291,590820,1999,11,8,66.9,70.5,62.8
292,590820,1999,12,3,55.0,61.7,41.5
293,590820,1999,12,16,59.2,63.7,50.4
294,590820,1999,2,5,51.1,67.6,37.6
295,590820,1999,2,7,58.8,73.6,45.5
296,590820,1999,2,14,61.7,72.7,50.2
297,590820,1999,2,15,63.6,76.3,54.9
298,590820,1999,2,21,46.3,48.6,43.7
299,590820,1999,2,22,47.7,50.4,43.9
300,590820,1999,3,4,73.1,82.9,63.1
301,590820,1999,3,31,63.9,77.0,44.8
302,590820,1999,4,19,76.3,86.7,65.7
303,590820,1999,5,7,72.5,81.5,62.6
304,590820,1999,5,12,73.2,84.2,64.4
305,590820,1999,5,20,77.8,86.2,68.2
306,590820,1999,5,31,76.0,84.0,68.5
307,590820,1999,6,13,87.1,93.6,81.3
308,590820,1999,6,28,85.2,92.1,80.1
309,590820,1999,6,30,85.3,91.4,79.3
310,590820,1999,7,2,86.6,93.0,80.8
311,590820,1999,7,15,84.1,90.5,78.8
312,590820,1999,7,23,85.4,95.9,75.7
313,590820,1999,8,3,82.6,92.5,77.4
314,590820,1999,8,19,85.1,94.8,75.9
315,590820,1999,9,7,86.0,95.9,77.5
316,590820,1999,9,8,85.4,93.9,78.6
317,590820,1999,8,28,78.8,86.5,74.1
318,590820,1999,1,12,42.6,45.5,39.7
319,590820,1999,1,13,43.6,45.7,41.0
320,590820,1999,1,18,48.6,50.4,44.1
321,590820,1999,1,19,53.2,54.9,48.2
322,590820,1999,1,24,64.2,75.4,56.8
323,590820,1999,1,27,66.5,75.4,58.1
324,590820,1999,1,9,48.8,60.6,37.9
325,590820,1999,3,22,49.0,51.8,47.3
326,590820,1999,3,27,58.7,62.6,55.8
327,590820,1999,12,23,38.8,53.2,25.2
328,590820,1999,9,29,79.6,95.0,73.2
329,590820,1999,11,18,57.6,65.5,48.9
330,590820,1999,2,18,56.6,62.4,54.0
331,590820,1999,3,8,59.1,62.2,56.5
332,590820,1999,3,14,54.5,57.7,50.7
333,590820,1999,3,20,52.0,60.4,48.2
334,590820,1999,4,2,63.1,71.6,59.4
335,590820,1999,4,10,71.6,75.4,69.8
336,590820,1999,4,26,71.7,75.6,68.4
337,590820,1999,5,4,70.5,78.4,66.0
338,590820,1999,6,24,78.1,81.1,75.9
339,590820,1999,8,2,82.6,97.0,78.1
340,590820,1999,8,11,81.4,89.4,77.5
341,590820,1999,8,22,79.7,82.9,75.2
342,590820,1999,8,27,76.0,78.3,74.5
343,590820,1999,10,23,70.2,74.1,64.0
344,590820,1999,12,14,57.4,66.2,49.3
345,590820,1999,9,28,78.2,85.6,72.9
346,590820,1999,11,2,59.7,67.3,52.9
347,590820,1999,11,7,67.7,72.7,63.0
348,590820,1999,12,12,58.1,64.6,52.9
349,590820,1999,9,15,80.4,90.7,75.6
350,590820,1999,2,2,56.4,66.2,48.2
351,590820,1999,2,3,51.1,63.9,38.1
352,590820,1999,2,8,59.6,76.3,46.8
353,590820,1999,2,11,61.4,70.9,49.5
354,590820,1999,2,16,61.4,74.5,52.7
355,590820,1999,2,26,70.0,80.2,58.8
356,590820,1999,3,7,64.0,76.5,57.2
357,590820,1999,6,5,85.5,97.2,77.9
358,590820,1999,6,29,84.8,90.9,79.9
359,590820,1999,7,31,85.8,93.2,79.9
360,590820,1999,9,22,71.2,81.1,61.2
361,590820,1999,7,25,88.2,97.7,78.8
362,590820,1999,1,15,45.4,54.0,36.0
363,590820,1999,1,2,52.2,59.5,46.4
0,590820,2000,2,3,50.5,58.1,40.1
1,590820,2000,1,27,41.4,50.9,33.6
2,590820,2000,8,10,85.0,95.9,77.0
3,590820,2000,11,5,64.4,76.6,49.1
4,590820,2000,1,2,60.3,76.6,49.3
5,590820,2000,1,3,59.9,75.9,48.6
6,590820,2000,1,10,66.8,72.9,60.1
7,590820,2000,2,12,63.4,74.1,54.1
8,590820,2000,3,22,73.6,85.1,62.1
9,590820,2000,4,16,65.2,79.0,52.7
10,590820,2000,6,15,78.2,86.7,68.9
11,590820,2000,8,26,83.4,92.3,78.8
12,590820,2000,10,1,83.8,91.4,76.5
13,590820,2000,10,16,67.2,74.3,61.9
14,590820,2000,11,25,66.7,77.5,59.5
15,590820,2000,5,15,80.7,92.8,68.2
16,590820,2000,6,2,85.4,92.5,75.7
17,590820,2000,6,5,88.4,96.6,78.1
18,590820,2000,6,27,85.4,93.2,77.5
19,590820,2000,6,29,87.5,95.0,77.4
20,590820,2000,6,30,87.9,97.7,79.2
21,590820,2000,7,23,84.8,92.5,76.8
22,590820,2000,8,21,85.3,95.0,75.9
23,590820,2000,9,12,75.9,81.7,68.7
24,590820,2000,9,18,76.0,85.1,63.9
25,590820,2000,9,29,81.9,92.3,72.3
26,590820,2000,10,8,80.5,92.3,71.4
27,590820,2000,11,2,56.9,70.2,45.5
28,590820,2000,11,12,50.9,53.2,49.3
29,590820,2000,11,15,62.0,68.9,56.3
30,590820,2000,11,21,51.0,62.2,41.0
31,590820,2000,11,22,52.1,66.2,40.3
32,590820,2000,11,28,63.9,68.0,59.7
33,590820,2000,12,5,55.5,67.6,42.6
34,590820,2000,12,6,60.9,73.0,50.2
35,590820,2000,12,8,60.6,74.3,51.1
36,590820,2000,12,10,63.5,74.8,55.0
37,590820,2000,12,23,47.8,64.4,37.6
38,590820,2000,12,24,49.8,66.9,35.6
39,590820,2000,12,25,52.4,70.2,38.5
40,590820,2000,3,25,61.5,63.3,58.8
41,590820,2000,1,5,69.6,75.4,62.1
42,590820,2000,11,27,67.6,77.0,60.8
43,590820,2000,1,19,44.7,54.3,35.6
44,590820,2000,2,1,39.8,46.9,35.2
45,590820,2000,7,26,86.4,95.0,81.9
46,590820,2000,10,25,78.8,87.8,71.2
47,590820,2000,10,29,62.5,66.2,59.0
48,590820,2000,12,14,47.1,52.5,44.8
49,590820,2000,2,5,46.8,50.0,45.0
50,590820,2000,2,6,47.4,55.4,42.3
51,590820,2000,5,14,79.2,89.1,69.1
52,590820,2000,6,3,85.6,93.7,79.0
53,590820,2000,6,28,85.2,93.0,77.9
54,590820,2000,9,26,81.3,90.9,72.0
55,590820,2000,12,1,59.3,65.5,55.4
56,590820,2000,12,4,53.8,65.3,45.0
57,590820,2000,12,7,62.3,75.6,52.5
58,590820,2000,3,9,54.8,57.6,52.3
59,590820,2000,3,17,54.7,55.0,53.2
60,590820,2000,8,12,80.3,85.3,75.7
61,590820,2000,1,22,55.9,60.6,50.5
62,590820,2000,11,24,63.0,74.3,47.3
63,590820,2000,1,8,56.8,59.9,53.1
64,590820,2000,1,14,48.2,49.1,46.8
65,590820,2000,1,31,42.1,48.9,35.8
66,590820,2000,2,8,51.6,59.5,35.8
67,590820,2000,2,18,58.5,64.8,51.3
68,590820,2000,2,29,47.9,51.4,44.6
69,590820,2000,3,11,53.4,55.9,50.9
70,590820,2000,3,12,51.7,53.8,50.5
71,590820,2000,4,6,63.5,67.8,60.4
72,590820,2000,4,7,63.9,65.8,61.7
73,590820,2000,4,18,69.9,71.6,68.0
74,590820,2000,4,25,81.6,88.7,68.9
75,590820,2000,4,28,65.7,68.9,61.5
76,590820,2000,4,29,71.2,73.8,64.6
77,590820,2000,5,19,70.8,75.4,66.0
78,590820,2000,5,23,77.3,84.7,68.7
79,590820,2000,5,24,78.7,83.7,72.3
80,590820,2000,6,10,82.3,88.3,76.1
81,590820,2000,6,12,71.4,76.3,67.8
82,590820,2000,6,21,81.1,86.0,76.3
83,590820,2000,6,24,83.9,91.4,76.1
84,590820,2000,7,10,85.8,96.8,76.1
85,590820,2000,7,20,79.6,88.3,75.2
86,590820,2000,7,31,78.8,82.2,77.2
87,590820,2000,8,2,82.2,89.2,75.7
88,590820,2000,8,4,80.7,87.3,77.0
89,590820,2000,8,17,77.7,84.0,74.7
90,590820,2000,8,30,83.7,90.1,77.9
91,590820,2000,10,14,60.4,62.1,57.9
92,590820,2000,10,19,68.0,69.8,65.1
93,590820,2000,11,6,71.5,83.1,55.4
94,590820,2000,11,18,55.9,59.2,50.9
95,590820,2000,12,15,48.2,54.9,44.4
96,590820,2000,12,19,59.5,60.6,57.2
97,590820,2000,12,27,61.5,70.2,50.7
98,590820,2000,4,14,69.4,80.6,59.7
99,590820,2000,10,7,77.7,84.9,72.0
100,590820,2000,11,9,63.3,67.1,62.1
101,590820,2000,1,26,40.3,44.6,36.0
102,590820,2000,3,23,57.5,70.9,53.4
103,590820,2000,7,11,81.3,90.5,77.9
104,590820,2000,1,11,66.1,71.6,57.9
105,590820,2000,1,15,49.5,52.3,44.6
106,590820,2000,2,16,51.6,56.5,48.2
107,590820,2000,2,19,59.7,70.5,49.1
108,590820,2000,2,27,44.8,46.9,42.8
109,590820,2000,3,8,54.5,56.5,52.9
110,590820,2000,4,5,64.5,68.9,60.8
111,590820,2000,4,26,68.9,79.9,66.2
112,590820,2000,5,9,73.1,77.9,70.3
113,590820,2000,5,18,69.7,75.7,66.4
114,590820,2000,6,9,81.0,90.0,76.8
115,590820,2000,7,2,84.0,96.1,77.4
116,590820,2000,7,18,77.6,81.0,74.8
117,590820,2000,8,23,85.3,93.2,78.4
118,590820,2000,9,7,73.4,76.6,71.6
119,590820,2000,10,13,60.9,69.3,58.3
120,590820,2000,11,7,69.7,74.7,65.8
121,590820,2000,11,19,55.1,59.9,49.8
122,590820,2000,12,3,53.8,57.0,49.6
123,590820,2000,12,11,59.6,66.2,54.1
124,590820,2000,12,12,47.2,56.8,43.5
125,590820,2000,12,20,50.4,60.3,46.8
126,590820,2000,3,27,67.6,80.6,51.3
127,590820,2000,1,6,58.9,68.7,51.1
128,590820,2000,4,4,67.6,73.4,60.3
129,590820,2000,5,25,82.2,87.3,75.0
130,590820,2000,10,23,75.3,78.8,69.8
131,590820,2000,2,15,57.3,60.8,53.1
132,590820,2000,3,4,68.6,78.1,61.0
133,590820,2000,3,14,58.4,60.1,56.5
134,590820,2000,4,21,74.4,79.2,66.2
135,590820,2000,4,24,70.1,76.3,63.9
136,590820,2000,5,11,78.6,90.5,64.0
137,590820,2000,9,20,75.9,82.4,72.0
138,590820,2000,2,20,49.5,51.1,47.8
139,590820,2000,5,22,76.5,85.8,62.6
140,590820,2000,7,15,88.9,98.6,75.0
141,590820,2000,7,24,86.5,93.9,79.2
142,590820,2000,8,29,84.8,93.0,77.5
143,590820,2000,9,8,74.8,79.7,70.9
144,590820,2000,9,24,82.9,90.3,75.4
145,590820,2000,11,4,59.9,77.2,48.6
146,590820,2000,11,13,55.3,59.5,50.0
147,590820,2000,11,14,62.0,72.5,53.6
148,590820,2000,1,28,44.1,47.8,36.3
149,590820,2000,3,30,73.0,81.0,65.1
150,590820,2000,7,4,82.6,95.5,77.4
151,590820,2000,10,3,80.4,88.7,75.0
152,590820,2000,3,5,61.3,64.9,59.7
153,590820,2000,4,15,59.8,68.0,53.4
154,590820,2000,8,16,79.7,86.5,75.2
155,590820,2000,9,6,77.5,87.8,73.4
156,590820,2000,11,8,65.4,67.5,63.7
157,590820,2000,8,11,87.5,98.1,80.6
158,590820,2000,2,4,52.8,58.3,46.6
159,590820,2000,1,9,62.1,71.1,56.8
160,590820,2000,2,14,56.2,63.3,53.2
161,590820,2000,4,22,67.9,78.3,63.7
162,590820,2000,6,1,80.6,93.0,76.6
163,590820,2000,10,28,68.6,74.3,63.3
164,590820,2000,1,25,41.3,43.7,38.3
165,590820,2000,1,7,56.1,59.9,51.1
166,590820,2000,1,18,44.0,47.1,40.6
167,590820,2000,1,23,59.1,61.5,55.0
168,590820,2000,2,10,57.1,63.9,51.4
169,590820,2000,2,22,49.8,52.5,47.3
170,590820,2000,2,28,46.1,48.2,43.2
171,590820,2000,3,1,48.8,50.5,45.7
172,590820,2000,3,2,55.8,61.0,48.2
173,590820,2000,3,6,60.1,63.3,58.1
174,590820,2000,3,18,57.0,57.7,54.3
175,590820,2000,3,21,68.9,76.8,62.4
176,590820,2000,4,1,69.7,74.5,65.3
177,590820,2000,4,3,62.2,67.1,60.8
178,590820,2000,4,8,66.0,68.0,63.3
179,590820,2000,4,9,70.9,75.7,65.3
180,590820,2000,5,7,79.8,89.2,73.0
181,590820,2000,5,8,77.7,81.5,72.9
182,590820,2000,5,28,80.4,86.0,76.6
183,590820,2000,5,31,85.6,92.8,79.7
184,590820,2000,6,18,78.7,83.5,75.0
185,590820,2000,6,22,81.4,86.9,77.5
186,590820,2000,6,26,82.9,90.3,78.4
187,590820,2000,7,9,84.4,95.7,75.7
188,590820,2000,7,19,80.5,87.6,74.5
189,590820,2000,7,25,87.1,95.7,79.5
190,590820,2000,8,6,81.7,89.1,76.1
191,590820,2000,8,14,82.2,89.6,76.1
192,590820,2000,8,15,82.9,91.4,78.6
193,590820,2000,8,18,80.9,88.2,75.2
194,590820,2000,8,27,83.0,88.7,78.4
195,590820,2000,9,4,84.4,93.4,76.8
196,590820,2000,9,19,76.7,83.7,70.9
197,590820,2000,10,6,77.2,82.2,72.5
198,590820,2000,10,15,62.6,64.9,59.0
199,590820,2000,10,18,69.2,74.3,65.1
200,590820,2000,10,20,68.2,70.0,66.7
201,590820,2000,10,22,70.1,71.6,67.8
202,590820,2000,10,24,77.2,82.9,73.9
203,590820,2000,12,18,58.4,64.0,50.2
204,590820,2000,3,28,72.7,90.7,52.9
205,590820,2000,3,29,73.1,84.2,59.7
206,590820,2000,4,17,71.1,81.9,54.1
207,590820,2000,5,16,83.4,96.6,70.0
208,590820,2000,6,6,86.8,93.9,82.2
209,590820,2000,6,16,81.5,91.8,72.7
210,590820,2000,7,5,86.7,98.6,75.7
211,590820,2000,7,13,85.3,93.4,75.0
212,590820,2000,8,7,83.5,91.6,76.5
213,590820,2000,8,20,84.2,95.7,76.5
214,590820,2000,8,22,86.5,95.7,78.4
215,590820,2000,9,10,75.8,82.9,67.8
216,590820,2000,9,11,78.1,85.8,69.1
217,590820,2000,9,17,73.7,87.1,61.5
218,590820,2000,9,23,81.9,91.4,73.6
219,590820,2000,9,25,82.2,89.1,76.3
220,590820,2000,10,17,70.5,77.5,61.9
221,590820,2000,11,26,71.0,82.8,59.7
222,590820,2000,11,29,66.3,73.2,60.3
223,590820,2000,12,16,56.8,70.9,45.3
224,590820,2000,12,29,53.2,61.7,45.3
225,590820,2000,12,30,55.5,63.1,49.5
226,590820,2000,1,4,66.6,74.8,50.0
227,590820,2000,2,25,48.0,50.0,46.2
228,590820,2000,1,1,60.1,77.4,47.5
229,590820,2000,1,20,46.0,58.1,33.6
230,590820,2000,1,21,51.9,58.1,38.1
231,590820,2000,2,2,44.6,52.9,34.2
232,590820,2000,2,9,54.6,60.8,47.7
233,590820,2000,2,11,57.1,61.5,54.0
234,590820,2000,2,17,51.9,54.7,48.2
235,590820,2000,2,26,48.6,51.1,46.2
236,590820,2000,3,3,63.6,70.9,55.8
237,590820,2000,3,10,57.8,64.8,54.0
238,590820,2000,3,13,57.1,59.9,50.7
239,590820,2000,3,20,63.3,68.9,59.0
240,590820,2000,4,12,67.6,71.8,63.5
241,590820,2000,4,13,70.8,75.2,66.6
242,590820,2000,4,19,75.6,82.4,68.0
243,590820,2000,4,23,65.3,68.0,63.5
244,590820,2000,5,1,74.2,79.7,69.4
245,590820,2000,5,12,79.1,88.5,71.2
246,590820,2000,5,30,84.9,91.4,79.0
247,590820,2000,6,13,75.4,83.3,68.5
248,590820,2000,6,14,77.0,86.2,69.4
249,590820,2000,6,20,79.2,86.0,74.3
250,590820,2000,6,25,83.2,90.7,75.7
251,590820,2000,7,7,81.0,88.5,75.9
252,590820,2000,8,1,81.9,91.4,76.6
253,590820,2000,8,19,83.1,92.5,75.6
254,590820,2000,8,24,80.6,84.4,78.1
255,590820,2000,8,25,82.6,87.8,77.9
256,590820,2000,8,28,83.0,90.1,79.0
257,590820,2000,8,31,83.2,88.7,77.7
258,590820,2000,9,2,78.6,82.9,75.6
259,590820,2000,9,3,82.9,93.4,75.7
260,590820,2000,9,21,77.1,83.1,71.6
261,590820,2000,9,30,83.7,93.4,73.8
262,590820,2000,10,4,75.9,82.4,72.3
263,590820,2000,10,5,75.4,79.0,72.9
264,590820,2000,10,21,68.7,69.4,67.8
265,590820,2000,12,13,45.9,47.8,42.6
266,590820,2000,3,24,64.5,70.7,53.4
267,590820,2000,5,4,77.8,86.9,67.8
268,590820,2000,5,6,80.8,90.5,72.0
269,590820,2000,5,13,81.7,93.9,71.4
270,590820,2000,5,20,74.7,84.2,66.9
271,590820,2000,6,4,87.3,95.5,78.6
272,590820,2000,6,7,87.1,94.3,81.1
273,590820,2000,6,17,82.4,92.7,71.6
274,590820,2000,7,1,86.9,96.4,78.1
275,590820,2000,7,3,85.3,95.7,76.6
276,590820,2000,7,8,85.1,95.9,76.3
277,590820,2000,7,22,81.8,88.9,73.9
278,590820,2000,7,28,89.1,97.2,77.4
279,590820,2000,7,29,89.3,95.4,83.1
280,590820,2000,8,8,85.1,93.0,77.4
281,590820,2000,9,16,73.5,86.0,61.9
282,590820,2000,9,22,80.1,91.0,72.3
283,590820,2000,9,27,80.8,90.5,72.0
284,590820,2000,9,28,81.1,90.9,72.9
285,590820,2000,10,2,83.8,91.4,76.8
286,590820,2000,10,9,81.6,93.9,71.4
287,590820,2000,10,10,81.9,93.9,71.6
288,590820,2000,10,11,81.8,95.4,71.8
289,590820,2000,10,31,63.1,70.7,52.9
290,590820,2000,11,3,58.9,74.3,45.9
291,590820,2000,11,23,55.8,71.6,42.3
292,590820,2000,12,9,62.7,78.8,50.5
293,590820,2000,12,17,55.3,62.2,49.1
294,590820,2000,12,26,56.2,71.2,40.3
295,590820,2000,1,12,50.8,66.0,48.2
296,590820,2000,1,13,49.1,52.5,47.3
297,590820,2000,3,7,58.4,61.9,54.5
298,590820,2000,3,16,56.5,59.9,53.4
299,590820,2000,3,19,61.1,64.6,57.6
300,590820,2000,4,20,75.8,83.1,67.3
301,590820,2000,4,27,67.0,76.3,62.4
302,590820,2000,5,17,80.7,90.5,71.6
303,590820,2000,5,29,81.5,88.5,77.2
304,590820,2000,6,8,83.7,93.9,79.2
305,590820,2000,6,11,72.7,81.9,68.0
306,590820,2000,7,16,84.7,97.5,77.7
307,590820,2000,7,17,79.3,86.0,76.6
308,590820,2000,7,30,83.3,95.7,77.5
309,590820,2000,9,1,77.2,79.7,75.7
310,590820,2000,11,11,52.3,55.4,49.6
311,590820,2000,12,28,57.7,69.4,47.8
312,590820,2000,1,29,46.8,54.0,42.8
313,590820,2000,7,14,85.8,95.9,76.3
314,590820,2000,7,27,85.0,95.7,78.1
315,590820,2000,9,9,75.2,82.2,68.5
316,590820,2000,9,14,75.2,85.1,65.8
317,590820,2000,9,15,74.5,86.7,62.2
318,590820,2000,10,12,73.8,79.5,67.5
319,590820,2000,10,30,61.7,70.9,54.3
320,590820,2000,11,1,61.0,71.1,47.8
321,590820,2000,11,16,56.1,60.1,52.7
322,590820,2000,11,20,49.8,55.6,43.2
323,590820,2000,1,24,48.1,54.0,41.7
324,590820,2000,8,5,81.1,89.1,76.8
325,590820,2000,1,16,45.1,48.0,42.8
326,590820,2000,1,17,43.3,45.3,41.4
327,590820,2000,2,21,49.1,51.3,47.5
328,590820,2000,2,23,49.6,52.3,47.1
329,590820,2000,2,24,47.8,49.5,46.4
330,590820,2000,3,15,63.0,72.7,57.4
331,590820,2000,3,31,68.4,72.0,65.8
332,590820,2000,4,2,68.1,72.7,63.9
333,590820,2000,4,10,69.5,75.0,65.1
334,590820,2000,4,11,65.5,68.4,63.7
335,590820,2000,4,30,72.6,77.7,69.8
336,590820,2000,5,2,73.7,80.6,69.8
337,590820,2000,5,10,74.5,87.3,64.9
338,590820,2000,5,26,84.1,91.4,79.3
339,590820,2000,5,27,82.2,89.8,77.2
340,590820,2000,6,19,80.8,90.5,75.2
341,590820,2000,6,23,80.4,89.8,77.7
342,590820,2000,7,6,83.8,98.2,76.5
343,590820,2000,7,12,82.6,95.0,76.1
344,590820,2000,7,21,77.8,90.5,74.5
345,590820,2000,8,3,80.6,88.7,77.2
346,590820,2000,8,13,80.2,89.6,76.5
347,590820,2000,9,5,83.1,96.3,75.0
348,590820,2000,10,26,74.3,83.1,68.7
349,590820,2000,11,10,58.4,63.0,53.2
350,590820,2000,11,17,53.9,57.7,51.1
351,590820,2000,11,30,61.0,75.0,56.8
352,590820,2000,12,2,56.7,59.7,54.5
353,590820,2000,12,21,47.5,49.6,44.2
354,590820,2000,1,30,44.7,51.8,37.6
355,590820,2000,2,7,46.0,51.6,37.8
356,590820,2000,3,26,63.0,74.3,52.3
357,590820,2000,5,3,73.0,79.2,68.4
358,590820,2000,5,5,78.2,85.3,72.7
359,590820,2000,5,21,75.8,89.6,63.7
360,590820,2000,8,9,84.6,93.7,77.9
361,590820,2000,9,13,76.0,83.3,67.6
362,590820,2000,10,27,71.5,76.1,68.0
363,590820,2000,12,22,48.5,59.0,38.5
364,590820,2000,12,31,51.4,60.8,41.7
365,590820,2000,2,13,66.1,70.5,59.2
0,590820,2001,7,5,86.8,95.4,77.5
1,590820,2001,3,9,53.2,58.8,44.2
2,590820,2001,5,13,79.9,91.4,67.8
3,590820,2001,10,12,73.6,90.3,63.3
4,590820,2001,3,2,63.5,73.2,45.1
5,590820,2001,1,6,60.3,70.3,49.8
6,590820,2001,1,10,45.1,47.7,43.5
7,590820,2001,1,14,50.7,58.6,38.3
8,590820,2001,1,26,43.9,47.7,41.2
9,590820,2001,1,27,42.9,44.8,41.7
10,590820,2001,1,29,51.1,60.3,38.7
11,590820,2001,1,31,52.7,54.3,50.5
12,590820,2001,2,4,48.9,51.1,45.5
13,590820,2001,2,10,50.7,54.0,45.0
14,590820,2001,2,11,57.6,65.1,50.2
15,590820,2001,2,26,47.1,48.2,44.4
16,590820,2001,3,11,55.6,57.6,54.0
17,590820,2001,3,13,64.8,73.4,46.8
18,590820,2001,3,15,68.4,74.7,62.1
19,590820,2001,3,26,62.8,67.8,58.6
20,590820,2001,4,17,66.7,68.0,64.0
21,590820,2001,4,20,71.4,76.6,69.1
22,590820,2001,4,22,59.2,60.8,56.5
23,590820,2001,5,19,79.6,87.1,72.5
24,590820,2001,5,20,81.4,90.5,74.7
25,590820,2001,6,5,78.7,89.2,71.1
26,590820,2001,6,7,78.3,83.1,73.8
27,590820,2001,6,12,79.4,86.0,73.9
28,590820,2001,6,18,86.2,92.7,77.5
29,590820,2001,6,26,79.8,86.0,76.5
30,590820,2001,7,1,83.6,90.0,77.5
31,590820,2001,7,14,80.3,88.7,75.6
32,590820,2001,7,15,80.4,89.4,76.6
33,590820,2001,7,17,76.7,78.8,74.1
34,590820,2001,7,25,83.7,91.8,75.9
35,590820,2001,8,4,84.4,95.7,76.5
36,590820,2001,8,29,81.3,88.0,76.6
37,590820,2001,9,2,77.3,80.4,73.4
38,590820,2001,9,3,76.6,79.7,73.2
39,590820,2001,10,28,71.2,76.1,67.6
40,590820,2001,11,2,76.0,83.5,68.0
41,590820,2001,12,18,47.4,49.5,44.4
42,590820,2001,1,18,60.9,68.5,53.1
43,590820,2001,1,19,64.6,73.4,56.1
44,590820,2001,2,15,50.7,66.6,35.2
45,590820,2001,2,19,66.0,82.0,52.2
46,590820,2001,3,4,58.5,74.1,46.4
47,590820,2001,3,22,71.6,79.7,54.9
48,590820,2001,3,30,67.1,77.4,49.8
49,590820,2001,4,2,71.3,76.8,64.0
50,590820,2001,5,25,83.7,93.0,75.7
51,590820,2001,7,10,87.3,94.6,79.0
52,590820,2001,7,29,87.5,95.5,79.7
53,590820,2001,7,30,88.9,95.9,80.6
54,590820,2001,8,21,86.5,97.7,76.6
55,590820,2001,9,9,80.3,89.8,71.6
56,590820,2001,9,11,78.4,88.5,69.8
57,590820,2001,9,12,79.3,88.9,69.3
58,590820,2001,10,2,77.8,89.6,66.2
59,590820,2001,10,11,72.7,86.5,59.4
60,590820,2001,10,14,76.2,89.2,66.0
61,590820,2001,10,21,77.2,91.2,65.7
62,590820,2001,10,22,76.2,89.2,68.0
63,590820,2001,10,24,78.2,89.1,68.7
64,590820,2001,10,25,79.3,89.4,70.3
65,590820,2001,11,18,57.7,73.9,43.7
66,590820,2001,11,20,55.8,71.6,44.1
67,590820,2001,11,21,55.1,72.9,42.1
68,590820,2001,11,22,54.8,73.4,41.2
69,590820,2001,11,23,56.1,75.2,41.5
70,590820,2001,11,25,58.7,75.6,45.0
71,590820,2001,11,27,59.5,74.3,45.3
72,590820,2001,12,7,53.6,60.8,45.3
73,590820,2001,12,15,56.6,63.7,48.4
74,590820,2001,12,31,51.8,68.2,37.4
75,590820,2001,9,25,79.3,89.1,68.4
76,590820,2001,2,1,46.1,52.7,41.7
77,590820,2001,1,9,45.1,53.6,43.9
78,590820,2001,1,15,48.9,52.3,46.9
79,590820,2001,1,28,46.3,54.7,39.2
80,590820,2001,2,25,46.3,50.0,45.3
81,590820,2001,3,3,59.3,64.2,48.6
82,590820,2001,3,17,60.2,68.0,56.5
83,590820,2001,3,27,61.5,64.9,59.4
84,590820,2001,4,10,63.2,75.4,52.9
85,590820,2001,4,15,64.8,71.4,61.7
86,590820,2001,4,21,60.8,70.9,57.9
87,590820,2001,4,24,61.5,63.9,59.5
88,590820,2001,6,1,73.1,75.7,70.2
89,590820,2001,6,4,73.5,77.2,71.2
90,590820,2001,6,9,77.0,78.3,75.9
91,590820,2001,6,10,77.9,83.7,75.2
92,590820,2001,6,13,71.9,78.1,69.8
93,590820,2001,6,23,84.3,93.7,78.4
94,590820,2001,7,6,78.2,83.1,77.0
95,590820,2001,8,1,78.8,84.4,74.8
96,590820,2001,8,18,83.8,92.7,77.2
97,590820,2001,8,28,81.1,86.5,77.2
98,590820,2001,9,1,76.2,80.1,74.1
99,590820,2001,9,5,77.7,82.2,75.4
100,590820,2001,10,3,74.2,87.8,69.3
101,590820,2001,10,8,71.0,78.8,66.4
102,590820,2001,10,27,72.0,79.0,68.0
103,590820,2001,10,29,67.1,72.0,64.6
104,590820,2001,11,14,56.7,63.7,50.5
105,590820,2001,11,30,68.2,72.0,66.0
106,590820,2001,12,1,65.4,70.2,62.8
107,590820,2001,12,13,46.7,48.4,45.1
108,590820,2001,12,20,47.5,51.8,44.2
109,590820,2001,5,27,80.3,88.7,74.7
110,590820,2001,7,24,83.9,95.9,77.0
111,590820,2001,9,10,78.7,87.4,71.1
112,590820,2001,9,15,81.4,92.1,71.8
113,590820,2001,9,29,78.7,86.7,72.1
114,590820,2001,10,10,70.2,83.3,60.4
115,590820,2001,10,17,72.3,80.1,66.7
116,590820,2001,9,30,80.5,89.8,70.7
117,590820,2001,6,2,72.6,75.9,70.2
118,590820,2001,4,3,68.3,73.4,64.4
119,590820,2001,8,10,83.2,95.0,77.0
120,590820,2001,1,4,54.3,57.0,51.8
121,590820,2001,1,30,51.2,53.6,48.6
122,590820,2001,2,2,42.9,43.7,41.2
123,590820,2001,3,18,68.8,77.2,56.3
124,590820,2001,3,19,63.8,69.1,63.0
125,590820,2001,3,25,61.5,68.5,59.2
126,590820,2001,4,1,66.8,71.2,64.6
127,590820,2001,4,5,69.6,76.1,63.3
128,590820,2001,4,8,73.8,79.7,66.7
129,590820,2001,4,9,74.7,80.1,69.8
130,590820,2001,4,13,66.9,76.3,53.8
131,590820,2001,4,19,73.2,75.9,68.5
132,590820,2001,4,25,62.6,67.3,59.2
133,590820,2001,4,26,69.8,75.4,60.8
134,590820,2001,5,2,73.8,81.5,65.3
135,590820,2001,5,3,76.8,82.4,70.3
136,590820,2001,5,4,76.1,77.0,74.3
137,590820,2001,5,6,82.2,88.2,75.7
138,590820,2001,5,11,72.2,82.4,63.9
139,590820,2001,5,22,82.7,93.4,75.0
140,590820,2001,5,23,83.6,95.9,73.9
141,590820,2001,5,29,76.1,81.5,71.8
142,590820,2001,6,6,77.2,86.9,70.7
143,590820,2001,6,11,77.5,86.0,74.5
144,590820,2001,6,17,84.1,91.8,76.6
145,590820,2001,6,20,84.6,93.2,77.2
146,590820,2001,6,24,82.9,91.0,77.4
147,590820,2001,6,25,78.8,87.3,77.0
148,590820,2001,6,27,80.2,85.5,75.9
149,590820,2001,6,28,82.2,90.3,75.9
150,590820,2001,6,30,83.5,95.2,76.5
151,590820,2001,7,7,81.3,88.3,76.6
152,590820,2001,7,8,84.6,93.2,77.9
153,590820,2001,7,9,86.2,93.2,79.3
154,590820,2001,7,18,78.0,82.0,74.8
155,590820,2001,7,19,82.8,90.5,76.5
156,590820,2001,8,24,86.6,95.4,79.0
157,590820,2001,8,26,82.2,89.8,77.2
158,590820,2001,10,4,69.1,71.1,67.5
159,590820,2001,10,5,71.2,73.6,67.5
160,590820,2001,10,6,77.1,87.1,69.6
161,590820,2001,10,31,71.4,77.2,65.3
162,590820,2001,11,3,67.3,74.7,65.8
163,590820,2001,11,7,64.0,72.7,54.3
164,590820,2001,11,16,53.9,71.6,39.4
165,590820,2001,11,29,66.7,68.4,64.4
166,590820,2001,12,10,49.2,50.5,47.1
167,590820,2001,12,19,52.0,55.6,46.2
168,590820,2001,1,7,62.6,72.1,57.2
169,590820,2001,1,16,51.8,57.4,46.2
170,590820,2001,2,17,58.3,73.8,41.9
171,590820,2001,3,1,55.1,68.0,43.5
172,590820,2001,4,28,80.1,84.9,74.3
173,590820,2001,5,14,80.4,92.1,68.5
174,590820,2001,5,24,84.2,94.8,74.1
175,590820,2001,6,21,86.1,94.8,78.4
176,590820,2001,7,27,83.5,91.4,77.0
177,590820,2001,7,28,85.8,94.3,77.9
178,590820,2001,8,5,87.0,95.0,77.7
179,590820,2001,8,6,87.9,95.0,80.8
180,590820,2001,8,13,83.1,91.0,77.5
181,590820,2001,8,19,84.8,94.5,76.3
182,590820,2001,8,27,80.8,86.2,77.4
183,590820,2001,9,13,79.8,89.6,70.7
184,590820,2001,9,14,81.3,91.9,71.8
185,590820,2001,9,17,82.1,94.5,71.4
186,590820,2001,9,19,82.8,91.0,73.2
187,590820,2001,9,27,79.2,86.0,68.5
188,590820,2001,10,13,75.8,89.8,64.6
189,590820,2001,10,15,75.0,88.0,66.2
190,590820,2001,10,16,73.4,83.5,66.6
191,590820,2001,10,18,74.6,82.6,65.8
192,590820,2001,11,8,66.7,76.1,57.4
193,590820,2001,11,10,63.2,71.6,54.3
194,590820,2001,11,17,56.6,73.4,42.6
195,590820,2001,12,14,49.6,53.2,44.8
196,590820,2001,12,25,46.8,59.9,34.3
197,590820,2001,12,27,47.1,61.0,34.9
198,590820,2001,12,28,47.4,58.3,36.9
199,590820,2001,10,7,78.6,85.8,69.4
200,590820,2001,1,17,55.4,61.2,49.5
201,590820,2001,2,3,46.0,46.9,42.1
202,590820,2001,12,3,70.2,79.5,63.3
203,590820,2001,12,4,68.9,78.8,62.6
204,590820,2001,1,2,58.0,66.6,44.6
205,590820,2001,1,11,51.1,54.1,43.7
206,590820,2001,1,23,60.1,63.5,58.1
207,590820,2001,2,5,50.8,52.3,47.7
208,590820,2001,2,27,50.7,53.1,46.2
209,590820,2001,3,10,54.3,55.2,53.2
210,590820,2001,3,14,63.7,66.9,61.5
211,590820,2001,3,21,62.9,80.1,53.4
212,590820,2001,3,23,73.9,75.2,71.1
213,590820,2001,3,31,68.7,74.3,63.3
214,590820,2001,4,6,68.2,69.8,65.5
215,590820,2001,4,11,51.0,54.9,48.0
216,590820,2001,4,12,59.3,70.3,46.6
217,590820,2001,4,14,69.3,76.1,62.8
218,590820,2001,4,16,64.5,66.2,61.5
219,590820,2001,4,18,68.7,70.3,66.2
220,590820,2001,4,23,60.8,62.1,58.5
221,590820,2001,4,27,75.7,81.5,68.5
222,590820,2001,5,1,68.7,73.4,66.2
223,590820,2001,5,5,79.7,85.6,74.8
224,590820,2001,5,10,69.4,76.1,61.5
225,590820,2001,5,18,76.3,84.6,72.3
226,590820,2001,5,26,84.7,94.1,76.1
227,590820,2001,6,3,75.9,79.7,70.0
228,590820,2001,6,8,77.4,78.8,74.1
229,590820,2001,6,29,85.0,93.0,75.7
230,590820,2001,7,13,80.0,85.5,75.7
231,590820,2001,7,20,85.3,95.0,78.8
232,590820,2001,7,22,81.3,90.7,76.6
233,590820,2001,7,26,80.8,89.1,77.7
234,590820,2001,8,3,81.5,90.3,72.9
235,590820,2001,8,15,80.6,88.0,75.9
236,590820,2001,8,17,80.7,86.9,74.3
237,590820,2001,8,30,80.6,88.5,77.2
238,590820,2001,9,4,77.9,80.8,74.8
239,590820,2001,9,20,77.9,81.3,74.3
240,590820,2001,10,30,67.4,71.1,64.2
241,590820,2001,11,4,67.5,71.1,65.8
242,590820,2001,11,13,66.9,77.0,55.9
243,590820,2001,11,28,67.5,77.9,52.9
244,590820,2001,12,2,67.3,74.7,62.2
245,590820,2001,12,8,59.0,63.0,51.3
246,590820,2001,12,11,53.8,57.2,48.7
247,590820,2001,12,22,43.4,53.8,34.3
248,590820,2001,1,1,51.3,66.0,37.6
249,590820,2001,1,21,64.0,69.3,54.1
250,590820,2001,2,18,63.0,76.8,50.4
251,590820,2001,2,20,69.0,82.4,56.8
252,590820,2001,2,21,68.9,81.0,56.7
253,590820,2001,2,22,72.4,82.2,57.9
254,590820,2001,3,5,66.1,76.3,46.4
255,590820,2001,5,12,76.7,87.3,66.0
256,590820,2001,5,31,78.4,85.1,68.9
257,590820,2001,6,15,82.3,91.9,68.9
258,590820,2001,6,22,83.6,94.5,77.9
259,590820,2001,7,4,86.6,97.7,74.3
260,590820,2001,7,11,88.9,95.9,81.0
261,590820,2001,7,23,85.5,94.8,76.8
262,590820,2001,8,20,85.9,96.1,76.1
263,590820,2001,8,22,88.1,96.1,78.1
264,590820,2001,9,7,82.7,92.7,73.4
265,590820,2001,9,16,80.1,91.4,70.2
266,590820,2001,9,18,81.9,93.6,72.1
267,590820,2001,9,24,79.9,91.6,67.5
268,590820,2001,10,20,76.1,88.9,66.9
269,590820,2001,11,12,62.9,76.6,48.7
270,590820,2001,11,19,56.8,71.6,44.1
271,590820,2001,11,24,57.3,75.9,42.1
272,590820,2001,12,23,45.1,62.8,32.7
273,590820,2001,12,24,47.3,67.5,33.1
274,590820,2001,12,26,44.5,60.1,33.6
275,590820,2001,12,30,48.1,65.8,32.4
276,590820,2001,2,8,49.2,52.5,45.1
277,590820,2001,3,7,57.0,66.4,51.1
278,590820,2001,2,16,54.1,69.1,43.9
279,590820,2001,1,3,53.8,58.3,52.0
280,590820,2001,1,5,54.5,60.1,50.7
281,590820,2001,1,12,50.3,52.0,47.8
282,590820,2001,1,24,52.9,59.9,46.0
283,590820,2001,1,25,43.7,46.8,42.1
284,590820,2001,2,24,54.2,69.8,47.8
285,590820,2001,2,28,51.3,56.3,46.4
286,590820,2001,3,6,69.0,74.1,65.5
287,590820,2001,3,8,51.1,58.3,45.5
288,590820,2001,3,20,59.6,63.9,54.3
289,590820,2001,3,24,74.2,80.6,63.3
290,590820,2001,3,29,58.7,70.3,50.7
291,590820,2001,4,7,69.6,73.4,66.9
292,590820,2001,5,9,68.1,72.3,63.0
293,590820,2001,6,16,84.4,91.8,78.4
294,590820,2001,7,12,86.8,96.4,76.8
295,590820,2001,7,16,79.2,85.1,75.6
296,590820,2001,8,25,80.7,87.8,78.1
297,590820,2001,11,1,70.5,73.8,68.2
298,590820,2001,11,5,62.2,67.3,60.6
299,590820,2001,11,15,53.0,63.9,42.1
300,590820,2001,12,5,61.0,74.7,49.1
301,590820,2001,12,16,53.4,55.9,51.3
302,590820,2001,12,21,44.6,51.4,37.8
303,590820,2001,2,14,47.2,59.0,37.2
304,590820,2001,3,12,59.9,71.6,48.9
305,590820,2001,5,30,77.7,88.9,70.9
306,590820,2001,6,14,77.7,89.8,69.4
307,590820,2001,8,7,84.7,94.3,79.3
308,590820,2001,8,8,85.5,95.9,78.8
309,590820,2001,8,23,88.0,97.2,80.2
310,590820,2001,9,6,80.8,90.1,74.1
311,590820,2001,9,22,78.7,86.0,71.2
312,590820,2001,9,28,77.9,86.0,72.5
313,590820,2001,11,9,65.1,73.8,56.1
314,590820,2001,2,9,47.1,48.7,45.5
315,590820,2001,8,11,80.7,90.5,75.7
316,590820,2001,9,26,79.5,86.4,71.4
317,590820,2001,9,23,77.4,87.6,68.9
318,590820,2001,1,8,64.3,77.7,48.9
319,590820,2001,1,22,65.3,70.7,59.0
320,590820,2001,2,6,54.4,57.0,51.1
321,590820,2001,2,7,47.5,53.8,45.7
322,590820,2001,2,12,56.2,67.1,48.2
323,590820,2001,2,13,44.9,50.2,42.8
324,590820,2001,3,16,69.8,72.5,66.9
325,590820,2001,3,28,63.1,74.8,52.2
326,590820,2001,4,4,65.6,68.9,63.3
327,590820,2001,4,29,79.9,88.7,73.0
328,590820,2001,4,30,75.6,86.0,68.9
329,590820,2001,5,7,80.0,89.6,73.2
330,590820,2001,5,8,72.3,74.1,71.1
331,590820,2001,5,21,78.3,83.3,75.4
332,590820,2001,6,19,83.5,91.2,77.7
333,590820,2001,7,2,80.6,84.9,77.0
334,590820,2001,7,3,82.8,92.7,74.8
335,590820,2001,7,21,83.1,90.0,77.7
336,590820,2001,7,31,86.1,95.7,82.4
337,590820,2001,8,9,83.8,93.9,77.4
338,590820,2001,8,16,80.0,91.9,75.2
339,590820,2001,8,31,79.4,85.6,75.9
340,590820,2001,9,8,81.7,92.7,72.9
341,590820,2001,9,21,79.5,83.8,76.5
342,590820,2001,10,9,69.0,76.1,63.3
343,590820,2001,11,6,63.5,69.4,56.7
344,590820,2001,12,6,47.8,50.9,46.4
345,590820,2001,12,9,51.2,58.5,48.0
346,590820,2001,12,12,50.6,55.0,46.2
347,590820,2001,12,17,47.8,53.1,45.3
348,590820,2001,1,20,59.2,64.9,55.0
349,590820,2001,2,23,74.5,82.6,65.8
350,590820,2001,5,28,75.0,79.2,71.8
351,590820,2001,10,1,77.0,87.8,67.3
352,590820,2001,12,29,45.9,61.5,35.2
353,590820,2001,8,12,82.4,90.7,75.2
354,590820,2001,5,17,73.9,75.4,71.8
355,590820,2001,10,19,76.0,86.5,66.0
356,590820,2001,10,23,77.4,85.5,67.3
357,590820,2001,11,26,59.7,74.3,46.2
358,590820,2001,5,15,80.1,86.5,71.6
359,590820,2001,10,26,77.9,88.3,72.7
360,590820,2001,5,16,76.1,80.6,72.0
361,590820,2001,11,11,59.9,73.6,50.5
362,590820,2001,1,13,49.2,59.0,41.4
363,590820,2001,8,14,82.7,90.0,76.8
364,590820,2001,8,2,78.0,86.5,74.5
0,590820,2002,6,21,85.2,91.2,79.7
1,590820,2002,6,18,80.9,84.0,73.9
2,590820,2002,4,11,55.1,61.2,51.6
3,590820,2002,11,18,62.7,73.6,55.4
4,590820,2002,5,2,81.7,88.9,76.6
5,590820,2002,11,19,57.9,59.2,57.4
6,590820,2002,12,4,70.7,77.7,64.6
7,590820,2002,9,10,83.5,90.5,73.9
8,590820,2002,2,18,66.8,75.7,59.9
9,590820,2002,6,15,82.6,85.1,78.6
10,590820,2002,6,17,76.9,81.0,74.5
11,590820,2002,6,19,84.9,90.9,79.2
12,590820,2002,6,20,85.7,91.6,78.8
13,590820,2002,7,29,80.7,88.9,76.1
14,590820,2002,12,13,50.9,60.6,37.6
15,590820,2002,12,19,52.9,59.9,51.4
16,590820,2002,10,7,67.2,82.0,55.6
17,590820,2002,9,6,80.9,91.2,74.1
18,590820,2002,4,9,60.1,63.9,56.8
19,590820,2002,9,26,75.5,82.9,70.5
20,590820,2002,9,28,68.5,72.0,67.1
21,590820,2002,1,1,55.2,68.5,45.5
22,590820,2002,10,1,73.8,82.6,67.3
23,590820,2002,5,19,80.0,85.3,74.5
24,590820,2002,9,4,80.4,91.2,71.4
25,590820,2002,9,20,80.6,88.7,73.4
26,590820,2002,9,21,81.3,89.8,73.6
27,590820,2002,9,24,73.7,80.4,67.3
28,590820,2002,10,8,65.8,81.0,53.6
29,590820,2002,10,9,66.0,80.4,52.5
30,590820,2002,10,25,68.7,80.1,56.5
31,590820,2002,11,13,77.1,86.7,63.9
32,590820,2002,11,17,61.2,71.6,48.6
33,590820,2002,1,23,48.9,54.1,40.8
34,590820,2002,1,24,45.5,47.3,44.6
35,590820,2002,1,29,53.4,58.3,45.9
36,590820,2002,2,4,47.9,48.6,45.3
37,590820,2002,2,6,50.8,53.1,44.6
38,590820,2002,3,9,60.2,64.2,56.5
39,590820,2002,3,10,66.8,76.8,58.6
40,590820,2002,3,11,65.8,71.4,62.6
41,590820,2002,3,16,64.8,68.4,60.8
42,590820,2002,4,4,78.7,82.4,76.6
43,590820,2002,4,18,59.2,64.8,57.9
44,590820,2002,4,20,71.6,76.6,63.3
45,590820,2002,5,4,82.4,90.7,74.1
46,590820,2002,5,23,74.4,81.7,68.7
47,590820,2002,7,2,78.2,83.8,73.9
48,590820,2002,7,8,79.9,88.5,76.1
49,590820,2002,7,12,86.9,96.4,77.5
50,590820,2002,7,24,83.9,90.7,79.7
51,590820,2002,8,4,84.1,94.6,78.6
52,590820,2002,8,13,83.7,93.7,76.3
53,590820,2002,8,14,81.8,91.9,75.6
54,590820,2002,8,17,81.6,88.9,73.4
55,590820,2002,8,22,86.2,94.8,77.7
56,590820,2002,8,28,82.1,93.2,71.1
57,590820,2002,9,8,76.2,82.9,71.1
58,590820,2002,9,18,76.2,82.4,69.8
59,590820,2002,9,25,74.3,80.8,70.7
60,590820,2002,10,4,78.4,88.5,68.4
61,590820,2002,10,17,75.9,81.7,72.0
62,590820,2002,10,28,63.3,64.4,60.6
63,590820,2002,11,30,62.1,66.6,59.4
64,590820,2002,12,1,61.4,63.7,59.0
65,590820,2002,12,2,63.6,65.3,60.6
66,590820,2002,12,10,50.0,59.9,37.4
67,590820,2002,12,11,48.4,50.4,46.0
68,590820,2002,12,27,38.1,42.3,34.0
69,590820,2002,12,29,44.1,46.8,41.9
70,590820,2002,12,30,44.7,46.9,42.6
71,590820,2002,12,31,49.5,53.6,43.9
72,590820,2002,1,4,51.5,71.1,37.6
73,590820,2002,1,6,55.5,72.0,40.8
74,590820,2002,3,30,70.3,80.2,62.4
75,590820,2002,4,2,79.2,84.9,70.2
76,590820,2002,4,3,81.6,87.8,72.5
77,590820,2002,4,14,73.4,77.0,66.0
78,590820,2002,4,21,76.7,81.5,68.5
79,590820,2002,5,5,82.9,90.5,74.7
80,590820,2002,5,16,78.3,85.6,71.2
81,590820,2002,5,18,80.5,90.1,72.7
82,590820,2002,5,28,80.9,92.5,70.9
83,590820,2002,6,4,84.9,95.5,74.1
84,590820,2002,6,22,86.9,95.2,78.6
85,590820,2002,6,28,87.1,93.9,81.5
86,590820,2002,7,4,84.7,96.6,75.7
87,590820,2002,7,13,88.3,99.3,79.2
88,590820,2002,8,2,84.9,94.3,77.5
89,590820,2002,8,25,86.6,94.3,79.2
90,590820,2002,8,26,86.6,94.3,80.2
91,590820,2002,9,1,82.7,94.3,74.7
92,590820,2002,9,19,79.6,89.4,72.0
93,590820,2002,10,3,77.0,90.0,64.8
94,590820,2002,10,11,70.4,84.4,57.2
95,590820,2002,10,12,73.6,89.2,61.3
96,590820,2002,10,13,75.0,87.8,64.4
97,590820,2002,11,9,62.9,79.3,50.4
98,590820,2002,11,12,73.3,84.7,64.4
99,590820,2002,12,24,55.8,58.8,51.8
100,590820,2002,1,22,47.1,54.7,38.8
101,590820,2002,2,8,57.0,60.8,52.3
102,590820,2002,2,11,54.4,66.2,41.7
103,590820,2002,2,12,58.7,67.5,49.8
104,590820,2002,2,13,58.4,63.9,54.7
105,590820,2002,2,20,63.0,67.8,57.0
106,590820,2002,2,24,60.6,68.0,54.5
107,590820,2002,3,6,53.6,63.9,45.1
108,590820,2002,3,8,64.5,78.3,46.2
109,590820,2002,3,12,67.8,73.6,62.6
110,590820,2002,3,13,68.4,71.2,63.9
111,590820,2002,3,14,69.2,72.3,65.3
112,590820,2002,3,19,67.9,75.2,58.8
113,590820,2002,3,25,63.3,69.6,53.8
114,590820,2002,3,27,77.4,84.7,66.4
115,590820,2002,4,12,62.8,77.2,50.5
116,590820,2002,4,26,61.3,62.6,58.3
117,590820,2002,4,27,67.5,72.1,59.9
118,590820,2002,5,10,67.7,72.1,66.6
119,590820,2002,5,11,73.1,77.4,66.7
120,590820,2002,5,24,76.6,83.7,68.7
121,590820,2002,5,29,83.6,90.3,72.1
122,590820,2002,6,5,84.3,94.8,77.0
123,590820,2002,6,6,84.5,95.9,76.5
124,590820,2002,6,7,83.7,93.0,76.5
125,590820,2002,6,13,78.8,87.4,75.6
126,590820,2002,7,3,82.7,89.8,76.1
127,590820,2002,7,5,86.1,97.0,77.0
128,590820,2002,7,10,81.6,90.0,74.8
129,590820,2002,7,11,84.8,95.7,77.0
130,590820,2002,7,18,80.5,83.7,77.2
131,590820,2002,7,22,83.8,92.3,75.7
132,590820,2002,7,26,80.1,86.7,77.2
133,590820,2002,8,3,84.6,94.3,78.6
134,590820,2002,8,12,81.9,90.5,75.4
135,590820,2002,8,15,82.1,90.0,76.6
136,590820,2002,9,16,70.4,74.1,65.5
137,590820,2002,9,30,69.9,72.3,66.6
138,590820,2002,10,22,61.4,65.1,59.5
139,590820,2002,10,30,59.8,61.2,58.6
140,590820,2002,11,21,57.1,63.7,53.6
141,590820,2002,11,22,56.7,59.7,54.0
142,590820,2002,11,23,60.3,65.5,53.1
143,590820,2002,11,28,55.6,57.0,53.1
144,590820,2002,12,5,74.5,79.7,66.9
145,590820,2002,12,14,54.0,59.0,45.1
146,590820,2002,12,15,59.5,69.3,52.0
147,590820,2002,12,16,64.3,79.0,53.2
148,590820,2002,12,21,53.9,57.9,50.7
149,590820,2002,1,5,53.5,72.1,38.5
150,590820,2002,1,30,54.4,59.9,49.8
151,590820,2002,2,16,64.3,76.6,52.9
152,590820,2002,2,22,70.2,80.4,59.4
153,590820,2002,3,2,72.7,82.0,63.5
154,590820,2002,4,1,73.7,79.2,68.0
155,590820,2002,4,7,79.5,86.9,69.8
156,590820,2002,4,13,70.7,82.4,51.4
157,590820,2002,4,22,80.5,86.7,72.1
158,590820,2002,4,23,81.4,87.3,73.8
159,590820,2002,4,28,77.3,84.7,65.8
160,590820,2002,4,29,77.2,84.2,72.9
161,590820,2002,5,1,81.9,88.0,74.7
162,590820,2002,5,6,82.4,90.3,75.2
163,590820,2002,5,15,77.6,88.5,68.5
164,590820,2002,5,27,79.7,91.9,66.0
165,590820,2002,6,2,82.7,94.5,72.1
166,590820,2002,6,24,86.6,93.6,80.4
167,590820,2002,6,26,88.0,96.3,77.7
168,590820,2002,7,15,89.1,98.6,81.7
169,590820,2002,5,20,77.8,83.7,76.1
170,590820,2002,9,7,79.0,87.4,72.1
171,590820,2002,9,23,72.9,79.2,67.8
172,590820,2002,10,2,75.0,88.0,66.0
173,590820,2002,11,4,58.4,71.1,49.3
174,590820,2002,11,6,61.8,75.9,52.3
175,590820,2002,1,17,59.4,64.4,53.2
176,590820,2002,1,18,47.2,54.9,44.6
177,590820,2002,1,20,44.4,45.9,41.4
178,590820,2002,2,5,50.9,55.8,45.9
179,590820,2002,2,10,51.5,57.0,45.0
180,590820,2002,2,23,60.8,68.0,55.9
181,590820,2002,3,28,73.4,82.4,64.8
182,590820,2002,4,5,73.3,78.8,65.5
183,590820,2002,4,25,62.4,65.3,59.7
184,590820,2002,5,7,75.2,79.5,70.9
185,590820,2002,5,14,72.2,80.2,69.1
186,590820,2002,6,10,81.6,90.1,77.5
187,590820,2002,6,16,80.1,85.8,75.9
188,590820,2002,6,30,79.2,87.8,76.1
189,590820,2002,7,16,87.6,97.5,81.0
190,590820,2002,7,21,81.0,90.9,76.1
191,590820,2002,7,25,83.0,90.7,77.5
192,590820,2002,7,30,80.0,89.4,76.5
193,590820,2002,8,5,82.2,89.8,77.9
194,590820,2002,8,8,76.9,80.1,74.3
195,590820,2002,8,9,73.8,76.1,73.2
196,590820,2002,8,16,81.7,91.4,74.1
197,590820,2002,8,27,78.6,93.9,73.8
198,590820,2002,9,15,69.3,72.0,65.8
199,590820,2002,9,27,69.5,72.3,68.2
200,590820,2002,10,6,68.1,78.4,58.3
201,590820,2002,10,23,61.2,66.2,58.6
202,590820,2002,11,1,64.8,71.2,61.5
203,590820,2002,11,20,59.2,63.9,54.1
204,590820,2002,11,24,56.2,61.0,49.5
205,590820,2002,12,6,75.9,83.3,65.3
206,590820,2002,12,18,63.5,71.2,56.1
207,590820,2002,2,27,70.2,77.4,64.2
208,590820,2002,6,3,83.7,93.2,74.7
209,590820,2002,11,5,60.6,75.9,50.4
210,590820,2002,4,10,56.5,73.9,52.0
211,590820,2002,5,21,78.3,86.7,70.3
212,590820,2002,9,3,80.7,94.3,72.5
213,590820,2002,9,22,76.7,86.0,70.3
214,590820,2002,11,3,61.7,73.9,52.0
215,590820,2002,12,25,46.1,55.4,40.6
216,590820,2002,1,11,59.8,67.5,54.1
217,590820,2002,1,16,66.7,78.8,58.1
218,590820,2002,1,31,51.5,56.8,46.0
219,590820,2002,3,4,69.2,77.2,58.1
220,590820,2002,3,23,58.9,63.5,56.5
221,590820,2002,3,24,55.6,58.1,54.3
222,590820,2002,4,8,72.4,83.1,61.0
223,590820,2002,4,24,72.8,85.6,62.8
224,590820,2002,6,8,80.3,85.8,76.6
225,590820,2002,7,7,80.7,90.9,76.8
226,590820,2002,7,9,82.1,89.8,76.5
227,590820,2002,7,19,79.4,84.2,75.7
228,590820,2002,8,18,78.8,84.7,74.8
229,590820,2002,9,11,80.9,92.1,76.8
230,590820,2002,10,20,68.5,79.7,62.2
231,590820,2002,10,21,64.1,70.2,60.6
232,590820,2002,10,29,61.8,64.6,60.1
233,590820,2002,11,2,62.5,69.8,56.1
234,590820,2002,11,14,76.7,81.7,73.4
235,590820,2002,11,15,59.2,74.7,55.2
236,590820,2002,1,2,51.6,66.9,39.6
237,590820,2002,2,15,59.3,66.7,54.7
238,590820,2002,5,25,75.6,83.5,68.5
239,590820,2002,5,26,77.3,88.5,66.7
240,590820,2002,12,7,53.2,75.7,46.6
241,590820,2002,8,6,79.5,84.0,77.4
242,590820,2002,6,14,81.2,89.4,76.1
243,590820,2002,9,5,84.3,93.4,73.4
244,590820,2002,11,26,58.9,63.9,48.7
245,590820,2002,4,15,79.1,82.2,72.0
246,590820,2002,5,12,78.8,83.5,71.1
247,590820,2002,9,29,67.8,69.1,66.4
248,590820,2002,1,3,51.6,69.4,37.9
249,590820,2002,2,17,68.3,80.2,55.2
250,590820,2002,5,17,78.2,84.9,73.9
251,590820,2002,3,15,67.5,72.9,62.4
252,590820,2002,4,17,71.6,81.3,60.3
253,590820,2002,7,27,78.5,83.3,76.5
254,590820,2002,8,11,78.8,86.2,73.9
255,590820,2002,8,21,83.4,93.2,78.3
256,590820,2002,8,30,81.8,92.3,73.4
257,590820,2002,8,31,82.6,92.1,73.0
258,590820,2002,9,2,82.7,94.1,74.8
259,590820,2002,10,10,67.2,81.3,54.1
260,590820,2002,10,14,76.0,88.3,65.5
261,590820,2002,11,7,64.0,79.9,50.9
262,590820,2002,11,8,63.4,79.9,51.1
263,590820,2002,11,10,68.2,80.6,52.5
264,590820,2002,11,11,72.3,83.8,61.7
265,590820,2002,12,23,54.9,59.4,52.0
266,590820,2002,1,14,65.0,70.0,58.1
267,590820,2002,1,19,46.5,48.7,44.1
268,590820,2002,1,21,46.2,56.1,38.7
269,590820,2002,1,25,45.7,47.5,44.4
270,590820,2002,1,26,46.2,50.5,43.5
271,590820,2002,1,27,44.8,47.1,43.3
272,590820,2002,1,28,48.9,52.3,43.3
273,590820,2002,2,2,47.7,59.5,36.9
274,590820,2002,2,3,47.9,51.4,42.4
275,590820,2002,2,7,52.7,53.4,49.3
276,590820,2002,2,25,62.6,69.1,56.5
277,590820,2002,3,5,48.5,68.4,44.8
278,590820,2002,3,7,58.9,73.8,45.9
279,590820,2002,3,18,61.4,65.1,57.9
280,590820,2002,3,20,72.2,81.3,61.7
281,590820,2002,3,26,69.5,75.7,61.7
282,590820,2002,3,29,64.6,67.5,61.7
283,590820,2002,4,6,75.0,84.7,64.6
284,590820,2002,4,19,63.2,65.8,58.3
285,590820,2002,5,8,76.7,85.3,70.5
286,590820,2002,5,13,81.4,86.7,75.0
287,590820,2002,5,22,72.9,78.6,68.5
288,590820,2002,6,9,82.5,92.1,76.1
289,590820,2002,6,23,84.3,88.9,78.6
290,590820,2002,7,6,81.6,95.4,77.2
291,590820,2002,7,14,86.8,97.9,80.1
292,590820,2002,7,17,81.6,86.5,79.2
293,590820,2002,7,20,77.4,79.2,75.2
294,590820,2002,7,23,83.7,88.7,77.7
295,590820,2002,7,28,81.3,91.0,76.3
296,590820,2002,8,7,78.7,80.4,76.3
297,590820,2002,8,10,76.0,81.3,72.7
298,590820,2002,8,19,78.6,82.9,74.7
299,590820,2002,8,20,81.7,87.4,76.6
300,590820,2002,9,9,80.3,90.0,72.1
301,590820,2002,9,13,80.7,91.9,74.5
302,590820,2002,9,17,70.9,74.3,68.2
303,590820,2002,10,15,78.7,90.1,67.6
304,590820,2002,10,16,78.1,87.1,71.8
305,590820,2002,10,24,63.3,73.2,57.7
306,590820,2002,10,27,63.7,67.6,61.2
307,590820,2002,10,31,64.9,70.0,59.2
308,590820,2002,11,25,55.3,64.4,47.3
309,590820,2002,11,29,59.7,61.7,54.7
310,590820,2002,12,3,67.3,75.4,63.3
311,590820,2002,12,17,65.4,77.2,55.0
312,590820,2002,12,20,52.6,55.4,49.3
313,590820,2002,12,22,54.3,57.4,50.9
314,590820,2002,12,28,42.9,46.6,37.0
315,590820,2002,10,19,74.2,79.3,70.2
316,590820,2002,1,8,53.1,70.2,40.8
317,590820,2002,1,9,53.6,70.5,39.2
318,590820,2002,1,10,59.3,70.0,44.2
319,590820,2002,1,12,63.0,75.6,52.0
320,590820,2002,1,13,64.2,75.0,55.9
321,590820,2002,2,14,64.2,75.9,55.2
322,590820,2002,2,26,69.8,77.7,59.9
323,590820,2002,3,1,68.5,75.7,61.5
324,590820,2002,3,3,70.3,78.1,63.0
325,590820,2002,3,21,75.5,83.1,63.3
326,590820,2002,3,31,70.7,77.9,61.3
327,590820,2002,4,30,80.4,86.5,72.5
328,590820,2002,6,1,82.0,94.3,69.8
329,590820,2002,6,27,87.3,95.4,80.8
330,590820,2002,7,31,82.9,93.9,75.9
331,590820,2002,8,1,83.8,96.1,77.2
332,590820,2002,8,23,87.0,95.5,78.8
333,590820,2002,8,24,86.3,94.3,79.9
334,590820,2002,8,29,81.8,93.0,74.1
335,590820,2002,11,16,58.3,63.1,51.3
336,590820,2002,12,9,46.8,56.7,38.1
337,590820,2002,1,15,66.6,68.9,62.6
338,590820,2002,2,1,44.6,48.0,39.4
339,590820,2002,2,9,57.0,60.6,50.4
340,590820,2002,2,19,62.5,70.2,57.7
341,590820,2002,3,17,61.6,63.9,58.5
342,590820,2002,3,22,66.3,80.4,58.3
343,590820,2002,5,3,82.2,90.3,74.8
344,590820,2002,5,9,75.5,81.9,69.3
345,590820,2002,5,30,78.6,83.1,72.3
346,590820,2002,6,11,76.4,88.0,70.3
347,590820,2002,6,29,85.0,94.1,77.7
348,590820,2002,7,1,76.1,79.3,74.7
349,590820,2002,9,12,79.1,85.6,74.7
350,590820,2002,9,14,77.3,89.4,67.8
351,590820,2002,10,5,74.7,83.5,66.7
352,590820,2002,10,18,75.8,83.1,71.4
353,590820,2002,11,27,56.9,61.7,53.6
354,590820,2002,12,8,45.7,47.8,44.6
355,590820,2002,12,12,49.7,60.1,38.7
356,590820,2002,12,26,36.7,41.4,34.2
357,590820,2002,1,7,55.9,71.6,43.7
358,590820,2002,2,21,67.6,75.6,61.2
359,590820,2002,2,28,70.5,81.0,62.2
360,590820,2002,4,16,79.2,86.2,73.0
361,590820,2002,5,31,80.6,91.0,71.1
362,590820,2002,6,25,86.5,95.2,79.0
363,590820,2002,6,12,76.3,78.8,70.0
0,590820,2003,4,27,81.0,88.7,70.3
1,590820,2003,3,16,75.3,81.0,66.7
2,590820,2003,1,9,46.9,53.4,40.5
3,590820,2003,1,13,50.3,68.7,36.1
4,590820,2003,1,15,54.3,69.3,41.4
5,590820,2003,1,20,55.2,69.1,44.8
6,590820,2003,1,21,57.3,70.2,45.7
7,590820,2003,2,9,66.6,73.8,55.6
8,590820,2003,3,14,68.3,74.3,57.0
9,590820,2003,3,29,68.9,72.7,63.1
10,590820,2003,4,26,76.9,88.2,63.1
11,590820,2003,2,5,50.5,60.8,38.1
12,590820,2003,3,7,47.1,56.7,41.4
13,590820,2003,3,13,61.5,67.5,54.1
14,590820,2003,3,24,63.3,70.5,57.4
15,590820,2003,3,25,69.1,79.9,58.5
16,590820,2003,4,1,79.8,86.0,72.5
17,590820,2003,4,17,77.5,84.0,67.3
18,590820,2003,5,9,78.2,83.8,72.1
19,590820,2003,5,11,79.2,86.7,74.3
20,590820,2003,11,19,72.7,79.5,65.8
21,590820,2003,10,20,70.2,81.5,55.6
22,590820,2003,11,25,62.9,76.3,54.9
23,590820,2003,12,13,47.8,60.8,36.7
24,590820,2003,8,27,84.3,90.3,77.7
25,590820,2003,9,9,85.3,93.2,75.6
26,590820,2003,6,23,85.1,91.6,78.3
27,590820,2003,6,18,83.1,95.9,71.4
28,590820,2003,6,19,84.5,93.4,74.1
29,590820,2003,7,4,87.5,95.2,81.3
30,590820,2003,7,5,87.4,94.8,81.3
31,590820,2003,7,6,86.2,93.0,81.3
32,590820,2003,7,15,90.7,100.2,81.1
33,590820,2003,7,16,91.0,100.4,80.8
34,590820,2003,7,18,89.3,97.2,83.1
35,590820,2003,7,28,89.3,96.8,82.6
36,590820,2003,7,29,88.9,96.8,82.2
37,590820,2003,7,30,88.8,97.5,82.0
38,590820,2003,7,31,90.8,99.5,82.2
39,590820,2003,8,9,88.6,96.3,80.8
40,590820,2003,8,29,84.9,93.9,77.5
41,590820,2003,9,13,81.9,93.7,70.7
42,590820,2003,9,24,75.1,87.3,64.6
43,590820,2003,9,27,78.9,88.9,68.2
44,590820,2003,10,23,66.3,82.9,53.8
45,590820,2003,11,3,71.3,88.5,59.2
46,590820,2003,11,5,71.5,86.2,59.7
47,590820,2003,11,7,74.8,87.6,63.9
48,590820,2003,11,11,51.2,55.2,47.7
49,590820,2003,11,13,55.8,70.5,42.3
50,590820,2003,11,16,70.6,80.8,55.2
51,590820,2003,11,24,63.7,78.4,50.5
52,590820,2003,12,2,54.6,69.8,43.2
53,590820,2003,12,4,56.2,73.4,42.3
54,590820,2003,12,5,58.3,68.7,45.0
55,590820,2003,12,7,56.2,61.9,52.0
56,590820,2003,12,14,47.6,63.0,35.1
57,590820,2003,12,17,49.3,65.5,36.0
58,590820,2003,12,30,58.8,75.2,43.2
59,590820,2003,5,30,81.0,92.1,70.7
60,590820,2003,6,3,80.2,85.6,74.1
61,590820,2003,7,22,87.4,99.0,77.4
62,590820,2003,8,8,86.3,93.4,79.0
63,590820,2003,8,23,85.6,96.4,77.5
64,590820,2003,10,14,61.1,65.5,58.5
65,590820,2003,1,28,48.1,60.8,41.0
66,590820,2003,2,10,67.1,79.2,56.1
67,590820,2003,2,26,70.7,77.7,66.0
68,590820,2003,4,2,76.0,88.7,64.4
69,590820,2003,4,30,72.1,82.8,61.2
70,590820,2003,7,11,84.3,93.6,77.2
71,590820,2003,8,1,90.2,99.3,82.4
72,590820,2003,8,30,84.9,93.9,75.9
73,590820,2003,9,29,78.6,86.5,72.3
74,590820,2003,10,2,81.1,92.5,72.3
75,590820,2003,10,3,70.9,77.5,66.7
76,590820,2003,10,16,66.5,78.6,56.5
77,590820,2003,11,10,50.5,53.6,48.2
78,590820,2003,11,21,58.9,63.3,54.7
79,590820,2003,12,12,48.2,59.9,37.8
80,590820,2003,12,26,52.6,62.2,42.8
81,590820,2003,10,27,66.6,73.2,60.4
82,590820,2003,1,4,47.5,55.2,33.3
83,590820,2003,1,25,54.3,56.1,50.2
84,590820,2003,2,13,45.1,47.1,41.7
85,590820,2003,2,18,64.3,72.1,56.7
86,590820,2003,3,8,52.8,61.3,41.9
87,590820,2003,3,9,53.0,57.4,49.3
88,590820,2003,3,11,61.2,68.9,47.7
89,590820,2003,3,19,48.5,50.7,46.8
90,590820,2003,4,10,67.6,68.9,64.4
91,590820,2003,4,11,71.9,75.6,66.7
92,590820,2003,5,5,79.7,86.4,71.6
93,590820,2003,8,21,81.4,90.0,77.0
94,590820,2003,5,17,72.3,76.6,70.5
95,590820,2003,5,18,71.4,73.9,68.9
96,590820,2003,5,23,80.5,89.1,72.0
97,590820,2003,6,7,76.1,80.4,71.8
98,590820,2003,6,12,74.6,78.8,70.0
99,590820,2003,6,14,73.8,80.8,69.8
100,590820,2003,6,24,85.2,92.1,80.4
101,590820,2003,6,26,80.5,87.6,77.7
102,590820,2003,6,29,81.3,88.9,75.4
103,590820,2003,8,13,83.1,90.3,78.3
104,590820,2003,8,14,83.5,92.3,78.3
105,590820,2003,9,3,79.4,88.2,73.8
106,590820,2003,9,14,78.7,88.9,73.2
107,590820,2003,9,15,77.2,80.1,75.4
108,590820,2003,9,16,78.8,84.0,75.4
109,590820,2003,10,9,77.7,87.8,67.6
110,590820,2003,12,10,50.6,55.4,45.9
111,590820,2003,4,20,74.7,87.6,70.3
112,590820,2003,4,13,65.8,77.4,61.2
113,590820,2003,4,19,74.5,81.1,69.6
114,590820,2003,5,28,80.2,89.6,75.4
115,590820,2003,5,14,77.1,80.8,75.0
116,590820,2003,6,5,78.0,82.4,74.3
117,590820,2003,5,29,77.9,84.6,72.0
118,590820,2003,6,13,76.0,84.2,70.3
119,590820,2003,7,20,84.8,99.9,77.4
120,590820,2003,8,5,84.0,97.3,77.4
121,590820,2003,8,12,82.8,96.4,78.8
122,590820,2003,8,16,80.8,91.2,75.7
123,590820,2003,8,19,83.0,94.1,76.8
124,590820,2003,8,25,79.4,88.3,76.5
125,590820,2003,9,6,81.1,92.5,75.7
126,590820,2003,10,11,79.5,86.9,75.6
127,590820,2003,2,23,72.3,82.0,59.2
128,590820,2003,2,21,61.7,64.8,57.2
129,590820,2003,1,24,52.9,55.9,51.1
130,590820,2003,1,8,41.5,46.4,32.4
131,590820,2003,3,2,71.5,74.3,63.5
132,590820,2003,6,17,81.2,91.9,71.6
133,590820,2003,8,18,79.8,86.4,74.5
134,590820,2003,10,22,69.0,82.8,58.3
135,590820,2003,6,9,78.8,87.4,75.4
136,590820,2003,9,18,84.1,92.8,74.1
137,590820,2003,2,17,59.2,63.0,51.8
138,590820,2003,2,22,67.2,72.0,59.4
139,590820,2003,3,21,59.2,69.6,47.8
140,590820,2003,4,8,70.2,79.5,64.9
141,590820,2003,10,7,68.5,71.8,62.4
142,590820,2003,10,30,71.3,85.5,58.5
143,590820,2003,11,26,62.3,73.9,53.4
144,590820,2003,5,26,79.5,88.7,70.3
145,590820,2003,1,1,49.3,52.9,46.0
146,590820,2003,3,18,50.6,54.7,47.7
147,590820,2003,3,6,42.6,46.2,41.7
148,590820,2003,5,15,75.2,77.4,74.1
149,590820,2003,8,15,81.4,93.0,79.2
150,590820,2003,1,10,48.3,59.0,37.8
151,590820,2003,3,5,48.6,51.3,44.6
152,590820,2003,5,3,75.6,81.1,68.5
153,590820,2003,5,10,79.0,85.6,74.7
154,590820,2003,9,10,80.5,87.1,75.7
155,590820,2003,9,20,79.4,93.4,71.8
156,590820,2003,9,12,80.4,90.0,71.6
157,590820,2003,12,28,48.5,64.9,35.6
158,590820,2003,9,21,72.0,76.8,69.6
159,590820,2003,3,10,55.9,67.6,48.9
160,590820,2003,1,11,47.2,62.6,35.2
161,590820,2003,1,16,53.7,69.4,43.0
162,590820,2003,1,18,57.5,74.7,44.4
163,590820,2003,1,29,54.0,61.3,44.1
164,590820,2003,2,6,51.3,62.1,40.8
165,590820,2003,3,26,74.7,81.7,62.4
166,590820,2003,1,6,37.8,44.1,36.0
167,590820,2003,1,23,56.9,64.0,49.3
168,590820,2003,1,30,59.7,67.6,51.1
169,590820,2003,2,2,46.7,49.5,44.1
170,590820,2003,2,7,52.4,56.3,46.9
171,590820,2003,2,14,50.5,52.5,45.0
172,590820,2003,2,20,58.3,60.3,55.0
173,590820,2003,2,24,64.4,72.9,59.9
174,590820,2003,2,25,69.8,77.2,61.2
175,590820,2003,3,20,50.9,54.0,46.6
176,590820,2003,3,30,71.4,74.5,68.2
177,590820,2003,3,31,73.8,76.8,69.8
178,590820,2003,4,4,59.7,64.6,56.5
179,590820,2003,4,7,65.3,67.6,60.1
180,590820,2003,4,12,76.0,78.4,71.6
181,590820,2003,4,23,79.3,89.8,69.8
182,590820,2003,5,6,83.7,89.1,76.5
183,590820,2003,5,12,80.6,86.7,75.2
184,590820,2003,5,27,82.2,89.2,75.7
185,590820,2003,6,15,76.7,85.5,70.7
186,590820,2003,7,1,86.3,93.6,79.5
187,590820,2003,7,7,87.8,95.4,78.8
188,590820,2003,7,9,87.6,94.8,81.3
189,590820,2003,7,10,87.8,96.4,80.6
190,590820,2003,7,12,87.0,95.5,77.0
191,590820,2003,7,14,89.4,99.1,78.6
192,590820,2003,7,17,90.2,99.3,83.1
193,590820,2003,8,2,91.0,100.8,82.0
194,590820,2003,8,3,91.4,103.8,82.6
195,590820,2003,8,31,86.5,97.7,75.4
196,590820,2003,9,19,84.1,96.6,75.2
197,590820,2003,9,25,77.0,89.6,66.0
198,590820,2003,9,28,81.9,92.1,72.9
199,590820,2003,9,30,80.7,91.9,71.4
200,590820,2003,10,1,81.7,90.9,72.9
201,590820,2003,10,15,67.0,76.8,58.3
202,590820,2003,10,17,68.1,81.7,55.4
203,590820,2003,10,18,67.7,80.8,55.6
204,590820,2003,10,19,66.9,81.5,55.2
205,590820,2003,10,21,68.2,80.6,57.7
206,590820,2003,10,26,70.9,84.9,54.9
207,590820,2003,10,29,69.6,86.0,57.0
208,590820,2003,10,31,70.7,84.7,59.2
209,590820,2003,11,2,71.5,90.1,59.5
210,590820,2003,11,4,70.6,84.9,59.0
211,590820,2003,11,6,73.7,86.0,61.0
212,590820,2003,11,27,57.2,59.9,55.8
213,590820,2003,12,1,52.3,69.3,38.3
214,590820,2003,12,3,54.4,68.9,42.8
215,590820,2003,12,6,57.9,69.8,52.0
216,590820,2003,12,21,45.4,60.6,32.4
217,590820,2003,12,23,51.3,71.6,37.4
218,590820,2003,6,4,83.1,90.0,75.4
219,590820,2003,6,8,81.2,91.8,73.0
220,590820,2003,7,24,82.6,89.6,77.0
221,590820,2003,7,25,83.0,90.7,77.0
222,590820,2003,8,7,82.5,88.2,77.4
223,590820,2003,8,20,81.9,94.3,75.9
224,590820,2003,8,24,86.6,96.4,77.2
225,590820,2003,8,26,82.7,92.3,76.1
226,590820,2003,9,2,78.6,84.2,74.1
227,590820,2003,9,7,81.8,93.0,75.0
228,590820,2003,9,22,72.9,78.1,68.9
229,590820,2003,10,10,80.2,87.6,73.4
230,590820,2003,11,18,67.0,69.4,63.1
231,590820,2003,2,8,61.8,73.6,51.4
232,590820,2003,1,12,47.6,64.2,34.7
233,590820,2003,1,14,52.2,70.2,39.4
234,590820,2003,1,17,54.9,74.7,42.6
235,590820,2003,1,19,57.2,72.5,46.4
236,590820,2003,2,28,74.1,78.6,70.9
237,590820,2003,4,15,69.2,78.1,56.8
238,590820,2003,4,21,76.5,85.5,69.6
239,590820,2003,4,25,71.7,85.1,62.2
240,590820,2003,4,28,81.1,90.1,72.7
241,590820,2003,5,1,73.6,85.6,59.9
242,590820,2003,1,22,58.9,68.7,49.3
243,590820,2003,2,12,43.7,46.4,41.4
244,590820,2003,2,15,54.6,56.1,50.5
245,590820,2003,2,16,56.4,65.3,51.1
246,590820,2003,3,22,59.8,72.3,51.3
247,590820,2003,3,23,58.8,61.7,55.9
248,590820,2003,4,5,63.7,68.2,57.4
249,590820,2003,4,14,61.9,69.1,57.4
250,590820,2003,4,16,69.2,71.8,66.0
251,590820,2003,5,2,75.5,81.1,66.9
252,590820,2003,5,4,72.4,76.5,68.2
253,590820,2003,5,8,74.2,79.3,71.1
254,590820,2003,5,20,79.6,88.5,69.8
255,590820,2003,9,5,82.6,93.7,74.7
256,590820,2003,5,21,82.8,90.1,73.4
257,590820,2003,5,31,80.7,91.8,70.7
258,590820,2003,6,16,80.5,90.0,71.6
259,590820,2003,6,20,85.6,91.9,78.3
260,590820,2003,6,30,85.5,93.4,75.6
261,590820,2003,7,3,86.9,93.9,79.9
262,590820,2003,7,8,87.8,96.3,81.1
263,590820,2003,9,8,82.0,92.7,76.3
264,590820,2003,9,26,78.6,91.8,67.1
265,590820,2003,10,4,71.8,79.2,66.2
266,590820,2003,10,8,74.0,84.6,65.3
267,590820,2003,10,24,66.2,82.4,53.2
268,590820,2003,10,25,67.8,84.7,54.3
269,590820,2003,11,1,71.4,87.8,60.4
270,590820,2003,11,14,62.6,77.7,47.5
271,590820,2003,11,15,67.0,83.3,55.4
272,590820,2003,11,23,59.9,73.6,48.7
273,590820,2003,12,15,47.4,63.0,34.9
274,590820,2003,12,16,48.4,65.1,35.6
275,590820,2003,12,18,50.5,59.5,39.4
276,590820,2003,12,20,43.4,56.7,32.0
277,590820,2003,12,22,48.8,67.5,35.2
278,590820,2003,12,24,55.2,73.8,41.0
279,590820,2003,12,25,59.2,72.0,44.1
280,590820,2003,12,29,52.4,70.9,37.6
281,590820,2003,6,2,82.7,93.7,70.5
282,590820,2003,6,6,73.0,75.6,72.0
283,590820,2003,6,10,79.1,87.6,75.6
284,590820,2003,6,22,80.6,85.6,77.0
285,590820,2003,6,25,84.4,90.3,79.0
286,590820,2003,6,27,78.8,84.2,74.7
287,590820,2003,6,28,79.4,86.7,75.9
288,590820,2003,7,21,83.4,95.7,75.7
289,590820,2003,7,23,92.6,104.7,77.4
290,590820,2003,7,27,88.6,96.4,77.9
291,590820,2003,8,6,80.0,88.9,76.8
292,590820,2003,8,17,80.1,90.0,74.7
293,590820,2003,8,22,81.4,90.3,77.5
294,590820,2003,8,28,85.5,93.9,79.2
295,590820,2003,9,4,79.3,90.9,74.7
296,590820,2003,2,11,48.1,62.2,44.2
297,590820,2003,3,1,70.9,81.5,63.9
298,590820,2003,1,2,46.4,49.8,43.5
299,590820,2003,1,5,47.8,54.1,41.7
300,590820,2003,2,3,46.6,48.6,45.3
301,590820,2003,2,19,59.7,66.9,55.8
302,590820,2003,3,27,71.8,77.0,67.1
303,590820,2003,4,3,62.4,67.1,57.4
304,590820,2003,4,6,62.6,65.8,60.6
305,590820,2003,4,9,65.5,68.2,64.9
306,590820,2003,5,7,80.5,86.7,74.5
307,590820,2003,5,13,79.0,86.2,75.9
308,590820,2003,7,2,86.4,94.1,80.2
309,590820,2003,9,23,71.9,81.0,65.7
310,590820,2003,10,5,71.8,82.4,66.4
311,590820,2003,11,12,52.5,61.9,43.0
312,590820,2003,11,29,52.4,59.9,44.2
313,590820,2003,12,19,47.4,58.8,35.2
314,590820,2003,12,27,46.6,61.2,36.3
315,590820,2003,12,31,55.1,68.9,46.4
316,590820,2003,5,16,79.2,84.0,71.8
317,590820,2003,8,11,89.4,99.9,80.6
318,590820,2003,9,17,81.8,91.2,74.8
319,590820,2003,10,13,62.2,71.4,59.0
320,590820,2003,11,8,65.0,79.5,55.0
321,590820,2003,12,9,51.9,57.7,48.2
322,590820,2003,1,3,44.2,54.0,34.2
323,590820,2003,2,27,75.5,85.6,65.3
324,590820,2003,4,22,79.2,88.7,70.7
325,590820,2003,1,7,39.7,45.5,32.5
326,590820,2003,1,26,48.9,56.5,44.2
327,590820,2003,1,27,46.3,51.3,42.8
328,590820,2003,1,31,60.6,71.1,50.0
329,590820,2003,2,1,46.7,55.9,44.6
330,590820,2003,2,4,50.2,60.4,40.6
331,590820,2003,3,3,66.0,74.1,54.9
332,590820,2003,3,4,51.2,57.4,49.6
333,590820,2003,3,12,59.8,64.0,55.9
334,590820,2003,3,17,64.3,81.5,51.3
335,590820,2003,3,28,66.2,72.0,63.7
336,590820,2003,4,18,76.4,80.8,73.4
337,590820,2003,4,24,73.2,88.0,63.0
338,590820,2003,4,29,76.8,89.2,68.5
339,590820,2003,11,20,64.2,73.0,59.0
340,590820,2003,6,1,81.2,93.9,71.6
341,590820,2003,7,13,88.0,97.5,79.0
342,590820,2003,7,19,88.2,98.2,79.9
343,590820,2003,8,10,89.3,97.3,82.2
344,590820,2003,9,11,80.0,88.5,72.5
345,590820,2003,10,6,68.4,73.2,65.1
346,590820,2003,10,28,68.4,84.0,58.3
347,590820,2003,11,22,57.8,68.0,49.3
348,590820,2003,11,28,57.2,62.1,53.8
349,590820,2003,11,30,50.3,65.7,40.5
350,590820,2003,5,19,76.0,84.6,70.0
351,590820,2003,5,22,79.9,87.4,74.7
352,590820,2003,5,24,75.3,81.1,72.1
353,590820,2003,5,25,77.9,87.8,71.4
354,590820,2003,6,11,77.5,86.2,72.5
355,590820,2003,6,21,79.8,87.4,77.4
356,590820,2003,7,26,86.0,93.7,78.8
357,590820,2003,8,4,88.2,103.8,79.2
358,590820,2003,9,1,81.3,96.8,74.5
359,590820,2003,10,12,79.6,90.3,67.3
360,590820,2003,11,9,56.8,63.7,49.3
361,590820,2003,11,17,68.5,76.5,63.5
362,590820,2003,12,8,53.7,59.2,48.9
363,590820,2003,12,11,48.3,53.2,43.5
364,590820,2003,3,15,70.0,74.1,65.3
0,590820,2004,4,28,78.6,88.0,63.5
1,590820,2004,6,9,80.9,93.4,68.4
2,590820,2004,5,1,80.2,87.3,73.2
3,590820,2004,12,12,57.9,72.7,42.1
4,590820,2004,5,4,62.3,64.6,59.5
5,590820,2004,7,16,82.5,91.4,78.4
6,590820,2004,4,10,68.7,73.4,65.3
7,590820,2004,1,5,62.1,79.2,51.1
8,590820,2004,1,8,58.6,69.8,50.5
9,590820,2004,1,9,59.3,68.9,49.6
10,590820,2004,2,11,58.4,74.3,42.4
11,590820,2004,2,14,56.1,76.1,41.4
12,590820,2004,2,17,63.6,74.7,54.3
13,590820,2004,2,18,60.4,70.3,53.2
14,590820,2004,2,20,69.9,78.3,53.8
15,590820,2004,4,19,76.3,92.7,62.1
16,590820,2004,4,21,82.2,88.3,75.7
17,590820,2004,5,5,70.2,80.6,59.2
18,590820,2004,5,23,80.7,94.3,67.1
19,590820,2004,5,24,81.6,93.7,70.9
20,590820,2004,5,26,84.5,92.5,76.8
21,590820,2004,6,12,84.0,93.6,72.9
22,590820,2004,6,14,85.0,92.8,74.7
23,590820,2004,6,26,87.8,97.3,79.9
24,590820,2004,7,14,82.3,90.7,73.4
25,590820,2004,8,7,85.1,94.8,76.6
26,590820,2004,8,8,87.6,97.9,77.2
27,590820,2004,8,19,85.5,93.9,75.7
28,590820,2004,9,19,83.0,93.9,72.7
29,590820,2004,9,27,78.5,87.4,64.8
30,590820,2004,9,29,82.6,93.6,75.0
31,590820,2004,9,30,83.4,93.2,74.8
32,590820,2004,10,3,65.6,78.8,51.3
33,590820,2004,10,4,67.3,81.5,53.8
34,590820,2004,10,5,70.9,85.1,55.0
35,590820,2004,10,10,72.4,86.7,57.9
36,590820,2004,10,15,74.0,83.3,62.4
37,590820,2004,10,17,74.2,88.2,60.6
38,590820,2004,10,18,72.3,83.8,60.1
39,590820,2004,10,30,71.5,85.5,60.3
40,590820,2004,10,31,73.6,86.7,60.6
41,590820,2004,11,4,70.7,81.5,58.8
42,590820,2004,11,7,69.6,80.8,61.7
43,590820,2004,11,8,74.1,83.3,61.0
44,590820,2004,11,20,60.6,76.1,46.4
45,590820,2004,11,21,60.6,74.5,49.5
46,590820,2004,11,22,60.7,76.3,48.2
47,590820,2004,12,1,61.8,77.2,50.0
48,590820,2004,12,9,51.7,71.6,37.6
49,590820,2004,12,13,54.2,71.6,40.8
50,590820,2004,1,13,49.6,57.2,41.4
51,590820,2004,1,17,49.7,56.5,44.6
52,590820,2004,1,21,41.6,52.5,33.4
53,590820,2004,3,15,70.2,77.0,58.3
54,590820,2004,3,20,59.7,62.6,56.3
55,590820,2004,3,24,53.1,54.0,50.7
56,590820,2004,3,30,62.8,66.7,58.3
57,590820,2004,4,4,70.2,83.1,57.7
58,590820,2004,4,6,67.5,69.8,65.5
59,590820,2004,4,9,66.9,76.1,55.9
60,590820,2004,4,29,77.4,80.4,74.7
61,590820,2004,5,11,84.0,90.7,74.7
62,590820,2004,5,17,68.5,71.6,65.3
63,590820,2004,5,18,71.3,77.0,66.2
64,590820,2004,5,19,68.5,73.4,66.6
65,590820,2004,6,3,81.1,89.6,73.6
66,590820,2004,6,17,80.2,87.8,69.8
67,590820,2004,6,18,85.3,91.6,76.1
68,590820,2004,7,5,84.3,94.1,77.5
69,590820,2004,7,6,82.3,88.3,78.3
70,590820,2004,7,7,82.1,89.2,77.9
71,590820,2004,7,11,81.4,89.4,76.6
72,590820,2004,7,17,81.8,89.1,77.7
73,590820,2004,7,25,87.1,96.6,77.0
74,590820,2004,9,10,75.2,79.3,71.1
75,590820,2004,11,10,76.5,84.4,68.4
76,590820,2004,12,25,47.0,49.1,45.1
77,590820,2004,1,6,58.2,70.7,49.6
78,590820,2004,3,3,54.2,62.6,46.2
79,590820,2004,3,8,58.6,73.2,47.1
80,590820,2004,3,12,58.6,67.8,55.8
81,590820,2004,4,27,75.3,87.6,64.6
82,590820,2004,6,13,83.7,92.8,76.8
83,590820,2004,6,28,88.1,96.8,79.3
84,590820,2004,9,1,84.4,90.7,79.5
85,590820,2004,9,17,82.7,91.2,76.3
86,590820,2004,10,8,71.1,84.4,59.7
87,590820,2004,11,2,67.3,82.2,56.3
88,590820,2004,12,7,53.8,66.2,41.4
89,590820,2004,12,17,62.6,78.3,53.2
90,590820,2004,1,16,48.4,58.1,44.8
91,590820,2004,1,18,44.5,49.1,42.4
92,590820,2004,2,3,41.2,45.5,39.2
93,590820,2004,2,24,57.4,64.4,55.9
94,590820,2004,3,1,54.6,68.0,51.1
95,590820,2004,3,2,49.8,52.7,48.2
96,590820,2004,3,17,70.5,78.6,63.3
97,590820,2004,4,12,74.7,83.7,69.4
98,590820,2004,4,14,68.9,71.8,67.1
99,590820,2004,4,26,73.6,79.5,68.5
100,590820,2004,6,5,78.5,90.1,71.8
101,590820,2004,6,6,74.9,81.9,70.7
102,590820,2004,6,15,83.5,92.1,76.5
103,590820,2004,6,21,78.7,87.8,76.5
104,590820,2004,7,4,83.4,92.8,78.4
105,590820,2004,7,10,83.2,92.1,77.9
106,590820,2004,7,27,82.4,93.0,76.5
107,590820,2004,7,29,79.8,89.4,76.8
108,590820,2004,8,20,83.1,95.7,76.5
109,590820,2004,9,5,85.3,96.4,78.4
110,590820,2004,9,21,78.9,89.1,71.6
111,590820,2004,10,26,71.5,81.0,63.0
112,590820,2004,11,9,73.2,79.5,68.5
113,590820,2004,11,14,64.4,76.1,54.0
114,590820,2004,11,17,60.3,72.5,47.1
115,590820,2004,12,27,43.8,46.0,41.0
116,590820,2004,12,31,37.9,46.2,31.5
117,590820,2004,7,2,84.9,96.8,80.8
118,590820,2004,9,18,79.2,93.2,74.1
119,590820,2004,12,3,66.3,78.3,52.9
120,590820,2004,1,22,43.4,49.3,31.3
121,590820,2004,7,8,78.3,84.9,73.2
122,590820,2004,10,12,72.2,85.6,61.9
123,590820,2004,10,21,69.9,82.9,57.0
124,590820,2004,12,10,50.5,70.7,38.8
125,590820,2004,5,15,79.3,87.6,72.5
126,590820,2004,6,25,85.2,93.0,78.8
127,590820,2004,4,5,70.6,77.5,60.1
128,590820,2004,2,23,63.9,71.4,50.5
129,590820,2004,5,8,69.9,77.0,63.5
130,590820,2004,6,7,77.4,85.6,69.8
131,590820,2004,6,24,86.0,92.1,79.7
132,590820,2004,12,21,61.5,72.3,50.0
133,590820,2004,2,22,66.1,75.4,55.8
134,590820,2004,10,14,74.2,84.6,63.7
135,590820,2004,4,17,69.6,76.6,66.9
136,590820,2004,12,26,47.3,50.5,44.1
137,590820,2004,5,31,73.7,75.4,71.1
138,590820,2004,7,19,84.1,93.9,81.1
139,590820,2004,8,23,84.2,95.9,77.0
140,590820,2004,1,1,57.4,70.3,45.0
141,590820,2004,1,3,56.3,70.7,43.3
142,590820,2004,1,4,60.9,77.0,49.1
143,590820,2004,1,7,57.0,68.2,48.4
144,590820,2004,1,25,44.4,50.9,36.0
145,590820,2004,3,4,53.1,65.7,43.9
146,590820,2004,4,20,80.9,92.7,63.5
147,590820,2004,4,23,83.7,91.4,73.0
148,590820,2004,6,27,88.8,97.3,81.9
149,590820,2004,7,9,82.5,89.4,72.9
150,590820,2004,7,23,85.9,95.4,78.1
151,590820,2004,8,2,86.2,96.8,75.6
152,590820,2004,8,3,85.6,96.1,77.0
153,590820,2004,8,9,88.0,98.8,78.4
154,590820,2004,8,17,86.7,98.6,76.1
155,590820,2004,8,22,82.4,91.6,76.8
156,590820,2004,8,25,85.0,92.8,77.7
157,590820,2004,9,3,86.6,96.8,78.6
158,590820,2004,9,28,81.0,90.9,69.6
159,590820,2004,10,6,73.2,84.0,62.4
160,590820,2004,10,9,70.5,85.6,57.7
161,590820,2004,10,16,72.8,87.6,62.4
162,590820,2004,10,23,69.0,83.3,58.6
163,590820,2004,10,29,70.2,84.6,57.6
164,590820,2004,11,3,68.6,84.6,54.7
165,590820,2004,11,19,57.5,74.3,45.0
166,590820,2004,11,29,63.0,77.2,48.7
167,590820,2004,12,2,63.4,77.2,50.0
168,590820,2004,12,6,55.9,70.7,40.6
169,590820,2004,1,14,53.9,65.7,42.3
170,590820,2004,1,26,46.5,50.2,42.1
171,590820,2004,1,28,41.0,42.1,38.8
172,590820,2004,2,1,55.2,58.8,51.4
173,590820,2004,2,4,40.2,42.3,38.3
174,590820,2004,2,5,49.0,58.1,39.4
175,590820,2004,2,10,51.6,68.4,33.8
176,590820,2004,2,26,66.1,73.6,58.5
177,590820,2004,2,28,70.1,75.2,64.9
178,590820,2004,3,14,59.6,62.1,57.9
179,590820,2004,3,21,55.0,61.3,52.2
180,590820,2004,3,25,53.0,54.3,52.0
181,590820,2004,3,29,58.9,59.7,57.6
182,590820,2004,4,11,72.6,77.2,66.7
183,590820,2004,4,13,76.2,87.6,68.4
184,590820,2004,4,16,68.4,71.6,65.8
185,590820,2004,5,2,81.3,87.6,76.1
186,590820,2004,5,10,81.5,91.0,65.1
187,590820,2004,5,14,73.6,76.8,70.3
188,590820,2004,5,20,74.5,81.3,66.0
189,590820,2004,5,22,77.4,90.5,64.4
190,590820,2004,6,2,80.9,90.3,72.9
191,590820,2004,7,12,76.0,82.2,73.0
192,590820,2004,7,18,83.2,89.4,76.5
193,590820,2004,7,21,80.5,90.9,75.7
194,590820,2004,7,22,84.3,95.2,74.7
195,590820,2004,7,24,85.4,97.9,77.0
196,590820,2004,7,31,80.2,88.3,74.3
197,590820,2004,8,14,82.4,91.8,77.5
198,590820,2004,8,21,82.2,92.5,75.9
199,590820,2004,8,29,81.5,88.2,77.7
200,590820,2004,8,31,84.5,92.1,77.9
201,590820,2004,9,9,72.2,74.3,70.2
202,590820,2004,9,14,77.6,88.5,65.3
203,590820,2004,11,16,60.2,65.3,54.5
204,590820,2004,11,23,64.5,77.0,49.6
205,590820,2004,11,24,64.7,70.7,60.3
206,590820,2004,12,14,57.2,72.5,40.5
207,590820,2004,12,24,46.5,48.7,42.3
208,590820,2004,12,29,44.9,51.8,39.4
209,590820,2004,5,7,64.4,77.7,61.2
210,590820,2004,1,24,42.5,51.1,33.1
211,590820,2004,2,15,58.1,77.4,41.5
212,590820,2004,2,16,63.0,77.9,45.9
213,590820,2004,2,19,65.8,80.2,53.8
214,590820,2004,2,27,67.6,74.7,62.4
215,590820,2004,3,5,59.4,68.0,42.4
216,590820,2004,3,6,63.5,71.8,56.7
217,590820,2004,3,9,65.8,77.0,45.0
218,590820,2004,3,10,70.9,80.1,60.8
219,590820,2004,3,11,70.8,79.5,65.1
220,590820,2004,3,13,59.6,63.0,55.2
221,590820,2004,5,25,84.4,93.6,72.7
222,590820,2004,6,4,83.4,91.6,75.2
223,590820,2004,6,10,81.5,92.8,69.8
224,590820,2004,6,11,82.2,93.4,73.2
225,590820,2004,7,1,88.4,100.6,79.3
226,590820,2004,7,15,85.5,95.7,74.7
227,590820,2004,7,26,87.8,97.7,78.1
228,590820,2004,8,10,89.5,101.3,77.9
229,590820,2004,9,2,85.3,95.2,78.6
230,590820,2004,9,4,87.1,96.8,79.0
231,590820,2004,9,20,83.8,93.2,74.7
232,590820,2004,9,24,77.0,89.8,67.6
233,590820,2004,9,25,78.4,90.3,66.0
234,590820,2004,10,11,74.4,86.9,61.7
235,590820,2004,10,13,74.2,85.6,63.0
236,590820,2004,10,20,68.4,81.0,57.7
237,590820,2004,10,22,69.4,83.3,57.2
238,590820,2004,10,24,70.0,83.3,58.8
239,590820,2004,10,28,67.7,82.2,55.6
240,590820,2004,11,13,74.4,83.3,66.4
241,590820,2004,11,28,58.8,73.6,46.2
242,590820,2004,11,30,61.3,76.3,51.3
243,590820,2004,12,11,54.9,72.3,41.9
244,590820,2004,12,16,61.2,75.2,48.0
245,590820,2004,1,29,45.8,47.7,40.6
246,590820,2004,1,30,52.1,58.5,45.9
247,590820,2004,2,9,47.2,61.9,35.4
248,590820,2004,2,25,61.2,66.2,55.4
249,590820,2004,3,19,58.1,61.2,54.9
250,590820,2004,3,23,51.8,54.1,50.5
251,590820,2004,3,26,54.8,57.2,52.0
252,590820,2004,3,27,56.5,58.5,53.6
253,590820,2004,3,28,58.6,61.3,55.6
254,590820,2004,3,31,62.9,64.4,61.3
255,590820,2004,4,2,66.0,76.8,55.2
256,590820,2004,4,25,77.2,82.0,71.1
257,590820,2004,5,9,75.4,89.4,64.6
258,590820,2004,5,28,83.8,93.9,76.3
259,590820,2004,5,29,83.7,93.0,77.0
260,590820,2004,5,30,78.7,82.0,75.9
261,590820,2004,6,1,76.0,81.1,70.7
262,590820,2004,6,22,83.2,90.1,75.2
263,590820,2004,6,23,82.2,85.8,78.6
264,590820,2004,6,30,88.0,100.4,77.0
265,590820,2004,7,3,87.6,99.7,79.5
266,590820,2004,7,13,78.1,88.0,73.4
267,590820,2004,7,28,80.2,90.3,75.9
268,590820,2004,8,1,84.7,95.9,73.8
269,590820,2004,8,5,80.4,85.6,73.2
270,590820,2004,8,6,81.4,90.1,77.0
271,590820,2004,8,13,84.0,95.9,74.8
272,590820,2004,8,24,84.2,95.4,78.4
273,590820,2004,8,28,81.5,87.1,77.2
274,590820,2004,8,30,81.8,89.4,77.2
275,590820,2004,9,7,81.2,92.3,76.8
276,590820,2004,9,15,79.0,91.0,66.9
277,590820,2004,9,16,82.4,93.4,73.0
278,590820,2004,9,22,76.1,82.4,71.1
279,590820,2004,10,25,74.4,82.9,59.0
280,590820,2004,11,15,56.2,59.0,53.6
281,590820,2004,11,18,58.3,73.0,45.9
282,590820,2004,12,18,62.8,73.2,51.6
283,590820,2004,12,28,42.9,48.6,39.0
284,590820,2004,2,13,56.3,73.0,44.6
285,590820,2004,4,18,73.4,86.7,63.1
286,590820,2004,2,12,57.9,69.1,47.5
287,590820,2004,2,21,71.8,79.9,66.0
288,590820,2004,3,7,59.1,68.9,51.8
289,590820,2004,4,22,82.2,89.8,74.5
290,590820,2004,8,18,84.2,95.2,76.8
291,590820,2004,9,11,75.8,85.8,67.3
292,590820,2004,9,26,78.1,90.5,66.9
293,590820,2004,10,2,67.4,79.0,53.6
294,590820,2004,10,27,66.4,77.9,56.8
295,590820,2004,11,1,70.5,79.2,60.8
296,590820,2004,12,5,54.0,67.1,42.3
297,590820,2004,12,20,57.0,65.8,51.1
298,590820,2004,1,10,57.1,66.2,51.1
299,590820,2004,1,15,57.9,65.1,49.6
300,590820,2004,1,19,43.5,48.0,41.0
301,590820,2004,1,20,39.5,42.1,35.6
302,590820,2004,2,29,70.1,75.0,62.6
303,590820,2004,3,18,59.5,70.0,55.8
304,590820,2004,4,1,64.5,71.1,57.2
305,590820,2004,4,24,74.4,82.2,71.6
306,590820,2004,5,3,73.1,83.1,61.3
307,590820,2004,5,6,66.5,75.7,61.5
308,590820,2004,5,12,77.7,82.6,72.9
309,590820,2004,5,16,69.8,79.0,65.5
310,590820,2004,5,21,73.2,83.7,65.7
311,590820,2004,5,27,82.8,93.0,77.0
312,590820,2004,6,20,80.8,86.7,77.2
313,590820,2004,7,20,80.1,85.8,76.1
314,590820,2004,8,4,80.1,95.4,73.6
315,590820,2004,8,16,83.7,95.9,76.6
316,590820,2004,8,26,79.8,84.2,77.0
317,590820,2004,9,6,83.4,92.8,77.4
318,590820,2004,9,8,75.9,83.5,71.6
319,590820,2004,10,1,69.7,83.5,62.6
320,590820,2004,11,5,67.0,70.7,63.0
321,590820,2004,11,11,74.7,87.8,67.3
322,590820,2004,11,12,71.3,78.8,66.9
323,590820,2004,11,25,62.8,73.6,53.2
324,590820,2004,11,27,54.4,64.4,47.7
325,590820,2004,12,15,60.4,78.3,49.6
326,590820,2004,12,22,63.0,74.8,48.0
327,590820,2004,12,30,38.2,44.2,36.7
328,590820,2004,1,31,52.4,53.2,51.4
329,590820,2004,2,2,46.2,56.3,43.9
330,590820,2004,8,27,79.8,84.0,78.1
331,590820,2004,1,2,52.5,61.5,44.6
332,590820,2004,1,11,48.8,53.2,47.3
333,590820,2004,1,12,47.1,49.8,44.2
334,590820,2004,6,8,80.3,91.4,69.4
335,590820,2004,8,12,83.5,97.2,76.1
336,590820,2004,9,12,75.4,86.5,65.3
337,590820,2004,9,23,76.9,84.7,68.4
338,590820,2004,10,7,72.3,82.6,62.6
339,590820,2004,10,19,68.9,76.1,59.2
340,590820,2004,12,4,57.8,64.9,48.6
341,590820,2004,12,8,50.7,68.0,39.2
342,590820,2004,12,19,58.8,66.2,54.0
343,590820,2004,1,23,39.2,45.1,34.5
344,590820,2004,1,27,42.8,46.8,39.2
345,590820,2004,2,6,52.3,61.2,43.5
346,590820,2004,2,7,41.1,48.6,39.7
347,590820,2004,2,8,43.2,48.0,39.2
348,590820,2004,3,16,68.4,70.9,67.3
349,590820,2004,3,22,56.4,63.7,51.8
350,590820,2004,4,3,70.1,84.9,59.4
351,590820,2004,4,7,61.9,68.0,57.6
352,590820,2004,4,8,60.8,67.5,56.5
353,590820,2004,4,15,69.3,75.2,66.4
354,590820,2004,4,30,79.0,83.8,74.7
355,590820,2004,5,13,73.1,76.6,71.4
356,590820,2004,6,16,75.3,86.5,71.4
357,590820,2004,6,19,83.4,90.5,78.8
358,590820,2004,6,29,86.9,101.3,77.4
359,590820,2004,7,30,77.9,87.4,74.8
360,590820,2004,8,11,83.2,98.2,78.1
361,590820,2004,8,15,81.1,90.0,77.2
362,590820,2004,9,13,75.5,87.6,66.7
363,590820,2004,11,6,68.6,79.2,62.2
364,590820,2004,11,26,50.8,57.2,48.6
365,590820,2004,12,23,44.8,53.6,42.6
0,590820,2005,12,24,54.7,63.9,44.2
1,590820,2005,1,25,56.8,65.7,47.8
2,590820,2005,1,7,55.0,62.1,47.8
3,590820,2005,1,4,49.5,52.5,45.7
4,590820,2005,11,18,56.5,58.3,55.4
5,590820,2005,7,21,85.2,91.9,78.3
6,590820,2005,3,3,52.2,59.2,45.5
7,590820,2005,9,3,77.3,81.3,72.5
8,590820,2005,4,24,72.5,75.7,69.8
9,590820,2005,4,28,76.9,79.0,71.2
10,590820,2005,9,9,78.2,87.3,73.4
11,590820,2005,12,5,45.3,52.0,40.1
12,590820,2005,12,27,52.8,56.1,50.0
13,590820,2005,12,16,46.2,62.6,33.8
14,590820,2005,9,10,80.9,91.4,73.2
15,590820,2005,12,20,52.9,65.3,36.0
16,590820,2005,9,12,83.3,92.5,73.6
17,590820,2005,12,14,48.4,59.2,38.3
18,590820,2005,12,15,46.2,57.4,35.6
19,590820,2005,1,2,46.6,54.5,39.2
20,590820,2005,4,1,59.5,60.3,58.3
21,590820,2005,12,6,42.1,44.2,38.1
22,590820,2005,4,5,67.9,73.9,63.7
23,590820,2005,5,1,81.0,91.4,70.7
24,590820,2005,1,10,45.7,49.6,43.0
25,590820,2005,1,17,50.8,59.2,44.4
26,590820,2005,3,28,71.2,84.0,61.0
27,590820,2005,5,30,83.5,92.7,73.8
28,590820,2005,6,19,82.3,87.8,77.9
29,590820,2005,6,29,85.0,93.6,76.6
30,590820,2005,8,14,81.5,90.5,75.7
31,590820,2005,9,24,78.7,86.7,71.1
32,590820,2005,10,28,72.6,84.0,64.9
33,590820,2005,3,30,60.2,64.4,59.0
34,590820,2005,6,30,82.0,90.0,79.5
35,590820,2005,8,24,79.4,86.7,74.5
36,590820,2005,2,20,42.1,44.2,39.4
37,590820,2005,7,24,85.7,95.0,74.8
38,590820,2005,8,15,80.6,90.1,75.2
39,590820,2005,10,24,66.8,77.5,57.0
40,590820,2005,8,29,84.4,93.7,75.0
41,590820,2005,8,7,86.8,94.5,78.8
42,590820,2005,10,27,76.4,89.1,64.6
43,590820,2005,11,22,56.9,65.5,48.2
44,590820,2005,8,25,79.0,85.8,74.1
45,590820,2005,9,21,85.9,98.1,75.6
46,590820,2005,10,22,67.3,71.6,63.0
47,590820,2005,11,21,57.6,64.6,53.4
48,590820,2005,11,23,59.1,69.6,47.5
49,590820,2005,2,10,45.0,46.9,44.1
50,590820,2005,2,14,50.2,51.6,47.3
51,590820,2005,5,16,84.0,89.4,80.1
52,590820,2005,6,7,78.2,83.8,74.7
53,590820,2005,6,11,85.3,92.5,79.7
54,590820,2005,6,13,83.9,91.6,79.0
55,590820,2005,6,21,79.8,84.9,75.7
56,590820,2005,7,29,84.9,89.8,80.6
57,590820,2005,10,3,74.1,79.5,68.5
58,590820,2005,2,19,41.5,43.9,39.7
59,590820,2005,7,4,86.3,92.1,80.1
60,590820,2005,3,5,50.7,64.8,38.8
61,590820,2005,3,9,65.7,71.1,59.9
62,590820,2005,7,6,87.0,94.8,79.5
63,590820,2005,7,11,87.0,93.2,82.4
64,590820,2005,7,13,87.4,93.0,82.4
65,590820,2005,7,15,88.9,95.4,82.9
66,590820,2005,2,9,54.6,64.2,45.3
67,590820,2005,2,15,61.2,67.8,53.2
68,590820,2005,2,26,50.9,55.6,47.8
69,590820,2005,5,11,79.3,82.0,74.1
70,590820,2005,5,18,79.2,85.5,75.2
71,590820,2005,6,1,82.3,87.4,78.3
72,590820,2005,6,5,78.5,83.3,75.4
73,590820,2005,6,9,82.1,88.9,75.9
74,590820,2005,1,26,49.4,52.9,45.3
75,590820,2005,1,27,45.8,47.3,44.4
76,590820,2005,3,14,46.4,48.7,43.7
77,590820,2005,3,16,52.7,54.7,49.5
78,590820,2005,3,17,64.1,73.9,55.2
79,590820,2005,3,24,58.5,67.5,53.2
80,590820,2005,3,25,58.5,63.9,53.6
81,590820,2005,5,7,71.6,75.4,67.5
82,590820,2005,5,20,74.8,75.9,74.1
83,590820,2005,6,3,80.8,86.4,77.9
84,590820,2005,6,18,80.5,83.5,78.6
85,590820,2005,6,23,76.1,77.0,74.1
86,590820,2005,8,2,86.3,94.1,78.8
87,590820,2005,8,10,82.4,89.6,78.4
88,590820,2005,8,16,81.5,88.2,76.6
89,590820,2005,8,3,88.9,95.9,82.9
90,590820,2005,10,9,73.0,82.2,63.3
91,590820,2005,10,11,76.0,87.1,66.9
92,590820,2005,10,15,69.2,75.0,63.9
93,590820,2005,7,28,87.0,96.8,77.7
94,590820,2005,10,2,82.4,93.9,74.3
95,590820,2005,10,6,75.8,84.6,69.1
96,590820,2005,10,5,71.9,77.7,65.8
97,590820,2005,12,31,59.4,63.1,55.6
98,590820,2005,11,7,78.5,88.7,72.9
99,590820,2005,4,30,83.9,89.8,77.7
100,590820,2005,9,13,80.7,86.9,76.6
101,590820,2005,12,4,53.8,58.8,50.0
102,590820,2005,12,29,54.4,57.7,50.7
103,590820,2005,12,25,57.5,62.4,53.4
104,590820,2005,12,17,50.2,61.7,35.4
105,590820,2005,12,21,50.5,59.2,41.4
106,590820,2005,12,23,47.8,64.8,33.1
107,590820,2005,12,18,45.9,57.7,35.6
108,590820,2005,12,12,50.2,59.0,43.9
109,590820,2005,4,21,77.6,84.7,67.3
110,590820,2005,4,6,67.1,70.0,64.6
111,590820,2005,4,2,66.7,75.6,59.2
112,590820,2005,4,8,80.4,85.5,76.1
113,590820,2005,4,14,67.5,81.3,55.0
114,590820,2005,1,5,49.3,52.3,43.5
115,590820,2005,1,6,50.7,62.6,41.4
116,590820,2005,4,9,70.6,80.1,59.7
117,590820,2005,4,11,57.7,59.2,54.9
118,590820,2005,9,18,81.6,92.8,76.5
119,590820,2005,7,3,85.1,92.7,77.7
120,590820,2005,5,31,83.3,88.9,77.5
121,590820,2005,1,30,47.9,50.7,45.9
122,590820,2005,3,13,45.0,50.2,38.8
123,590820,2005,3,31,59.4,61.9,57.0
124,590820,2005,5,15,83.1,90.5,75.6
125,590820,2005,6,26,84.4,91.9,79.7
126,590820,2005,8,13,82.3,87.6,79.7
127,590820,2005,9,23,75.7,82.2,71.2
128,590820,2005,1,23,53.3,57.9,48.6
129,590820,2005,1,31,44.8,47.1,40.1
130,590820,2005,5,29,79.3,85.6,73.9
131,590820,2005,6,4,81.5,91.0,75.6
132,590820,2005,6,20,79.0,83.3,77.4
133,590820,2005,11,2,67.5,73.8,61.3
134,590820,2005,11,11,72.5,85.1,65.7
135,590820,2005,11,16,59.7,65.1,56.1
136,590820,2005,10,20,73.8,87.1,63.0
137,590820,2005,10,23,65.8,73.8,58.8
138,590820,2005,9,22,79.5,87.4,73.8
139,590820,2005,11,10,78.6,85.3,71.2
140,590820,2005,2,8,56.1,59.2,53.2
141,590820,2005,5,28,81.2,87.4,75.9
142,590820,2005,7,7,87.6,95.5,81.9
143,590820,2005,1,11,47.2,51.1,44.6
144,590820,2005,2,22,45.0,46.6,40.6
145,590820,2005,3,15,47.6,49.1,44.8
146,590820,2005,5,4,76.9,81.3,74.1
147,590820,2005,5,12,83.5,89.1,74.8
148,590820,2005,5,14,80.8,85.6,75.7
149,590820,2005,5,17,83.8,91.2,78.3
150,590820,2005,5,24,79.4,87.4,73.4
151,590820,2005,7,26,84.3,97.5,77.7
152,590820,2005,1,15,45.0,54.1,31.8
153,590820,2005,3,8,63.2,70.0,52.3
154,590820,2005,3,19,68.1,77.0,58.6
155,590820,2005,7,14,87.1,95.5,79.5
156,590820,2005,7,18,91.6,101.1,81.9
157,590820,2005,3,26,55.1,55.9,54.5
158,590820,2005,6,2,80.1,86.2,77.2
159,590820,2005,6,25,83.3,89.1,80.2
160,590820,2005,7,12,85.7,91.9,77.5
161,590820,2005,8,20,78.7,87.1,74.8
162,590820,2005,1,12,42.5,44.6,40.1
163,590820,2005,1,29,48.5,49.8,46.9
164,590820,2005,2,3,44.6,45.7,42.6
165,590820,2005,2,21,42.2,43.5,41.0
166,590820,2005,2,24,59.7,64.8,53.1
167,590820,2005,3,21,68.9,70.5,67.6
168,590820,2005,5,19,78.9,84.0,75.2
169,590820,2005,5,21,81.4,89.1,73.8
170,590820,2005,5,27,77.7,81.9,75.0
171,590820,2005,6,14,83.8,90.9,78.4
172,590820,2005,7,20,85.3,93.6,77.0
173,590820,2005,7,23,80.9,91.4,75.0
174,590820,2005,10,12,79.0,89.8,68.9
175,590820,2005,10,17,73.7,81.7,66.9
176,590820,2005,10,7,75.9,81.7,71.2
177,590820,2005,10,8,75.3,84.0,68.5
178,590820,2005,10,16,72.4,80.1,65.7
179,590820,2005,8,12,89.6,98.8,80.8
180,590820,2005,10,13,81.7,90.1,72.7
181,590820,2005,1,9,45.6,50.2,43.2
182,590820,2005,12,30,56.3,59.4,52.2
183,590820,2005,12,19,43.8,61.5,33.8
184,590820,2005,11,30,59.1,66.0,52.2
185,590820,2005,11,25,57.8,71.8,50.7
186,590820,2005,1,22,50.5,51.8,48.9
187,590820,2005,4,26,71.6,75.7,68.7
188,590820,2005,9,4,73.9,75.9,72.0
189,590820,2005,4,29,80.8,87.3,75.7
190,590820,2005,9,5,77.3,83.8,73.2
191,590820,2005,12,26,58.1,63.0,54.9
192,590820,2005,9,6,78.5,86.0,72.9
193,590820,2005,12,28,52.1,54.7,49.8
194,590820,2005,9,7,78.1,84.4,73.0
195,590820,2005,12,22,44.7,58.3,33.8
196,590820,2005,12,8,52.7,64.6,41.2
197,590820,2005,9,11,82.0,91.0,72.1
198,590820,2005,9,14,82.8,96.1,76.3
199,590820,2005,12,1,64.6,74.7,56.1
200,590820,2005,12,13,48.2,57.4,40.3
201,590820,2005,4,19,71.4,80.2,66.9
202,590820,2005,4,22,77.6,80.1,75.0
203,590820,2005,1,8,50.7,58.6,43.9
204,590820,2005,4,10,59.8,61.9,58.5
205,590820,2005,4,15,72.8,83.5,60.3
206,590820,2005,4,13,60.8,69.3,52.3
207,590820,2005,7,17,89.6,100.6,79.2
208,590820,2005,3,20,72.6,81.0,63.5
209,590820,2005,2,28,49.0,54.0,44.4
210,590820,2005,8,22,80.5,90.0,75.9
211,590820,2005,8,23,81.2,90.3,75.0
212,590820,2005,9,26,78.6,88.3,73.8
213,590820,2005,10,25,66.7,74.7,60.6
214,590820,2005,5,8,75.1,80.1,68.7
215,590820,2005,5,22,82.8,89.6,73.4
216,590820,2005,7,31,80.2,87.8,77.5
217,590820,2005,8,27,79.5,91.2,75.2
218,590820,2005,9,25,79.9,89.1,72.7
219,590820,2005,11,3,74.6,88.3,61.2
220,590820,2005,11,15,58.6,60.8,56.8
221,590820,2005,11,17,58.7,63.3,55.6
222,590820,2005,5,23,81.7,91.9,72.5
223,590820,2005,6,28,81.5,86.9,76.8
224,590820,2005,7,30,82.1,90.9,78.6
225,590820,2005,9,27,78.1,85.6,74.7
226,590820,2005,11,12,67.6,68.5,65.7
227,590820,2005,9,20,84.4,93.4,75.7
228,590820,2005,11,4,77.6,89.4,65.7
229,590820,2005,11,5,80.2,89.1,68.7
230,590820,2005,11,6,81.2,92.7,72.9
231,590820,2005,11,24,59.2,70.9,49.6
232,590820,2005,8,28,83.2,93.4,76.1
233,590820,2005,9,19,84.0,93.6,76.1
234,590820,2005,9,28,82.5,91.4,74.8
235,590820,2005,9,30,84.3,92.8,76.6
236,590820,2005,11,20,57.4,64.9,53.1
237,590820,2005,11,27,63.9,78.3,51.4
238,590820,2005,1,16,48.7,57.9,36.7
239,590820,2005,1,18,50.8,53.6,46.9
240,590820,2005,3,7,59.8,70.0,51.1
241,590820,2005,7,16,88.6,97.2,79.7
242,590820,2005,7,19,89.2,96.3,80.8
243,590820,2005,1,13,41.3,44.2,37.2
244,590820,2005,1,21,51.3,55.9,47.7
245,590820,2005,2,2,43.7,45.9,42.6
246,590820,2005,2,17,46.0,48.9,43.0
247,590820,2005,2,23,51.9,56.7,45.9
248,590820,2005,5,5,73.9,79.3,68.2
249,590820,2005,6,16,80.6,83.5,76.8
250,590820,2005,7,8,82.2,85.5,76.8
251,590820,2005,8,1,85.1,92.3,78.4
252,590820,2005,10,4,70.8,76.3,67.6
253,590820,2005,2,7,63.6,75.6,53.8
254,590820,2005,2,12,49.6,53.4,44.6
255,590820,2005,3,18,64.4,71.4,58.8
256,590820,2005,3,22,64.1,75.7,54.0
257,590820,2005,6,24,80.4,84.9,78.8
258,590820,2005,8,18,82.4,88.5,77.5
259,590820,2005,1,19,48.5,50.0,46.6
260,590820,2005,1,24,57.1,62.4,52.5
261,590820,2005,2,1,47.1,50.0,41.7
262,590820,2005,2,11,47.5,50.9,44.1
263,590820,2005,2,16,47.8,54.5,44.6
264,590820,2005,3,1,46.2,47.3,45.7
265,590820,2005,3,2,48.0,48.9,46.2
266,590820,2005,3,10,64.6,66.7,62.6
267,590820,2005,5,10,77.4,83.1,72.9
268,590820,2005,5,26,79.7,85.5,75.9
269,590820,2005,6,6,82.1,89.4,75.2
270,590820,2005,7,1,81.8,87.1,77.7
271,590820,2005,7,2,82.4,88.9,77.7
272,590820,2005,7,22,81.4,91.2,76.6
273,590820,2005,8,19,78.6,83.1,74.8
274,590820,2005,8,6,86.6,94.5,79.2
275,590820,2005,10,1,85.4,96.6,76.6
276,590820,2005,10,10,74.3,84.9,64.4
277,590820,2005,12,11,50.0,55.8,47.1
278,590820,2005,8,31,83.2,95.0,77.9
279,590820,2005,11,28,68.6,79.0,57.2
280,590820,2005,8,8,87.3,95.9,80.8
281,590820,2005,4,3,67.9,82.4,56.3
282,590820,2005,9,15,84.1,93.9,75.6
283,590820,2005,9,16,85.9,96.4,76.6
284,590820,2005,12,10,55.0,59.7,50.5
285,590820,2005,4,17,64.6,66.4,62.8
286,590820,2005,4,25,73.6,81.7,68.7
287,590820,2005,9,2,76.9,80.6,75.4
288,590820,2005,12,3,57.7,66.9,52.9
289,590820,2005,12,7,51.0,58.8,41.7
290,590820,2005,12,9,54.0,56.3,48.0
291,590820,2005,9,1,82.6,86.9,77.2
292,590820,2005,9,8,81.5,90.0,72.0
293,590820,2005,9,17,87.2,97.5,77.2
294,590820,2005,12,2,60.8,68.5,54.5
295,590820,2005,1,1,40.4,45.9,30.2
296,590820,2005,4,20,74.2,85.5,65.7
297,590820,2005,4,12,52.5,53.8,51.6
298,590820,2005,4,18,69.9,75.0,64.8
299,590820,2005,4,4,72.9,82.9,58.6
300,590820,2005,4,16,64.5,66.7,63.1
301,590820,2005,1,3,45.8,48.7,44.4
302,590820,2005,4,7,76.3,82.0,70.2
303,590820,2005,4,23,77.8,83.3,72.5
304,590820,2005,4,27,74.4,80.6,68.5
305,590820,2005,3,6,57.1,71.2,37.4
306,590820,2005,3,29,67.5,72.9,63.0
307,590820,2005,6,27,79.6,85.3,77.0
308,590820,2005,10,31,62.5,76.6,52.5
309,590820,2005,11,13,69.0,70.3,67.3
310,590820,2005,2,13,49.0,51.8,46.2
311,590820,2005,6,12,80.9,91.4,77.2
312,590820,2005,7,10,86.0,93.6,78.6
313,590820,2005,8,21,82.3,90.5,74.5
314,590820,2005,10,26,71.4,84.2,59.5
315,590820,2005,11,19,56.5,60.3,53.6
316,590820,2005,2,6,67.3,72.5,56.1
317,590820,2005,2,27,46.4,48.9,44.6
318,590820,2005,3,27,61.0,63.7,54.5
319,590820,2005,8,26,77.4,82.6,73.2
320,590820,2005,10,29,61.0,67.1,59.0
321,590820,2005,10,30,62.5,72.0,54.9
322,590820,2005,11,14,64.5,72.1,59.4
323,590820,2005,10,19,75.0,86.5,65.1
324,590820,2005,11,9,79.2,88.0,71.2
325,590820,2005,11,29,59.0,65.3,55.0
326,590820,2005,8,30,86.2,96.1,76.5
327,590820,2005,9,29,84.8,93.6,75.2
328,590820,2005,10,21,72.0,83.8,61.7
329,590820,2005,11,1,68.2,75.9,52.0
330,590820,2005,11,8,77.6,84.4,72.1
331,590820,2005,10,18,75.0,83.3,66.7
332,590820,2005,11,26,60.9,75.0,50.4
333,590820,2005,1,14,42.8,52.3,33.4
334,590820,2005,2,25,63.6,70.9,56.8
335,590820,2005,3,11,66.9,76.8,50.5
336,590820,2005,3,12,42.6,46.8,39.6
337,590820,2005,5,3,79.5,88.9,73.0
338,590820,2005,5,9,74.3,77.0,71.4
339,590820,2005,6,17,78.6,80.8,77.2
340,590820,2005,7,9,83.3,88.2,77.5
341,590820,2005,8,17,81.6,87.6,76.3
342,590820,2005,5,6,72.1,78.1,65.8
343,590820,2005,6,10,85.7,93.0,79.0
344,590820,2005,7,5,86.8,93.9,81.0
345,590820,2005,3,4,49.5,57.4,40.3
346,590820,2005,1,20,48.4,50.0,46.4
347,590820,2005,1,28,47.8,49.6,44.4
348,590820,2005,2,5,57.1,61.2,52.2
349,590820,2005,2,18,42.8,45.3,40.5
350,590820,2005,3,23,56.4,61.3,53.1
351,590820,2005,7,27,86.6,94.5,79.2
352,590820,2005,2,4,50.2,51.8,46.0
353,590820,2005,5,2,80.0,86.5,69.6
354,590820,2005,5,13,82.6,88.2,80.4
355,590820,2005,5,25,80.6,86.5,75.0
356,590820,2005,6,8,80.0,85.8,75.2
357,590820,2005,6,15,79.9,87.3,76.6
358,590820,2005,6,22,76.0,78.3,74.3
359,590820,2005,8,4,85.2,96.1,78.6
360,590820,2005,8,5,86.6,95.4,78.8
361,590820,2005,8,9,83.2,89.4,78.8
362,590820,2005,8,11,85.5,93.4,78.8
363,590820,2005,7,25,88.2,95.7,80.8
364,590820,2005,10,14,77.4,86.9,70.2
0,590820,2006,12,30,50.7,61.0,37.0
1,590820,2006,12,22,47.8,68.0,38.8
2,590820,2006,5,13,62.9,68.5,61.2
3,590820,2006,1,20,42.2,46.6,39.7
4,590820,2006,2,6,57.4,63.9,52.2
5,590820,2006,1,7,41.5,48.6,32.5
6,590820,2006,4,20,76.1,83.8,67.6
7,590820,2006,5,3,72.9,76.3,70.0
8,590820,2006,6,30,84.1,91.8,77.9
9,590820,2006,7,14,85.1,95.7,77.4
10,590820,2006,7,18,85.2,91.9,77.7
11,590820,2006,12,12,60.3,69.6,50.7
12,590820,2006,2,10,48.6,51.3,45.3
13,590820,2006,4,23,75.3,84.2,71.1
14,590820,2006,5,20,78.1,84.4,69.1
15,590820,2006,6,6,83.8,89.1,79.2
16,590820,2006,6,24,86.8,95.0,78.8
17,590820,2006,7,12,88.1,96.4,80.1
18,590820,2006,4,6,65.2,72.3,61.3
19,590820,2006,5,7,78.8,83.3,66.0
20,590820,2006,5,17,68.5,72.5,64.4
21,590820,2006,6,2,74.4,78.6,70.3
22,590820,2006,6,3,76.4,82.0,72.1
23,590820,2006,7,4,84.7,90.5,80.2
24,590820,2006,7,10,84.5,93.2,77.7
25,590820,2006,1,11,56.1,66.2,41.4
26,590820,2006,1,12,60.9,72.1,54.0
27,590820,2006,2,1,58.7,64.8,52.7
28,590820,2006,4,4,78.8,82.9,74.8
29,590820,2006,4,17,69.2,78.1,52.3
30,590820,2006,5,8,83.5,88.9,76.6
31,590820,2006,8,6,83.7,91.9,77.2
32,590820,2006,8,9,83.7,93.9,77.0
33,590820,2006,8,23,85.9,94.3,77.5
34,590820,2006,9,1,88.4,97.7,79.5
35,590820,2006,10,14,78.6,87.4,72.1
36,590820,2006,11,10,76.0,88.7,64.6
37,590820,2006,1,3,63.9,69.3,55.9
38,590820,2006,6,22,87.5,94.5,79.2
39,590820,2006,7,2,88.3,96.6,80.1
40,590820,2006,7,20,87.9,95.2,80.4
41,590820,2006,7,21,87.7,96.6,80.6
42,590820,2006,8,22,83.7,91.2,75.6
43,590820,2006,9,19,75.0,86.7,62.2
44,590820,2006,10,3,78.3,88.7,68.2
45,590820,2006,12,31,54.8,66.2,42.6
46,590820,2006,1,14,63.5,72.1,58.1
47,590820,2006,6,10,78.5,86.2,68.7
48,590820,2006,8,19,85.8,93.9,77.9
49,590820,2006,9,23,77.3,90.3,65.1
50,590820,2006,12,25,50.9,68.5,38.8
51,590820,2006,12,27,54.5,69.6,41.9
52,590820,2006,2,23,53.9,57.2,51.6
53,590820,2006,2,26,56.6,61.0,51.6
54,590820,2006,3,13,42.8,46.2,41.9
55,590820,2006,3,16,55.8,59.5,48.0
56,590820,2006,3,26,58.0,59.4,56.8
57,590820,2006,1,24,47.3,51.4,43.2
58,590820,2006,3,10,71.7,81.1,56.3
59,590820,2006,5,26,76.6,81.0,73.2
60,590820,2006,7,9,86.2,95.0,78.4
61,590820,2006,11,27,55.1,60.4,51.8
62,590820,2006,1,6,39.5,41.7,34.9
63,590820,2006,5,27,73.7,79.7,67.8
64,590820,2006,6,9,74.3,81.1,69.1
65,590820,2006,7,15,78.0,79.9,76.6
66,590820,2006,7,19,86.8,94.8,80.6
67,590820,2006,12,8,56.9,65.8,49.1
68,590820,2006,12,16,53.6,66.4,40.8
69,590820,2006,4,18,67.3,70.9,65.3
70,590820,2006,8,8,82.1,96.6,77.0
71,590820,2006,8,18,85.1,96.4,77.9
72,590820,2006,9,20,74.0,85.6,65.3
73,590820,2006,7,7,87.8,94.3,82.9
74,590820,2006,10,11,77.5,89.1,68.5
75,590820,2006,8,24,82.1,88.2,79.5
76,590820,2006,10,23,78.2,85.3,73.0
77,590820,2006,12,28,51.2,62.1,44.2
78,590820,2006,2,16,55.1,69.3,51.3
79,590820,2006,3,28,62.7,77.0,53.1
80,590820,2006,1,26,48.4,59.2,39.0
81,590820,2006,3,9,67.1,79.0,57.4
82,590820,2006,1,10,49.7,54.1,37.8
83,590820,2006,1,1,59.9,66.0,55.6
84,590820,2006,12,6,63.3,71.2,55.2
85,590820,2006,2,13,64.7,74.5,56.7
86,590820,2006,1,2,59.6,65.8,55.0
87,590820,2006,1,29,62.5,76.1,45.9
88,590820,2006,11,8,66.7,82.9,54.5
89,590820,2006,2,9,47.1,52.3,45.5
90,590820,2006,1,21,43.4,46.8,39.6
91,590820,2006,2,5,55.2,62.8,47.5
92,590820,2006,4,1,68.2,72.9,64.9
93,590820,2006,4,24,77.1,86.5,71.1
94,590820,2006,5,19,76.6,87.3,62.2
95,590820,2006,5,30,66.1,68.0,63.3
96,590820,2006,6,16,83.1,90.7,76.6
97,590820,2006,6,28,83.1,91.9,79.2
98,590820,2006,7,25,85.1,96.6,77.7
99,590820,2006,9,12,68.2,75.0,65.8
100,590820,2006,10,9,75.1,80.6,70.9
101,590820,2006,4,8,69.9,74.1,63.7
102,590820,2006,4,10,75.4,84.6,66.2
103,590820,2006,4,21,77.0,80.2,73.6
104,590820,2006,5,5,78.7,81.0,69.8
105,590820,2006,5,10,78.6,84.9,72.0
106,590820,2006,6,4,79.0,85.3,75.2
107,590820,2006,7,6,87.7,94.3,81.1
108,590820,2006,7,27,76.8,78.6,75.4
109,590820,2006,11,23,62.4,65.7,58.3
110,590820,2006,2,14,72.1,81.0,61.7
111,590820,2006,5,11,80.6,87.6,75.2
112,590820,2006,5,31,69.5,72.5,65.7
113,590820,2006,6,8,75.2,79.3,72.9
114,590820,2006,8,5,81.5,88.9,76.3
115,590820,2006,11,6,70.0,82.0,54.7
116,590820,2006,1,9,45.0,57.7,34.2
117,590820,2006,7,30,83.5,93.2,75.9
118,590820,2006,9,21,74.6,87.6,64.2
119,590820,2006,9,24,79.2,90.9,66.6
120,590820,2006,10,12,79.9,90.7,67.8
121,590820,2006,11,14,68.3,79.7,57.9
122,590820,2006,12,5,59.4,67.6,55.2
123,590820,2006,12,10,50.8,53.8,46.8
124,590820,2006,12,19,48.4,64.8,34.3
125,590820,2006,10,30,72.2,84.2,61.2
126,590820,2006,11,13,66.2,82.8,51.3
127,590820,2006,11,15,66.3,75.2,59.2
128,590820,2006,12,18,46.9,62.6,36.1
129,590820,2006,4,30,78.9,86.0,65.7
130,590820,2006,6,21,85.7,93.7,78.6
131,590820,2006,8,27,83.9,92.3,76.5
132,590820,2006,9,18,73.1,86.7,61.9
133,590820,2006,9,25,79.6,91.9,68.9
134,590820,2006,9,30,80.8,91.6,69.3
135,590820,2006,10,7,80.1,88.2,67.1
136,590820,2006,10,22,79.6,91.9,71.6
137,590820,2006,10,31,73.4,83.7,59.9
138,590820,2006,12,24,51.5,68.5,38.1
139,590820,2006,3,19,67.8,74.8,61.0
140,590820,2006,3,21,64.6,65.8,63.5
141,590820,2006,1,23,45.6,49.1,42.4
142,590820,2006,1,27,53.4,64.2,37.4
143,590820,2006,2,21,64.2,74.5,54.0
144,590820,2006,3,4,53.7,57.0,45.1
145,590820,2006,3,29,63.8,75.7,51.6
146,590820,2006,3,30,66.6,76.5,57.2
147,590820,2006,3,15,49.2,50.5,48.0
148,590820,2006,7,8,88.2,96.1,82.0
149,590820,2006,8,1,86.0,97.0,75.4
150,590820,2006,9,8,82.2,90.5,71.2
151,590820,2006,11,18,61.4,66.2,57.9
152,590820,2006,1,19,47.3,56.3,44.2
153,590820,2006,2,8,58.8,72.5,47.8
154,590820,2006,4,13,51.9,55.0,50.2
155,590820,2006,4,28,68.3,74.1,64.9
156,590820,2006,8,14,82.3,93.7,78.3
157,590820,2006,9,11,70.7,76.8,67.1
158,590820,2006,10,2,77.4,84.4,70.5
159,590820,2006,11,7,66.7,81.9,53.1
160,590820,2006,11,29,55.9,58.1,54.9
161,590820,2006,1,4,55.5,65.8,44.4
162,590820,2006,5,1,78.6,86.2,74.3
163,590820,2006,5,6,76.1,86.0,71.1
164,590820,2006,5,9,82.9,89.6,77.0
165,590820,2006,6,7,81.4,87.1,76.6
166,590820,2006,6,17,82.8,88.9,75.9
167,590820,2006,6,25,85.6,95.4,79.0
168,590820,2006,7,26,77.2,79.5,75.9
169,590820,2006,9,5,80.6,92.3,74.7
170,590820,2006,10,8,76.6,85.3,71.4
171,590820,2006,10,19,77.6,83.3,73.2
172,590820,2006,12,13,52.0,59.9,48.9
173,590820,2006,10,27,67.1,74.1,60.8
174,590820,2006,1,8,41.3,43.5,36.0
175,590820,2006,8,12,86.1,95.0,79.0
176,590820,2006,12,29,47.4,56.7,39.6
177,590820,2006,1,22,44.1,46.9,42.4
178,590820,2006,2,17,48.6,52.0,44.1
179,590820,2006,2,22,56.1,64.4,52.0
180,590820,2006,3,11,73.6,80.8,67.6
181,590820,2006,3,27,59.1,63.1,55.0
182,590820,2006,2,27,50.9,54.3,43.9
183,590820,2006,1,31,62.8,74.8,53.1
184,590820,2006,12,7,65.5,75.0,61.3
185,590820,2006,1,18,69.1,76.5,52.9
186,590820,2006,4,7,64.4,65.7,63.0
187,590820,2006,4,9,75.1,78.3,69.8
188,590820,2006,5,24,77.9,82.0,74.1
189,590820,2006,6,5,80.8,86.2,76.5
190,590820,2006,8,3,78.7,84.0,75.0
191,590820,2006,8,11,85.6,95.0,79.9
192,590820,2006,9,3,83.3,98.1,77.7
193,590820,2006,10,15,80.1,89.8,72.9
194,590820,2006,11,25,63.2,65.1,61.0
195,590820,2006,4,16,60.6,71.1,49.6
196,590820,2006,7,16,78.2,81.1,75.9
197,590820,2006,7,17,79.5,84.7,75.6
198,590820,2006,8,4,78.2,81.7,74.8
199,590820,2006,11,19,60.6,63.7,57.0
200,590820,2006,4,3,79.0,83.8,71.1
201,590820,2006,4,11,82.9,89.4,71.8
202,590820,2006,4,19,69.8,77.0,65.1
203,590820,2006,5,23,78.9,87.4,71.6
204,590820,2006,6,20,84.2,91.2,75.0
205,590820,2006,8,2,79.8,94.5,74.7
206,590820,2006,8,26,79.0,90.1,76.1
207,590820,2006,10,16,79.6,85.6,74.3
208,590820,2006,10,20,79.7,89.1,72.7
209,590820,2006,1,17,68.2,77.9,57.2
210,590820,2006,7,31,86.4,95.9,75.2
211,590820,2006,9,22,75.2,88.2,63.9
212,590820,2006,9,26,79.7,91.9,68.7
213,590820,2006,10,4,78.6,88.0,68.7
214,590820,2006,10,5,77.0,86.5,68.2
215,590820,2006,10,6,77.0,88.7,68.0
216,590820,2006,12,11,54.0,61.9,49.3
217,590820,2006,12,26,52.1,69.6,37.8
218,590820,2006,10,26,71.4,81.0,65.3
219,590820,2006,12,20,51.3,66.6,38.5
220,590820,2006,12,23,49.9,66.7,37.2
221,590820,2006,4,29,71.2,77.4,64.4
222,590820,2006,8,13,88.2,98.8,78.4
223,590820,2006,8,31,87.7,95.4,77.9
224,590820,2006,9,6,80.4,88.5,73.8
225,590820,2006,9,27,81.0,92.1,69.8
226,590820,2006,12,21,51.8,67.5,38.5
227,590820,2006,3,7,65.8,71.2,60.3
228,590820,2006,3,20,64.0,65.3,61.0
229,590820,2006,2,25,52.1,54.1,51.6
230,590820,2006,3,1,43.1,48.7,37.9
231,590820,2006,2,24,55.8,60.6,51.6
232,590820,2006,3,6,60.5,65.8,54.5
233,590820,2006,3,25,57.0,58.5,55.8
234,590820,2006,3,31,66.0,68.2,62.4
235,590820,2006,1,30,64.4,75.0,54.5
236,590820,2006,1,25,50.4,57.4,45.7
237,590820,2006,3,3,54.1,71.2,37.0
238,590820,2006,6,19,80.1,91.9,75.2
239,590820,2006,7,29,78.9,85.1,76.1
240,590820,2006,2,15,73.5,81.5,64.4
241,590820,2006,5,12,79.4,90.0,63.3
242,590820,2006,5,21,72.8,78.1,70.3
243,590820,2006,6,14,77.3,85.3,74.1
244,590820,2006,11,30,56.3,61.5,51.8
245,590820,2006,5,29,66.2,71.8,63.7
246,590820,2006,8,28,84.0,95.0,77.2
247,590820,2006,11,22,64.8,73.2,59.7
248,590820,2006,12,3,57.8,62.4,54.0
249,590820,2006,6,23,85.0,94.5,79.0
250,590820,2006,7,24,86.7,98.4,78.3
251,590820,2006,8,20,83.6,93.4,75.0
252,590820,2006,9,2,87.4,96.3,79.0
253,590820,2006,9,16,74.4,81.0,68.9
254,590820,2006,9,28,80.7,91.4,71.4
255,590820,2006,9,29,79.7,91.8,70.2
256,590820,2006,10,10,77.3,88.0,69.4
257,590820,2006,10,25,75.8,87.1,67.3
258,590820,2006,10,29,71.7,82.9,61.5
259,590820,2006,11,11,72.1,84.9,55.8
260,590820,2006,12,17,48.8,61.7,37.8
261,590820,2006,6,27,87.7,96.1,79.5
262,590820,2006,7,3,85.8,95.0,80.2
263,590820,2006,7,22,87.1,95.5,78.1
264,590820,2006,11,1,70.1,81.9,57.6
265,590820,2006,2,28,40.5,47.1,38.1
266,590820,2006,3,8,67.5,75.0,62.4
267,590820,2006,1,28,59.0,70.2,48.9
268,590820,2006,3,22,64.8,67.3,61.2
269,590820,2006,2,4,50.7,55.4,46.9
270,590820,2006,1,16,61.0,68.4,50.4
271,590820,2006,1,15,58.5,66.6,51.1
272,590820,2006,2,11,58.8,67.1,47.3
273,590820,2006,2,12,60.6,66.7,56.3
274,590820,2006,4,25,77.1,80.2,72.0
275,590820,2006,5,25,78.2,82.8,75.0
276,590820,2006,6,1,72.0,74.8,68.7
277,590820,2006,6,13,80.3,88.3,77.0
278,590820,2006,6,15,78.8,82.8,73.9
279,590820,2006,6,26,88.0,96.3,78.8
280,590820,2006,6,29,82.1,90.1,78.4
281,590820,2006,9,10,69.4,73.6,66.9
282,590820,2006,9,15,73.7,77.0,69.8
283,590820,2006,12,2,56.9,62.2,50.7
284,590820,2006,12,4,58.9,66.9,52.9
285,590820,2006,4,26,74.8,79.3,71.8
286,590820,2006,5,4,71.7,75.9,69.8
287,590820,2006,6,18,77.9,82.9,75.0
288,590820,2006,7,5,85.3,93.4,81.3
289,590820,2006,7,28,79.1,87.8,75.7
290,590820,2006,8,7,83.5,91.6,77.2
291,590820,2006,9,13,68.8,70.2,66.7
292,590820,2006,9,14,70.0,71.2,67.8
293,590820,2006,10,18,78.3,85.8,72.7
294,590820,2006,11,16,66.8,72.1,61.3
295,590820,2006,11,17,66.6,69.4,64.0
296,590820,2006,11,24,64.1,67.6,60.1
297,590820,2006,11,28,56.6,58.8,51.4
298,590820,2006,4,2,73.4,80.4,66.4
299,590820,2006,4,14,51.5,54.7,49.5
300,590820,2006,4,15,55.2,61.9,49.5
301,590820,2006,5,14,70.6,79.5,59.0
302,590820,2006,5,22,75.1,81.9,70.2
303,590820,2006,5,28,72.2,76.8,67.6
304,590820,2006,7,1,87.7,95.9,78.3
305,590820,2006,7,11,84.4,92.1,80.2
306,590820,2006,11,20,60.1,61.3,58.8
307,590820,2006,11,21,60.5,61.0,59.5
308,590820,2006,12,1,54.5,58.5,51.3
309,590820,2006,12,15,55.1,64.8,45.5
310,590820,2006,2,7,59.6,71.2,51.4
311,590820,2006,7,23,87.6,98.2,76.6
312,590820,2006,8,10,87.5,96.8,78.1
313,590820,2006,8,16,88.0,97.2,78.6
314,590820,2006,8,29,85.4,93.7,76.8
315,590820,2006,11,9,73.5,86.2,61.2
316,590820,2006,1,13,62.3,71.2,53.8
317,590820,2006,2,2,62.3,73.4,54.5
318,590820,2006,5,15,75.2,84.7,62.4
319,590820,2006,6,11,80.7,90.5,71.1
320,590820,2006,8,15,86.5,95.2,77.5
321,590820,2006,9,4,85.4,93.4,77.5
322,590820,2006,10,13,79.3,90.1,70.9
323,590820,2006,11,4,65.1,83.7,51.3
324,590820,2006,11,5,66.3,85.8,51.3
325,590820,2006,6,12,80.8,87.4,74.8
326,590820,2006,8,21,82.8,92.5,74.7
327,590820,2006,9,7,84.1,93.0,76.6
328,590820,2006,10,28,71.3,81.9,60.4
329,590820,2006,11,3,64.8,81.7,51.1
330,590820,2006,2,18,44.6,47.3,43.2
331,590820,2006,2,19,47.4,51.3,43.0
332,590820,2006,2,20,53.7,58.5,45.9
333,590820,2006,3,5,55.9,58.5,53.1
334,590820,2006,3,14,48.1,50.7,41.0
335,590820,2006,3,18,66.9,79.0,59.2
336,590820,2006,3,24,59.4,62.6,56.5
337,590820,2006,3,17,60.0,62.4,55.8
338,590820,2006,4,12,68.6,85.3,53.2
339,590820,2006,4,22,76.3,82.4,71.4
340,590820,2006,5,18,71.6,82.0,62.8
341,590820,2006,9,9,70.0,78.1,66.9
342,590820,2006,10,1,76.1,81.9,72.5
343,590820,2006,10,21,79.5,89.2,72.0
344,590820,2006,11,26,59.3,64.2,55.4
345,590820,2006,12,9,48.6,51.1,47.1
346,590820,2006,4,27,73.4,80.1,68.7
347,590820,2006,5,16,68.5,75.4,64.6
348,590820,2006,8,17,86.1,98.6,79.2
349,590820,2006,10,17,78.4,82.4,73.9
350,590820,2006,12,14,50.8,55.4,45.9
351,590820,2006,1,5,43.0,45.9,40.6
352,590820,2006,4,5,77.6,87.3,70.9
353,590820,2006,5,2,74.4,83.5,70.5
354,590820,2006,7,13,84.0,98.2,77.7
355,590820,2006,8,30,85.5,93.0,78.1
356,590820,2006,9,17,73.3,84.6,62.8
357,590820,2006,10,24,78.7,87.8,71.4
358,590820,2006,11,2,65.4,81.0,52.9
359,590820,2006,2,3,52.5,59.9,47.3
360,590820,2006,11,12,63.9,80.1,52.0
361,590820,2006,8,25,80.6,92.1,76.5
362,590820,2006,3,12,52.4,71.8,44.4
363,590820,2006,3,23,60.6,65.3,56.7
364,590820,2006,3,2,48.6,62.6,38.5
0,590820,2007,9,25,79.8,86.5,75.0
1,590820,2007,1,1,59.4,67.5,49.3
2,590820,2007,3,10,52.4,53.8,48.7
3,590820,2007,4,12,68.4,76.5,58.1
4,590820,2007,4,21,74.5,77.0,70.7
5,590820,2007,4,25,67.7,73.8,61.9
6,590820,2007,5,21,77.7,84.7,73.0
7,590820,2007,6,15,80.8,90.9,71.4
8,590820,2007,6,29,80.5,84.9,78.3
9,590820,2007,7,2,81.2,90.1,77.0
10,590820,2007,9,5,73.0,76.5,70.0
11,590820,2007,1,4,46.0,48.7,43.9
12,590820,2007,1,21,47.4,48.6,46.0
13,590820,2007,2,23,64.8,74.5,52.3
14,590820,2007,3,15,63.9,66.2,57.4
15,590820,2007,4,8,62.1,69.3,57.0
16,590820,2007,5,15,84.4,91.0,75.9
17,590820,2007,5,29,84.5,93.0,75.6
18,590820,2007,7,3,84.7,92.3,76.5
19,590820,2007,7,5,84.4,91.9,80.6
20,590820,2007,8,8,90.2,100.4,78.8
21,590820,2007,8,10,86.6,96.1,80.6
22,590820,2007,1,5,48.2,54.1,44.1
23,590820,2007,1,6,47.6,51.6,45.0
24,590820,2007,2,2,48.5,66.0,34.7
25,590820,2007,2,3,51.2,69.8,35.6
26,590820,2007,2,7,64.4,78.8,50.5
27,590820,2007,2,8,67.1,81.0,54.0
28,590820,2007,3,3,73.0,78.1,65.8
29,590820,2007,3,30,79.0,82.9,71.1
30,590820,2007,4,13,72.6,82.8,62.1
31,590820,2007,5,13,74.7,81.0,68.5
32,590820,2007,6,21,86.5,94.1,77.9
33,590820,2007,7,24,90.3,98.4,81.3
34,590820,2007,9,16,80.4,90.3,73.0
35,590820,2007,9,20,78.8,86.2,72.1
36,590820,2007,10,7,83.3,93.2,71.1
37,590820,2007,11,7,65.0,79.0,52.3
38,590820,2007,11,8,66.6,79.9,52.5
39,590820,2007,11,20,59.9,71.4,49.1
40,590820,2007,11,29,51.0,68.7,37.4
41,590820,2007,1,8,48.8,57.4,41.9
42,590820,2007,5,3,81.4,90.5,67.3
43,590820,2007,5,9,78.2,89.8,65.3
44,590820,2007,5,31,87.0,93.6,81.1
45,590820,2007,6,22,88.6,95.5,79.0
46,590820,2007,7,11,88.0,96.1,79.0
47,590820,2007,7,14,89.0,95.4,82.4
48,590820,2007,7,15,89.3,97.3,82.8
49,590820,2007,7,29,89.6,98.4,80.2
50,590820,2007,9,18,79.7,87.1,70.5
51,590820,2007,9,26,82.8,92.3,75.4
52,590820,2007,9,30,79.9,88.0,73.4
53,590820,2007,10,10,73.0,81.0,61.5
54,590820,2007,10,12,79.5,86.7,69.8
55,590820,2007,10,28,75.4,88.0,64.9
56,590820,2007,11,11,62.4,77.2,50.5
57,590820,2007,11,14,69.0,83.3,59.5
58,590820,2007,12,14,58.2,63.0,50.0
59,590820,2007,12,16,61.8,74.7,49.1
60,590820,2007,2,16,66.0,69.1,55.2
61,590820,2007,2,19,56.5,61.2,53.1
62,590820,2007,2,21,58.3,59.7,56.5
63,590820,2007,3,23,72.7,76.6,68.9
64,590820,2007,4,6,55.8,57.6,50.9
65,590820,2007,5,25,79.2,87.3,72.9
66,590820,2007,5,27,81.1,87.6,73.6
67,590820,2007,6,2,81.9,87.4,75.4
68,590820,2007,8,18,85.1,96.1,77.5
69,590820,2007,8,22,78.8,80.4,75.0
70,590820,2007,9,24,77.1,80.8,71.6
71,590820,2007,1,29,48.7,67.3,34.5
72,590820,2007,1,31,53.5,71.8,38.5
73,590820,2007,2,11,63.9,73.4,50.0
74,590820,2007,6,19,84.8,93.4,76.8
75,590820,2007,8,1,90.3,99.0,82.6
76,590820,2007,8,3,91.7,100.4,81.7
77,590820,2007,8,4,90.9,99.3,83.7
78,590820,2007,9,7,78.4,86.7,70.9
79,590820,2007,9,17,80.9,90.3,72.9
80,590820,2007,10,23,71.3,84.9,60.4
81,590820,2007,10,24,72.7,86.9,61.2
82,590820,2007,11,15,69.0,84.6,58.6
83,590820,2007,11,30,52.0,71.2,37.8
84,590820,2007,12,4,54.3,67.6,43.9
85,590820,2007,12,6,56.1,66.7,46.9
86,590820,2007,1,2,53.7,60.1,48.0
87,590820,2007,3,24,70.0,76.5,66.4
88,590820,2007,5,6,76.5,91.2,64.8
89,590820,2007,6,12,76.3,78.6,74.8
90,590820,2007,7,6,85.0,92.3,79.7
91,590820,2007,8,11,84.4,90.7,79.7
92,590820,2007,10,2,79.9,90.7,75.4
93,590820,2007,12,22,55.4,58.1,53.8
94,590820,2007,1,3,46.9,50.0,44.1
95,590820,2007,2,22,59.8,65.3,55.2
96,590820,2007,4,2,60.3,72.9,55.8
97,590820,2007,5,28,81.9,91.8,75.6
98,590820,2007,6,6,79.9,87.8,76.1
99,590820,2007,7,21,87.8,96.8,80.4
100,590820,2007,8,9,87.0,95.4,80.8
101,590820,2007,8,19,86.2,94.5,78.6
102,590820,2007,8,21,77.7,79.2,75.2
103,590820,2007,9,9,79.5,87.1,76.1
104,590820,2007,11,1,59.6,64.2,57.7
105,590820,2007,7,10,86.6,93.2,80.1
106,590820,2007,9,15,79.4,83.8,73.9
107,590820,2007,9,22,80.6,88.3,72.9
108,590820,2007,10,6,82.2,93.6,71.8
109,590820,2007,12,28,56.5,64.0,52.2
110,590820,2007,1,16,55.4,70.9,47.5
111,590820,2007,5,12,75.0,84.2,68.9
112,590820,2007,12,12,66.9,82.2,55.0
113,590820,2007,2,14,59.1,67.3,57.0
114,590820,2007,4,17,66.0,78.3,55.8
115,590820,2007,4,23,71.7,75.4,67.6
116,590820,2007,5,5,72.1,77.9,69.3
117,590820,2007,8,5,87.3,101.1,79.5
118,590820,2007,8,12,85.2,97.0,78.4
119,590820,2007,8,25,79.9,88.3,76.3
120,590820,2007,3,20,55.9,66.2,48.2
121,590820,2007,10,13,73.8,82.8,67.6
122,590820,2007,3,18,50.4,52.0,49.1
123,590820,2007,5,23,84.2,91.6,78.4
124,590820,2007,3,5,55.4,64.9,48.7
125,590820,2007,9,4,73.5,79.7,70.2
126,590820,2007,3,19,52.8,55.2,48.9
127,590820,2007,3,2,70.2,78.1,60.6
128,590820,2007,3,26,69.4,77.5,63.3
129,590820,2007,5,1,75.0,90.1,60.1
130,590820,2007,9,13,82.0,93.2,74.8
131,590820,2007,10,3,80.3,87.4,75.2
132,590820,2007,1,22,48.3,49.8,46.2
133,590820,2007,4,7,59.0,61.9,54.7
134,590820,2007,5,20,74.1,77.7,68.0
135,590820,2007,7,19,88.5,95.5,83.7
136,590820,2007,8,30,85.2,93.7,77.4
137,590820,2007,3,21,62.1,72.5,47.5
138,590820,2007,3,29,74.5,78.3,67.1
139,590820,2007,8,15,79.5,86.4,74.1
140,590820,2007,8,31,83.2,93.4,77.9
141,590820,2007,12,5,54.3,65.3,43.5
142,590820,2007,12,9,60.0,72.1,47.1
143,590820,2007,1,30,51.7,71.1,36.7
144,590820,2007,4,18,65.4,76.8,54.0
145,590820,2007,5,11,84.9,94.3,73.8
146,590820,2007,7,7,87.4,93.9,79.0
147,590820,2007,8,2,90.8,99.9,82.2
148,590820,2007,10,17,66.6,78.8,56.8
149,590820,2007,11,23,61.4,75.0,48.9
150,590820,2007,1,13,50.0,54.3,46.6
151,590820,2007,2,18,55.2,57.6,53.1
152,590820,2007,3,9,50.3,52.9,46.2
153,590820,2007,3,14,59.1,61.3,54.9
154,590820,2007,4,26,73.6,81.0,62.8
155,590820,2007,4,28,67.7,70.0,64.6
156,590820,2007,5,7,77.6,93.2,63.5
157,590820,2007,6,5,79.2,89.4,72.5
158,590820,2007,6,30,79.9,89.1,77.7
159,590820,2007,7,20,89.3,96.8,83.3
160,590820,2007,8,26,82.2,93.9,76.1
161,590820,2007,12,21,60.6,68.9,55.6
162,590820,2007,2,6,61.3,76.8,46.8
163,590820,2007,7,28,89.2,98.6,80.6
164,590820,2007,7,31,90.0,98.4,82.4
165,590820,2007,10,20,67.6,81.7,57.0
166,590820,2007,10,27,73.6,86.7,63.0
167,590820,2007,11,13,66.3,80.2,53.1
168,590820,2007,11,25,65.3,72.3,54.0
169,590820,2007,2,15,57.1,58.6,55.4
170,590820,2007,5,4,70.8,77.9,69.4
171,590820,2007,5,17,73.8,81.0,68.7
172,590820,2007,1,23,48.6,52.0,46.2
173,590820,2007,2,27,64.5,71.4,59.4
174,590820,2007,3,17,53.9,57.7,50.2
175,590820,2007,5,16,76.9,89.2,71.4
176,590820,2007,6,4,80.5,92.7,72.9
177,590820,2007,1,9,47.6,60.4,38.7
178,590820,2007,1,28,48.1,62.6,36.1
179,590820,2007,7,25,89.7,98.8,81.0
180,590820,2007,10,19,69.1,80.8,57.4
181,590820,2007,11,19,58.6,66.0,50.7
182,590820,2007,1,24,46.2,50.7,41.9
183,590820,2007,2,10,55.2,61.3,51.1
184,590820,2007,4,27,73.8,81.5,65.1
185,590820,2007,4,29,67.0,71.2,63.1
186,590820,2007,6,13,78.9,86.9,73.6
187,590820,2007,9,3,77.9,85.1,75.0
188,590820,2007,9,28,83.4,95.0,74.8
189,590820,2007,2,1,49.9,63.3,36.7
190,590820,2007,7,26,88.9,98.4,80.6
191,590820,2007,10,8,73.3,79.3,69.1
192,590820,2007,12,17,62.8,72.7,57.4
193,590820,2007,2,28,63.4,66.9,58.8
194,590820,2007,3,8,46.3,47.5,43.0
195,590820,2007,3,7,44.5,47.1,42.3
196,590820,2007,12,13,56.5,61.9,53.4
197,590820,2007,1,26,44.5,57.4,36.1
198,590820,2007,1,19,50.8,56.5,44.6
199,590820,2007,3,31,77.8,79.9,76.3
200,590820,2007,6,9,75.5,80.1,74.3
201,590820,2007,6,18,81.6,88.7,77.2
202,590820,2007,7,4,84.7,93.7,78.1
203,590820,2007,7,16,89.7,96.6,81.9
204,590820,2007,7,22,89.1,97.5,79.7
205,590820,2007,12,19,54.1,56.1,50.4
206,590820,2007,12,20,56.7,59.4,54.5
207,590820,2007,3,1,62.9,64.2,59.9
208,590820,2007,3,13,56.3,58.3,52.2
209,590820,2007,3,28,67.8,72.1,63.9
210,590820,2007,4,11,66.3,78.3,57.9
211,590820,2007,6,11,81.8,88.2,76.6
212,590820,2007,6,25,89.1,96.4,83.7
213,590820,2007,8,23,82.2,86.7,77.7
214,590820,2007,8,29,84.8,93.2,75.9
215,590820,2007,10,1,83.8,90.5,74.7
216,590820,2007,12,24,56.2,60.6,51.4
217,590820,2007,2,26,66.5,76.8,54.5
218,590820,2007,4,19,72.6,82.4,54.7
219,590820,2007,5,2,78.2,92.1,62.8
220,590820,2007,6,24,89.6,96.6,83.5
221,590820,2007,9,21,80.0,87.6,71.2
222,590820,2007,10,22,70.3,84.4,58.6
223,590820,2007,10,25,74.2,86.7,62.8
224,590820,2007,11,2,62.7,68.2,57.6
225,590820,2007,11,3,64.8,71.2,57.6
226,590820,2007,11,4,65.9,75.0,59.5
227,590820,2007,12,26,58.9,66.6,52.0
228,590820,2007,1,15,55.0,68.2,44.2
229,590820,2007,1,27,49.4,64.2,35.6
230,590820,2007,4,16,78.2,88.9,68.2
231,590820,2007,5,30,87.1,95.0,77.5
232,590820,2007,6,23,89.2,96.3,82.9
233,590820,2007,9,12,81.3,89.6,75.0
234,590820,2007,10,21,68.4,82.4,56.5
235,590820,2007,10,30,67.4,73.2,61.3
236,590820,2007,11,10,63.2,79.2,50.7
237,590820,2007,11,12,62.6,78.1,50.9
238,590820,2007,11,22,60.3,73.9,49.8
239,590820,2007,12,11,67.5,79.2,53.2
240,590820,2007,2,12,67.3,70.0,61.5
241,590820,2007,4,4,49.6,52.2,47.1
242,590820,2007,4,20,74.5,80.1,68.5
243,590820,2007,5,18,70.8,75.6,67.1
244,590820,2007,5,22,78.8,80.8,74.3
245,590820,2007,8,17,83.9,93.6,74.5
246,590820,2007,9,27,83.1,92.8,75.7
247,590820,2007,12,29,53.3,55.2,51.4
248,590820,2007,3,22,70.4,79.7,59.7
249,590820,2007,7,8,87.5,93.7,81.7
250,590820,2007,7,13,88.7,97.5,79.2
251,590820,2007,8,6,87.6,99.7,78.6
252,590820,2007,8,7,88.5,99.3,78.4
253,590820,2007,9,6,77.0,84.4,71.1
254,590820,2007,11,21,61.2,73.6,50.2
255,590820,2007,12,1,57.7,72.0,39.9
256,590820,2007,2,17,64.3,73.9,55.2
257,590820,2007,2,24,62.0,65.5,58.5
258,590820,2007,3,11,53.9,57.6,51.1
259,590820,2007,3,16,59.0,68.4,53.4
260,590820,2007,6,3,82.0,86.5,77.7
261,590820,2007,6,17,80.1,88.2,77.4
262,590820,2007,7,17,87.6,95.5,82.9
263,590820,2007,8,20,78.9,81.0,76.5
264,590820,2007,9,2,80.6,87.3,75.9
265,590820,2007,3,25,67.1,72.3,64.2
266,590820,2007,6,8,78.9,85.1,74.5
267,590820,2007,6,27,84.7,91.0,80.2
268,590820,2007,12,3,54.3,65.5,44.8
269,590820,2007,1,7,47.4,54.9,42.4
270,590820,2007,2,25,62.7,71.8,57.0
271,590820,2007,9,19,78.8,86.7,72.5
272,590820,2007,10,15,68.2,72.3,65.5
273,590820,2007,11,28,50.0,64.9,38.7
274,590820,2007,10,9,70.7,77.9,62.2
275,590820,2007,11,6,65.9,80.1,53.2
276,590820,2007,12,7,52.4,63.9,41.5
277,590820,2007,1,20,47.8,49.8,46.2
278,590820,2007,4,24,64.8,69.8,62.1
279,590820,2007,4,30,71.0,84.6,61.5
280,590820,2007,5,19,70.2,72.7,68.4
281,590820,2007,5,24,83.6,90.7,74.1
282,590820,2007,8,24,81.3,91.4,77.7
283,590820,2007,9,10,77.4,81.1,74.8
284,590820,2007,1,17,47.4,50.5,46.0
285,590820,2007,9,29,82.6,93.7,73.9
286,590820,2007,11,18,59.2,62.6,57.6
287,590820,2007,11,27,55.1,65.1,41.7
288,590820,2007,4,5,51.6,52.9,48.0
289,590820,2007,3,6,44.9,50.4,42.6
290,590820,2007,1,14,52.7,63.3,45.5
291,590820,2007,3,12,52.9,54.9,50.2
292,590820,2007,3,27,66.7,74.3,61.9
293,590820,2007,6,10,80.8,88.0,74.1
294,590820,2007,6,28,81.1,88.0,77.5
295,590820,2007,7,1,81.1,88.2,76.8
296,590820,2007,7,18,86.4,91.9,82.8
297,590820,2007,10,31,65.0,69.1,62.2
298,590820,2007,4,9,63.9,71.1,55.8
299,590820,2007,4,14,70.1,76.5,67.5
300,590820,2007,6,16,83.5,92.8,73.2
301,590820,2007,1,10,52.3,65.3,36.7
302,590820,2007,2,9,67.4,80.2,55.2
303,590820,2007,4,15,76.1,86.5,68.9
304,590820,2007,7,9,87.6,94.3,82.4
305,590820,2007,7,23,89.2,98.2,81.9
306,590820,2007,10,18,69.5,80.8,56.7
307,590820,2007,11,16,69.6,84.4,58.3
308,590820,2007,11,24,62.6,76.1,50.7
309,590820,2007,1,18,49.0,55.4,45.5
310,590820,2007,2,5,58.9,75.2,42.8
311,590820,2007,5,8,78.1,90.9,63.9
312,590820,2007,5,10,82.6,93.2,67.6
313,590820,2007,5,14,81.6,89.8,70.3
314,590820,2007,6,20,86.1,94.5,77.2
315,590820,2007,7,12,86.9,97.5,80.2
316,590820,2007,9,8,80.8,88.5,73.2
317,590820,2007,9,14,83.2,92.3,75.2
318,590820,2007,10,5,81.7,92.3,72.9
319,590820,2007,10,11,77.3,86.2,69.1
320,590820,2007,12,8,53.0,66.9,39.9
321,590820,2007,1,11,54.2,61.7,48.9
322,590820,2007,2,20,57.5,58.8,54.9
323,590820,2007,8,16,75.6,78.1,74.1
324,590820,2007,2,4,55.7,71.1,41.7
325,590820,2007,7,27,89.3,97.7,79.9
326,590820,2007,7,30,90.0,97.9,82.2
327,590820,2007,9,11,77.9,81.1,74.7
328,590820,2007,10,26,72.9,86.0,63.9
329,590820,2007,11,17,65.6,75.0,58.8
330,590820,2007,12,27,62.4,71.8,55.0
331,590820,2007,2,13,68.3,75.6,62.8
332,590820,2007,3,4,63.5,74.3,55.9
333,590820,2007,6,7,78.2,85.3,75.7
334,590820,2007,8,13,81.5,93.7,76.5
335,590820,2007,8,27,80.2,91.2,75.7
336,590820,2007,9,1,81.1,91.4,76.6
337,590820,2007,12,18,56.5,59.2,53.4
338,590820,2007,12,25,55.5,59.4,52.7
339,590820,2007,1,25,45.2,54.0,38.1
340,590820,2007,4,10,62.8,69.3,58.1
341,590820,2007,5,26,75.1,77.9,73.8
342,590820,2007,6,1,85.3,93.6,75.4
343,590820,2007,6,26,88.6,96.3,82.8
344,590820,2007,8,14,78.5,91.4,74.5
345,590820,2007,9,23,74.4,77.9,71.8
346,590820,2007,12,30,51.8,56.8,47.5
347,590820,2007,10,16,64.5,71.2,57.9
348,590820,2007,11,5,66.7,78.1,55.4
349,590820,2007,11,9,64.8,80.1,51.8
350,590820,2007,12,31,50.0,56.1,46.0
351,590820,2007,10,14,70.0,76.3,65.8
352,590820,2007,11,26,63.3,68.9,55.9
353,590820,2007,12,15,58.4,70.7,50.5
354,590820,2007,1,12,48.8,51.1,46.8
355,590820,2007,4,1,74.2,79.3,67.8
356,590820,2007,4,3,51.6,57.7,47.3
357,590820,2007,4,22,76.3,79.2,70.9
358,590820,2007,6,14,76.4,83.8,71.8
359,590820,2007,12,2,59.3,72.7,50.2
360,590820,2007,12,23,53.1,54.9,51.6
361,590820,2007,10,4,82.4,92.5,73.6
362,590820,2007,10,29,68.7,79.9,61.5
363,590820,2007,12,10,63.5,76.8,54.3
0,590820,2008,2,10,44.6,47.7,41.9
1,590820,2008,7,3,85.9,92.1,79.9
2,590820,2008,5,8,81.6,90.0,72.3
3,590820,2008,8,1,84.6,93.0,77.5
4,590820,2008,2,3,40.4,47.1,35.6
5,590820,2008,2,27,50.5,59.7,43.0
6,590820,2008,7,29,85.7,95.4,79.2
7,590820,2008,10,15,76.2,86.0,67.3
8,590820,2008,1,11,74.0,80.1,69.8
9,590820,2008,2,19,52.7,57.0,49.1
10,590820,2008,5,20,75.7,83.8,67.1
11,590820,2008,7,2,84.8,91.8,77.7
12,590820,2008,7,17,88.7,97.3,80.1
13,590820,2008,8,9,84.5,95.2,76.5
14,590820,2008,9,16,85.6,95.7,77.5
15,590820,2008,11,13,60.4,75.4,48.2
16,590820,2008,11,16,69.0,81.9,59.2
17,590820,2008,11,26,61.5,71.4,51.4
18,590820,2008,12,7,49.3,63.9,36.1
19,590820,2008,12,24,52.0,64.8,43.9
20,590820,2008,2,13,48.4,54.7,42.1
21,590820,2008,3,3,60.8,77.7,43.9
22,590820,2008,3,16,71.2,76.6,64.2
23,590820,2008,4,6,78.8,86.0,70.5
24,590820,2008,5,14,76.5,88.3,62.4
25,590820,2008,9,10,85.1,95.5,77.0
26,590820,2008,10,10,79.6,89.8,70.2
27,590820,2008,1,3,46.8,62.2,34.3
28,590820,2008,4,24,68.9,78.1,58.8
29,590820,2008,5,12,76.3,90.3,64.2
30,590820,2008,7,5,86.9,94.5,80.4
31,590820,2008,7,22,87.4,93.6,82.0
32,590820,2008,7,23,87.9,94.1,82.2
33,590820,2008,8,29,88.2,95.9,78.4
34,590820,2008,9,22,88.6,99.5,77.5
35,590820,2008,11,14,63.3,78.8,50.5
36,590820,2008,11,20,55.2,63.9,45.5
37,590820,2008,11,21,58.2,69.1,50.4
38,590820,2008,12,11,55.6,74.1,42.1
39,590820,2008,9,18,83.0,95.0,77.7
40,590820,2008,7,11,84.1,93.7,78.4
41,590820,2008,12,31,46.2,57.4,35.8
42,590820,2008,1,12,55.4,72.3,46.6
43,590820,2008,2,7,44.3,49.5,39.4
44,590820,2008,8,10,83.4,97.7,76.3
45,590820,2008,10,24,73.5,81.7,66.9
46,590820,2008,12,5,52.5,61.5,44.1
47,590820,2008,9,12,82.6,90.3,75.7
48,590820,2008,10,8,75.2,84.4,69.1
49,590820,2008,10,23,74.7,80.2,70.2
50,590820,2008,12,30,50.2,53.4,46.6
51,590820,2008,10,27,69.7,76.6,62.6
52,590820,2008,11,23,61.7,71.2,55.4
53,590820,2008,10,18,79.2,88.0,70.3
54,590820,2008,10,21,78.9,88.3,70.5
55,590820,2008,10,31,73.9,79.0,69.8
56,590820,2008,12,22,42.8,50.0,39.2
57,590820,2008,1,10,69.3,76.6,56.5
58,590820,2008,7,16,86.0,95.2,79.7
59,590820,2008,6,11,81.3,89.8,75.2
60,590820,2008,7,15,84.2,90.1,77.7
61,590820,2008,6,22,86.9,94.6,76.6
62,590820,2008,10,17,79.4,87.8,68.4
63,590820,2008,11,12,57.4,71.6,46.6
64,590820,2008,12,19,57.6,74.7,45.7
65,590820,2008,1,4,49.4,66.0,36.7
66,590820,2008,8,14,87.9,95.4,78.4
67,590820,2008,8,20,89.0,100.4,79.0
68,590820,2008,12,8,50.7,66.7,39.9
69,590820,2008,12,10,53.7,73.0,40.1
70,590820,2008,12,25,55.8,67.1,44.8
71,590820,2008,1,9,62.3,73.4,55.0
72,590820,2008,2,22,68.1,81.9,51.1
73,590820,2008,5,23,81.6,88.2,75.2
74,590820,2008,8,2,84.2,90.9,78.4
75,590820,2008,9,19,85.4,94.8,76.5
76,590820,2008,11,22,59.7,65.3,50.2
77,590820,2008,12,13,61.7,74.3,51.4
78,590820,2008,12,17,52.6,71.2,41.0
79,590820,2008,12,23,46.7,53.4,38.8
80,590820,2008,9,27,75.4,81.5,72.1
81,590820,2008,3,23,64.3,78.4,52.0
82,590820,2008,11,18,58.9,63.7,55.6
83,590820,2008,4,30,75.2,80.1,70.9
84,590820,2008,7,1,82.2,89.2,78.3
85,590820,2008,1,15,42.8,47.5,40.5
86,590820,2008,8,19,87.9,95.7,79.2
87,590820,2008,1,23,45.3,56.1,39.7
88,590820,2008,8,7,82.9,91.2,77.2
89,590820,2008,11,19,56.4,65.8,45.9
90,590820,2008,5,5,67.0,70.9,64.9
91,590820,2008,1,24,44.4,52.0,39.7
92,590820,2008,4,13,66.1,70.0,63.9
93,590820,2008,4,18,78.5,86.5,68.4
94,590820,2008,6,1,74.1,77.2,70.9
95,590820,2008,12,29,51.1,53.6,48.2
96,590820,2008,1,18,45.9,50.0,41.9
97,590820,2008,1,28,38.3,39.9,36.1
98,590820,2008,3,25,59.5,62.8,56.7
99,590820,2008,5,17,77.8,84.2,73.8
100,590820,2008,5,25,78.6,86.7,73.4
101,590820,2008,6,8,79.6,87.3,76.3
102,590820,2008,1,27,37.3,39.0,35.1
103,590820,2008,2,18,51.3,54.7,48.6
104,590820,2008,5,26,80.1,88.2,75.4
105,590820,2008,6,7,79.1,86.7,71.1
106,590820,2008,6,19,82.2,89.2,72.9
107,590820,2008,11,1,73.7,79.5,69.6
108,590820,2008,2,25,55.6,63.3,45.7
109,590820,2008,4,2,56.3,58.1,55.4
110,590820,2008,4,16,73.8,86.0,68.0
111,590820,2008,4,19,75.0,81.5,71.2
112,590820,2008,9,2,81.3,93.7,75.0
113,590820,2008,9,5,79.2,88.7,72.3
114,590820,2008,11,7,67.7,77.4,59.7
115,590820,2008,1,26,38.1,40.3,35.2
116,590820,2008,1,30,38.1,40.8,36.1
117,590820,2008,3,18,70.1,73.6,65.7
118,590820,2008,3,22,60.4,66.4,56.7
119,590820,2008,3,30,58.1,62.6,55.6
120,590820,2008,5,18,72.5,77.5,70.0
121,590820,2008,5,24,78.5,88.2,73.6
122,590820,2008,8,4,86.5,97.7,76.3
123,590820,2008,8,23,78.3,84.7,76.3
124,590820,2008,2,5,41.1,43.0,39.6
125,590820,2008,3,31,54.6,56.7,54.1
126,590820,2008,4,11,76.6,78.8,72.7
127,590820,2008,4,12,65.8,77.2,64.0
128,590820,2008,6,15,78.5,85.8,75.7
129,590820,2008,9,7,80.0,92.5,74.5
130,590820,2008,9,24,82.0,88.0,76.6
131,590820,2008,7,20,83.5,94.3,77.0
132,590820,2008,1,31,37.6,39.9,36.0
133,590820,2008,3,27,70.6,81.9,53.8
134,590820,2008,6,9,79.2,84.9,74.3
135,590820,2008,7,8,80.0,87.3,76.3
136,590820,2008,8,6,81.1,86.4,77.2
137,590820,2008,8,12,80.8,87.6,76.1
138,590820,2008,3,12,71.0,81.1,59.5
139,590820,2008,3,21,67.6,69.8,63.5
140,590820,2008,5,6,68.4,71.1,64.8
141,590820,2008,6,13,76.1,78.1,73.4
142,590820,2008,7,9,81.1,86.0,76.6
143,590820,2008,2,29,49.6,58.1,38.7
144,590820,2008,6,27,80.1,83.7,76.8
145,590820,2008,6,28,77.0,80.6,75.6
146,590820,2008,6,5,79.9,92.8,72.3
147,590820,2008,6,6,72.9,77.9,71.1
148,590820,2008,10,5,68.7,75.6,67.1
149,590820,2008,11,17,67.2,78.3,59.4
150,590820,2008,5,28,78.0,88.0,73.6
151,590820,2008,6,25,84.6,90.3,78.3
152,590820,2008,7,30,80.3,92.1,75.9
153,590820,2008,2,9,45.8,52.7,37.4
154,590820,2008,6,4,81.4,94.3,73.0
155,590820,2008,6,23,88.0,96.1,78.8
156,590820,2008,10,29,78.0,88.0,65.5
157,590820,2008,10,1,73.5,81.5,68.0
158,590820,2008,9,9,83.9,94.3,74.8
159,590820,2008,2,12,45.5,55.0,35.8
160,590820,2008,3,11,64.0,72.5,59.5
161,590820,2008,3,14,66.5,71.6,61.0
162,590820,2008,4,15,75.2,82.0,69.8
163,590820,2008,5,22,78.5,83.8,73.6
164,590820,2008,8,13,85.5,93.2,77.4
165,590820,2008,3,2,58.5,77.7,41.4
166,590820,2008,3,24,65.9,81.9,49.8
167,590820,2008,4,5,72.7,78.1,61.7
168,590820,2008,5,1,78.6,84.7,70.5
169,590820,2008,6,3,77.1,84.2,71.6
170,590820,2008,9,25,82.5,91.6,75.7
171,590820,2008,10,7,72.8,81.7,63.7
172,590820,2008,11,8,62.4,66.9,59.7
173,590820,2008,2,28,54.2,60.6,44.4
174,590820,2008,4,14,71.0,76.3,63.7
175,590820,2008,6,20,85.4,91.6,78.6
176,590820,2008,6,24,89.9,98.8,80.1
177,590820,2008,8,22,87.7,95.2,78.8
178,590820,2008,9,1,81.3,90.7,75.0
179,590820,2008,9,13,83.3,91.8,75.6
180,590820,2008,10,11,76.8,85.5,70.7
181,590820,2008,10,22,79.1,87.1,70.2
182,590820,2008,11,24,60.3,69.1,55.4
183,590820,2008,12,18,54.5,72.7,41.7
184,590820,2008,12,20,60.2,77.9,46.2
185,590820,2008,1,7,56.3,72.9,44.2
186,590820,2008,2,8,44.7,54.0,36.7
187,590820,2008,3,4,58.9,76.3,46.2
188,590820,2008,3,6,64.2,78.3,50.2
189,590820,2008,5,13,75.4,87.4,64.2
190,590820,2008,7,4,86.2,92.8,80.2
191,590820,2008,8,15,88.6,95.9,81.7
192,590820,2008,8,17,88.9,95.4,83.3
193,590820,2008,9,21,86.7,97.0,77.5
194,590820,2008,10,20,78.9,90.0,69.6
195,590820,2008,11,28,49.2,62.6,39.4
196,590820,2008,11,29,51.9,68.2,38.7
197,590820,2008,11,30,53.0,70.9,39.6
198,590820,2008,12,2,54.8,74.8,40.6
199,590820,2008,12,3,62.6,77.0,45.7
200,590820,2008,12,12,58.7,65.3,47.1
201,590820,2008,1,14,46.0,51.1,40.6
202,590820,2008,3,5,60.8,75.9,47.3
203,590820,2008,4,7,80.6,86.0,74.3
204,590820,2008,4,28,70.9,82.8,61.5
205,590820,2008,8,28,85.2,94.1,74.7
206,590820,2008,9,20,86.1,95.5,78.1
207,590820,2008,10,9,77.8,89.4,68.7
208,590820,2008,10,25,72.8,82.8,66.0
209,590820,2008,4,9,80.8,86.5,75.9
210,590820,2008,6,2,77.9,86.9,71.8
211,590820,2008,4,8,79.8,82.9,77.0
212,590820,2008,8,21,87.2,101.8,79.2
213,590820,2008,10,6,70.1,77.9,63.9
214,590820,2008,1,22,43.5,47.1,40.6
215,590820,2008,8,18,88.1,96.4,80.6
216,590820,2008,11,25,59.8,70.2,52.3
217,590820,2008,2,14,46.0,55.0,35.6
218,590820,2008,6,21,85.0,92.7,77.2
219,590820,2008,11,27,55.6,65.8,43.0
220,590820,2008,12,14,53.2,60.4,45.1
221,590820,2008,12,15,49.8,62.8,40.5
222,590820,2008,12,21,58.0,78.6,45.7
223,590820,2008,8,30,87.2,94.6,81.7
224,590820,2008,10,2,74.4,83.8,67.3
225,590820,2008,12,6,48.3,61.2,37.6
226,590820,2008,3,1,54.5,73.0,37.9
227,590820,2008,1,21,42.9,45.7,39.7
228,590820,2008,2,6,43.8,50.4,39.6
229,590820,2008,4,26,74.3,84.9,60.1
230,590820,2008,11,5,71.4,77.7,66.7
231,590820,2008,3,10,62.4,66.4,59.5
232,590820,2008,4,10,77.4,82.8,74.1
233,590820,2008,1,5,50.6,66.7,38.7
234,590820,2008,1,6,54.4,71.1,40.1
235,590820,2008,1,8,59.9,71.6,49.5
236,590820,2008,2,15,47.1,62.6,33.6
237,590820,2008,8,16,87.6,93.6,83.5
238,590820,2008,9,6,79.2,85.1,72.1
239,590820,2008,9,15,84.2,92.3,74.5
240,590820,2008,9,30,75.6,82.0,68.0
241,590820,2008,10,3,79.1,89.1,65.8
242,590820,2008,10,19,77.7,88.3,69.8
243,590820,2008,11,11,58.1,70.0,48.0
244,590820,2008,12,9,51.2,70.3,38.5
245,590820,2008,12,16,50.5,66.2,39.2
246,590820,2008,1,2,44.5,56.8,34.7
247,590820,2008,2,23,71.1,82.0,61.3
248,590820,2008,3,15,66.9,70.9,64.0
249,590820,2008,5,11,73.9,84.7,63.3
250,590820,2008,10,16,77.0,86.9,67.6
251,590820,2008,10,26,74.3,84.0,65.7
252,590820,2008,10,28,73.5,86.4,61.9
253,590820,2008,11,15,67.8,81.3,55.2
254,590820,2008,12,1,53.2,71.1,41.0
255,590820,2008,2,21,59.2,75.7,45.3
256,590820,2008,5,15,78.7,89.8,68.4
257,590820,2008,7,18,87.7,94.6,81.5
258,590820,2008,7,25,88.2,99.1,77.2
259,590820,2008,7,26,88.2,100.4,77.4
260,590820,2008,8,3,85.9,95.5,77.9
261,590820,2008,10,30,78.2,85.8,70.5
262,590820,2008,3,26,66.1,79.9,55.2
263,590820,2008,8,27,82.2,92.8,75.0
264,590820,2008,2,20,56.8,68.4,48.0
265,590820,2008,1,13,44.7,48.4,41.5
266,590820,2008,3,19,70.6,80.1,64.4
267,590820,2008,7,27,86.9,101.3,76.3
268,590820,2008,9,28,75.2,83.8,70.5
269,590820,2008,9,29,73.6,81.7,68.5
270,590820,2008,10,12,73.4,79.3,68.0
271,590820,2008,1,1,47.9,57.6,39.2
272,590820,2008,5,10,70.5,77.2,64.0
273,590820,2008,7,24,87.3,95.9,77.9
274,590820,2008,11,9,62.6,73.2,52.3
275,590820,2008,11,10,59.5,70.3,49.1
276,590820,2008,9,14,82.4,92.1,74.5
277,590820,2008,1,17,42.2,46.2,37.9
278,590820,2008,9,23,85.5,94.1,77.9
279,590820,2008,4,4,61.5,62.6,57.7
280,590820,2008,6,16,79.0,86.4,75.6
281,590820,2008,7,7,79.2,87.1,76.1
282,590820,2008,8,8,80.9,88.5,76.8
283,590820,2008,8,11,80.3,91.6,75.6
284,590820,2008,9,17,86.5,97.0,77.0
285,590820,2008,12,27,53.6,54.7,52.2
286,590820,2008,2,1,37.6,38.8,36.3
287,590820,2008,2,17,50.8,55.2,46.0
288,590820,2008,4,1,56.9,58.6,54.0
289,590820,2008,4,17,73.6,81.0,68.0
290,590820,2008,5,7,73.2,76.8,67.6
291,590820,2008,5,27,81.1,87.1,76.1
292,590820,2008,7,10,81.4,86.2,77.7
293,590820,2008,7,12,82.7,91.4,77.4
294,590820,2008,7,21,84.4,90.5,77.0
295,590820,2008,8,24,79.4,83.5,75.9
296,590820,2008,8,25,85.1,93.7,77.5
297,590820,2008,9,3,83.0,89.2,74.8
298,590820,2008,9,11,85.5,95.7,76.1
299,590820,2008,10,4,77.7,83.8,74.1
300,590820,2008,10,13,71.3,76.1,67.8
301,590820,2008,3,8,56.4,62.6,53.1
302,590820,2008,3,28,68.5,70.5,65.7
303,590820,2008,5,16,80.0,89.4,71.2
304,590820,2008,6,26,78.3,80.4,76.6
305,590820,2008,7,14,83.0,91.6,76.8
306,590820,2008,8,5,83.8,93.4,75.7
307,590820,2008,9,8,80.0,91.0,73.9
308,590820,2008,11,4,67.6,69.6,66.2
309,590820,2008,12,26,54.3,58.5,47.5
310,590820,2008,1,20,43.1,47.7,40.8
311,590820,2008,2,24,66.2,73.0,61.5
312,590820,2008,3,29,70.2,76.1,60.4
313,590820,2008,4,23,63.8,70.2,59.2
314,590820,2008,7,6,81.2,92.8,76.1
315,590820,2008,7,13,80.4,92.3,77.2
316,590820,2008,10,14,73.3,80.2,68.0
317,590820,2008,1,16,42.9,49.1,39.6
318,590820,2008,2,2,38.0,39.7,36.0
319,590820,2008,3,13,65.2,71.8,61.3
320,590820,2008,5,19,71.8,75.7,67.8
321,590820,2008,6,12,75.2,78.6,73.4
322,590820,2008,4,22,65.0,72.1,64.0
323,590820,2008,6,29,76.3,79.2,74.8
324,590820,2008,9,4,79.3,87.8,74.3
325,590820,2008,12,4,58.1,63.5,53.2
326,590820,2008,12,28,55.8,58.8,49.5
327,590820,2008,1,25,39.5,43.0,38.8
328,590820,2008,2,26,44.4,46.8,43.3
329,590820,2008,4,3,58.7,61.7,55.2
330,590820,2008,4,29,75.6,85.3,63.0
331,590820,2008,6,30,81.1,90.0,74.8
332,590820,2008,11,3,68.0,71.2,65.7
333,590820,2008,11,6,74.4,82.2,69.3
334,590820,2008,1,19,47.1,49.3,43.9
335,590820,2008,1,29,39.9,41.7,37.9
336,590820,2008,2,4,42.6,46.2,38.1
337,590820,2008,2,16,48.3,56.7,35.2
338,590820,2008,3,9,64.9,76.3,53.1
339,590820,2008,3,20,64.4,65.8,63.0
340,590820,2008,5,21,75.6,79.5,71.2
341,590820,2008,5,29,78.0,88.2,73.4
342,590820,2008,6,14,77.8,85.5,73.8
343,590820,2008,6,18,72.9,74.3,70.7
344,590820,2008,3,7,63.3,78.8,51.1
345,590820,2008,4,20,78.5,85.5,70.9
346,590820,2008,5,3,75.1,77.7,71.8
347,590820,2008,7,28,85.2,100.6,75.6
348,590820,2008,7,31,81.6,91.9,75.4
349,590820,2008,3,17,68.2,69.6,67.1
350,590820,2008,4,27,64.6,71.6,61.7
351,590820,2008,5,31,75.6,79.5,72.3
352,590820,2008,6,10,77.6,80.6,75.6
353,590820,2008,6,17,76.6,84.7,71.2
354,590820,2008,8,26,83.3,90.0,78.4
355,590820,2008,2,11,39.7,42.8,36.9
356,590820,2008,4,21,74.0,80.1,68.9
357,590820,2008,5,9,74.0,86.9,68.2
358,590820,2008,7,19,82.7,93.7,77.5
359,590820,2008,4,25,66.6,73.9,60.8
360,590820,2008,5,2,76.7,81.7,72.1
361,590820,2008,5,4,75.7,81.5,68.5
362,590820,2008,5,30,77.1,84.4,73.0
363,590820,2008,8,31,81.6,94.1,75.7
364,590820,2008,9,26,79.0,92.7,73.2
365,590820,2008,11,2,68.4,72.3,66.0
0,590820,2009,3,2,47.1,48.0,45.5
1,590820,2009,6,25,79.6,84.2,75.2
2,590820,2009,2,18,63.3,73.9,55.4
3,590820,2009,1,22,55.6,66.7,47.7
4,590820,2009,4,21,75.6,88.2,60.4
5,590820,2009,8,6,84.2,93.4,76.5
6,590820,2009,8,12,82.7,90.9,76.5
7,590820,2009,9,15,82.4,90.7,77.2
8,590820,2009,11,18,43.9,48.6,39.2
9,590820,2009,12,29,45.5,47.5,40.3
10,590820,2009,5,12,83.5,94.5,74.5
11,590820,2009,6,18,83.9,93.9,74.7
12,590820,2009,7,30,84.2,96.1,76.6
13,590820,2009,8,21,86.1,98.1,76.6
14,590820,2009,10,5,75.4,92.3,62.1
15,590820,2009,10,19,78.0,91.2,65.5
16,590820,2009,10,25,70.3,87.1,58.1
17,590820,2009,11,7,74.6,82.0,59.0
18,590820,2009,11,24,57.0,73.6,41.5
19,590820,2009,6,17,82.2,91.4,74.1
20,590820,2009,2,17,56.5,60.6,53.1
21,590820,2009,3,11,57.0,58.1,53.4
22,590820,2009,4,23,73.5,75.6,71.2
23,590820,2009,7,4,76.9,83.3,72.3
24,590820,2009,9,8,85.2,98.4,76.5
25,590820,2009,11,13,48.6,54.7,43.5
26,590820,2009,11,17,40.0,42.3,38.5
27,590820,2009,6,23,82.0,89.4,74.8
28,590820,2009,3,20,76.5,83.3,66.7
29,590820,2009,5,26,79.2,89.1,71.6
30,590820,2009,6,9,80.3,87.8,74.3
31,590820,2009,6,26,80.6,93.4,75.7
32,590820,2009,7,21,85.1,93.6,76.6
33,590820,2009,7,24,87.5,95.4,81.3
34,590820,2009,1,4,51.4,66.6,39.7
35,590820,2009,1,5,52.3,66.7,41.4
36,590820,2009,1,17,52.3,72.7,34.9
37,590820,2009,7,12,82.9,91.8,75.6
38,590820,2009,9,4,84.6,98.1,75.0
39,590820,2009,10,27,72.9,87.8,58.5
40,590820,2009,10,29,72.9,87.3,61.5
41,590820,2009,11,4,57.7,75.2,41.9
42,590820,2009,12,6,54.8,65.3,40.5
43,590820,2009,1,14,42.8,58.6,29.3
44,590820,2009,6,5,78.4,92.8,67.5
45,590820,2009,6,19,86.3,95.2,74.8
46,590820,2009,9,26,82.9,94.1,72.7
47,590820,2009,4,14,72.6,86.0,63.5
48,590820,2009,4,29,70.0,78.3,63.5
49,590820,2009,8,11,84.3,94.5,77.0
50,590820,2009,9,29,75.0,80.1,72.9
51,590820,2009,12,16,45.0,46.8,42.8
52,590820,2009,12,18,46.3,53.6,37.2
53,590820,2009,12,26,50.3,54.0,49.6
54,590820,2009,8,20,86.2,96.3,76.8
55,590820,2009,10,1,77.5,86.5,68.7
56,590820,2009,10,3,75.2,90.3,62.8
57,590820,2009,10,13,76.3,83.3,70.2
58,590820,2009,11,3,53.0,67.3,43.0
59,590820,2009,11,22,49.7,64.2,38.3
60,590820,2009,2,16,63.6,71.2,54.9
61,590820,2009,3,22,79.1,86.5,72.7
62,590820,2009,7,25,86.2,93.2,80.1
63,590820,2009,8,30,81.4,94.3,73.9
64,590820,2009,9,16,80.5,93.7,75.6
65,590820,2009,9,22,75.4,82.4,68.4
66,590820,2009,11,11,62.0,66.7,55.2
67,590820,2009,1,30,49.1,56.8,40.5
68,590820,2009,2,19,64.0,78.3,51.6
69,590820,2009,5,17,73.4,76.1,70.2
70,590820,2009,7,3,75.9,82.0,72.3
71,590820,2009,1,9,44.4,57.2,30.9
72,590820,2009,11,29,56.1,64.8,51.4
73,590820,2009,12,21,46.5,59.9,37.2
74,590820,2009,3,9,55.8,69.4,47.1
75,590820,2009,9,13,87.0,99.9,77.0
76,590820,2009,11,30,52.5,60.6,46.2
77,590820,2009,12,1,50.5,56.8,44.4
78,590820,2009,11,27,65.6,79.3,52.3
79,590820,2009,4,12,68.5,73.0,63.9
80,590820,2009,1,24,40.0,42.8,39.0
81,590820,2009,1,26,38.6,41.0,36.5
82,590820,2009,3,4,47.7,48.7,45.5
83,590820,2009,3,27,62.6,63.9,58.1
84,590820,2009,4,19,74.0,79.9,68.2
85,590820,2009,5,23,75.3,78.6,71.8
86,590820,2009,7,2,83.2,88.5,75.4
87,590820,2009,7,27,84.3,92.1,77.9
88,590820,2009,8,14,84.0,91.8,76.1
89,590820,2009,1,6,49.8,62.8,43.0
90,590820,2009,2,1,58.6,72.0,46.6
91,590820,2009,3,17,72.1,80.4,54.1
92,590820,2009,4,22,78.1,86.9,67.5
93,590820,2009,5,9,77.7,86.9,66.2
94,590820,2009,5,31,77.2,88.3,67.8
95,590820,2009,7,10,86.3,99.9,74.5
96,590820,2009,7,31,85.0,97.0,76.3
97,590820,2009,8,1,87.0,99.1,75.6
98,590820,2009,8,2,86.2,99.7,76.8
99,590820,2009,9,12,85.8,95.9,75.6
100,590820,2009,10,8,73.0,86.7,59.9
101,590820,2009,11,5,63.0,82.2,46.8
102,590820,2009,12,4,50.8,65.1,39.6
103,590820,2009,12,19,45.0,56.1,34.9
104,590820,2009,2,22,70.1,72.1,60.3
105,590820,2009,3,10,53.7,56.5,46.6
106,590820,2009,3,29,58.3,64.8,52.9
107,590820,2009,4,2,56.6,58.3,54.1
108,590820,2009,4,10,65.2,71.2,60.3
109,590820,2009,4,11,71.0,78.6,61.3
110,590820,2009,6,7,82.3,91.8,71.8
111,590820,2009,6,15,78.4,84.7,74.5
112,590820,2009,6,21,84.0,93.9,77.0
113,590820,2009,7,15,82.9,91.8,77.4
114,590820,2009,8,17,82.1,91.2,74.8
115,590820,2009,9,9,83.0,93.0,77.4
116,590820,2009,9,14,82.9,91.6,76.5
117,590820,2009,12,8,56.0,57.9,54.0
118,590820,2009,12,9,57.2,59.2,53.8
119,590820,2009,1,27,41.9,43.2,38.5
120,590820,2009,3,1,47.0,48.7,45.7
121,590820,2009,3,12,62.0,65.1,57.0
122,590820,2009,3,31,58.4,63.5,52.0
123,590820,2009,6,11,78.1,81.9,75.4
124,590820,2009,7,22,85.3,92.3,78.4
125,590820,2009,9,6,86.8,97.9,78.4
126,590820,2009,12,28,44.8,53.4,37.9
127,590820,2009,12,30,51.9,58.5,44.4
128,590820,2009,1,12,45.7,58.6,31.1
129,590820,2009,1,16,46.7,65.5,30.9
130,590820,2009,2,9,63.3,79.7,50.9
131,590820,2009,7,6,83.1,91.4,73.8
132,590820,2009,8,15,86.0,95.0,77.7
133,590820,2009,8,19,86.2,95.7,77.9
134,590820,2009,9,17,83.2,93.7,75.2
135,590820,2009,11,6,68.8,86.9,50.0
136,590820,2009,11,25,60.9,79.3,46.6
137,590820,2009,1,19,61.5,79.5,46.9
138,590820,2009,2,8,63.7,83.1,52.0
139,590820,2009,2,14,75.0,86.9,63.5
140,590820,2009,5,11,81.7,90.1,75.9
141,590820,2009,9,5,86.7,97.9,75.6
142,590820,2009,12,23,59.2,71.2,52.9
143,590820,2009,4,16,71.8,80.2,66.4
144,590820,2009,5,7,75.0,84.7,66.6
145,590820,2009,5,25,75.8,82.9,71.8
146,590820,2009,6,2,78.6,84.2,73.8
147,590820,2009,6,8,79.7,85.5,74.3
148,590820,2009,6,13,77.6,82.2,75.0
149,590820,2009,6,24,80.0,89.1,75.6
150,590820,2009,8,4,84.9,93.4,78.6
151,590820,2009,8,23,81.2,99.1,73.9
152,590820,2009,7,29,84.6,96.3,77.4
153,590820,2009,11,28,62.6,78.6,54.1
154,590820,2009,3,13,47.5,62.8,45.3
155,590820,2009,3,30,54.2,58.5,52.9
156,590820,2009,4,1,57.6,64.2,54.3
157,590820,2009,4,25,64.3,69.1,61.0
158,590820,2009,5,2,77.2,89.1,66.0
159,590820,2009,5,28,71.8,75.9,66.2
160,590820,2009,5,29,68.9,74.1,65.3
161,590820,2009,6,4,76.5,88.3,67.8
162,590820,2009,6,22,79.4,93.2,75.2
163,590820,2009,7,19,80.0,86.9,75.0
164,590820,2009,7,28,84.2,91.2,78.8
165,590820,2009,9,11,84.5,95.5,76.1
166,590820,2009,3,8,49.6,52.0,48.7
167,590820,2009,5,3,68.9,78.3,62.1
168,590820,2009,6,14,78.0,90.3,74.7
169,590820,2009,6,20,83.4,94.6,77.2
170,590820,2009,7,11,82.4,93.7,76.1
171,590820,2009,8,9,83.6,94.6,76.8
172,590820,2009,8,13,80.7,91.2,76.8
173,590820,2009,11,8,77.4,84.4,71.2
174,590820,2009,11,16,42.8,46.6,39.0
175,590820,2009,1,13,41.5,54.3,30.6
176,590820,2009,2,26,68.2,77.2,58.8
177,590820,2009,7,7,84.5,92.7,77.2
178,590820,2009,7,9,85.2,95.5,75.0
179,590820,2009,10,10,74.6,86.9,64.2
180,590820,2009,10,28,71.9,83.8,62.6
181,590820,2009,12,11,60.5,67.6,54.9
182,590820,2009,2,13,73.6,82.4,64.9
183,590820,2009,8,16,81.4,92.3,75.2
184,590820,2009,10,23,71.6,85.5,60.8
185,590820,2009,11,21,49.1,57.9,42.1
186,590820,2009,6,28,79.2,87.4,75.9
187,590820,2009,9,24,80.8,93.6,73.4
188,590820,2009,1,31,53.4,61.7,40.3
189,590820,2009,2,20,54.0,59.7,48.9
190,590820,2009,2,23,75.3,77.7,69.4
191,590820,2009,2,24,78.7,85.6,74.8
192,590820,2009,5,16,77.9,82.0,70.0
193,590820,2009,7,5,79.5,89.2,73.0
194,590820,2009,7,14,86.9,97.5,75.4
195,590820,2009,7,17,85.4,96.8,75.2
196,590820,2009,8,10,84.5,92.7,76.5
197,590820,2009,11,9,76.0,81.9,70.7
198,590820,2009,12,17,45.3,48.7,42.4
199,590820,2009,2,4,64.2,75.7,53.4
200,590820,2009,2,7,61.8,76.8,50.7
201,590820,2009,4,28,71.0,79.9,61.9
202,590820,2009,6,1,80.6,87.1,70.3
203,590820,2009,8,22,86.2,99.3,76.6
204,590820,2009,9,18,85.8,95.7,75.6
205,590820,2009,9,23,79.6,90.5,67.5
206,590820,2009,10,4,76.3,91.6,61.3
207,590820,2009,10,7,72.8,88.7,60.1
208,590820,2009,1,25,41.3,43.3,38.8
209,590820,2009,3,5,48.6,50.2,47.7
210,590820,2009,3,15,56.2,73.8,38.8
211,590820,2009,4,3,58.5,59.5,55.6
212,590820,2009,4,8,65.5,73.8,57.6
213,590820,2009,4,9,62.2,66.7,59.4
214,590820,2009,5,4,72.5,85.6,61.5
215,590820,2009,5,6,77.8,87.3,68.4
216,590820,2009,8,24,82.9,97.5,73.8
217,590820,2009,10,11,77.5,88.3,63.5
218,590820,2009,10,21,73.2,82.2,67.3
219,590820,2009,12,31,52.2,56.5,47.5
220,590820,2009,3,7,50.5,55.8,45.9
221,590820,2009,4,7,66.2,77.0,57.4
222,590820,2009,4,15,75.0,83.3,63.5
223,590820,2009,5,1,75.7,86.0,66.9
224,590820,2009,5,30,74.8,84.4,64.9
225,590820,2009,6,12,79.5,84.9,76.3
226,590820,2009,7,18,87.7,98.8,75.7
227,590820,2009,7,20,79.8,90.3,73.9
228,590820,2009,1,18,57.0,76.6,41.9
229,590820,2009,2,5,64.3,78.4,55.8
230,590820,2009,6,6,81.9,95.2,68.2
231,590820,2009,8,18,86.2,96.1,77.7
232,590820,2009,10,6,74.4,89.8,61.0
233,590820,2009,10,18,76.0,90.9,62.8
234,590820,2009,10,30,74.9,88.9,62.6
235,590820,2009,11,26,61.8,74.5,49.6
236,590820,2009,12,5,52.0,65.7,40.5
237,590820,2009,1,11,41.9,59.7,27.5
238,590820,2009,2,10,63.0,78.8,52.0
239,590820,2009,2,11,70.0,82.2,52.7
240,590820,2009,5,10,79.3,87.8,70.7
241,590820,2009,7,8,84.6,93.2,75.9
242,590820,2009,9,2,81.0,92.3,72.0
243,590820,2009,10,16,75.7,89.1,63.5
244,590820,2009,10,31,76.2,89.2,64.8
245,590820,2009,12,20,47.2,55.4,34.7
246,590820,2009,3,3,46.7,48.2,45.9
247,590820,2009,3,19,73.8,82.0,67.5
248,590820,2009,4,18,70.7,79.5,68.2
249,590820,2009,5,15,78.8,88.7,70.7
250,590820,2009,6,10,77.5,81.1,75.4
251,590820,2009,8,5,81.0,87.6,76.6
252,590820,2009,1,8,45.4,52.2,41.7
253,590820,2009,9,30,76.6,81.0,72.5
254,590820,2009,10,17,74.8,89.4,63.1
255,590820,2009,10,20,73.0,80.2,67.6
256,590820,2009,11,19,46.0,50.5,41.7
257,590820,2009,1,23,46.9,57.4,39.7
258,590820,2009,3,14,50.7,63.9,39.7
259,590820,2009,3,23,72.1,82.4,58.1
260,590820,2009,3,28,62.3,69.3,55.6
261,590820,2009,4,4,62.6,67.8,58.1
262,590820,2009,5,18,70.2,72.5,68.7
263,590820,2009,5,22,75.4,80.6,72.0
264,590820,2009,7,16,84.8,94.5,75.4
265,590820,2009,8,8,84.2,91.4,78.4
266,590820,2009,8,31,78.5,85.3,73.4
267,590820,2009,9,28,77.7,82.8,75.2
268,590820,2009,4,26,68.0,79.2,59.5
269,590820,2009,5,20,73.0,79.3,67.8
270,590820,2009,5,27,75.5,84.2,71.8
271,590820,2009,7,1,82.1,89.4,76.1
272,590820,2009,9,25,83.1,96.3,73.0
273,590820,2009,11,14,49.5,52.7,45.5
274,590820,2009,12,25,56.3,61.2,51.8
275,590820,2009,1,1,45.3,57.7,33.3
276,590820,2009,2,6,62.9,77.9,52.5
277,590820,2009,2,25,78.5,84.7,74.5
278,590820,2009,1,10,40.8,56.5,29.1
279,590820,2009,9,1,81.4,91.9,72.5
280,590820,2009,10,14,72.0,78.3,66.4
281,590820,2009,11,2,63.4,75.2,48.7
282,590820,2009,12,13,57.4,60.6,55.2
283,590820,2009,11,12,50.4,55.0,44.1
284,590820,2009,1,20,63.5,73.8,48.6
285,590820,2009,1,28,45.1,46.8,41.9
286,590820,2009,3,21,75.9,78.1,72.9
287,590820,2009,3,26,60.5,64.4,54.7
288,590820,2009,4,30,69.6,79.3,62.6
289,590820,2009,6,30,84.1,89.2,78.6
290,590820,2009,8,7,86.2,93.4,78.8
291,590820,2009,1,2,43.3,57.4,32.0
292,590820,2009,2,2,63.5,75.9,53.8
293,590820,2009,5,8,76.1,88.0,64.6
294,590820,2009,5,21,77.2,84.2,67.6
295,590820,2009,7,13,83.9,94.8,75.4
296,590820,2009,8,3,87.0,98.2,76.5
297,590820,2009,9,19,86.8,98.2,76.6
298,590820,2009,9,20,85.7,95.0,78.1
299,590820,2009,12,22,55.2,67.1,36.7
300,590820,2009,12,24,62.6,75.6,53.2
301,590820,2009,1,29,48.3,49.8,45.0
302,590820,2009,4,5,58.2,61.9,55.9
303,590820,2009,4,6,59.8,64.0,54.7
304,590820,2009,4,17,75.5,85.5,66.4
305,590820,2009,4,27,69.9,82.2,59.2
306,590820,2009,5,5,76.0,86.7,61.5
307,590820,2009,5,19,72.0,76.8,68.4
308,590820,2009,6,29,81.3,88.0,75.9
309,590820,2009,8,26,87.6,97.5,77.5
310,590820,2009,10,12,78.6,88.3,70.7
311,590820,2009,11,15,46.3,48.0,45.1
312,590820,2009,12,7,57.3,64.2,50.5
313,590820,2009,12,27,43.2,50.2,41.2
314,590820,2009,2,15,72.4,82.0,64.8
315,590820,2009,2,21,61.4,65.7,52.2
316,590820,2009,5,13,79.1,87.4,72.7
317,590820,2009,6,27,79.7,85.8,75.2
318,590820,2009,7,26,79.5,86.7,75.4
319,590820,2009,8,25,85.4,96.8,75.4
320,590820,2009,11,20,47.0,50.5,40.8
321,590820,2009,12,10,60.5,66.7,55.0
322,590820,2009,12,14,60.8,68.0,54.9
323,590820,2009,1,15,44.1,61.7,31.3
324,590820,2009,2,12,72.3,78.6,64.0
325,590820,2009,3,16,62.1,76.8,43.9
326,590820,2009,3,18,74.1,79.0,69.4
327,590820,2009,10,26,70.7,88.0,57.4
328,590820,2009,11,23,51.8,68.4,37.0
329,590820,2009,12,2,55.6,64.8,44.4
330,590820,2009,1,3,46.9,61.7,32.4
331,590820,2009,7,23,86.5,94.1,79.3
332,590820,2009,8,28,87.2,99.3,77.0
333,590820,2009,9,3,84.0,95.7,72.7
334,590820,2009,9,27,83.1,92.7,71.6
335,590820,2009,12,12,63.1,74.8,52.7
336,590820,2009,2,28,48.2,52.9,46.0
337,590820,2009,3,24,61.2,64.8,57.7
338,590820,2009,4,24,70.8,76.1,64.0
339,590820,2009,5,14,78.8,88.5,72.7
340,590820,2009,9,10,82.2,93.0,76.6
341,590820,2009,1,7,45.6,51.8,43.2
342,590820,2009,2,3,63.3,76.6,54.7
343,590820,2009,8,27,87.1,98.2,77.4
344,590820,2009,8,29,85.6,98.6,75.6
345,590820,2009,10,9,73.8,82.2,65.3
346,590820,2009,12,3,51.9,63.3,40.8
347,590820,2009,1,21,52.9,61.7,48.7
348,590820,2009,3,6,48.2,51.4,45.9
349,590820,2009,6,3,72.2,75.9,69.8
350,590820,2009,6,16,79.0,90.1,74.5
351,590820,2009,11,10,71.8,78.8,66.0
352,590820,2009,4,13,69.5,75.9,64.2
353,590820,2009,4,20,73.3,84.2,61.3
354,590820,2009,5,24,76.5,82.4,73.2
355,590820,2009,9,7,86.3,97.2,76.6
356,590820,2009,9,21,76.8,84.6,70.9
357,590820,2009,10,15,72.1,82.8,64.0
358,590820,2009,12,15,46.9,60.4,43.2
359,590820,2009,2,27,55.1,62.2,51.4
360,590820,2009,3,25,59.0,67.3,54.9
361,590820,2009,10,2,78.6,91.0,66.7
362,590820,2009,10,22,73.6,85.3,63.5
363,590820,2009,11,1,68.5,76.1,63.7
364,590820,2009,10,24,70.9,86.5,59.0
0,590820,2010,4,24,67.6,77.0,51.8
1,590820,2010,6,4,73.1,84.4,65.3
2,590820,2010,1,15,51.6,57.7,42.1
3,590820,2010,1,20,67.3,72.5,64.8
4,590820,2010,1,23,41.5,42.8,40.5
5,590820,2010,2,1,60.7,66.4,55.4
6,590820,2010,2,8,65.9,71.2,54.7
7,590820,2010,5,21,79.4,83.1,71.8
8,590820,2010,5,31,78.2,84.7,73.2
9,590820,2010,11,24,63.4,73.9,51.1
10,590820,2010,11,27,63.0,70.0,57.2
11,590820,2010,1,30,66.9,71.2,63.9
12,590820,2010,2,10,76.3,81.0,72.3
13,590820,2010,2,12,40.2,41.4,38.8
14,590820,2010,3,12,59.2,64.8,51.3
15,590820,2010,4,4,58.8,59.5,55.9
16,590820,2010,4,5,63.2,64.8,58.8
17,590820,2010,4,11,74.0,77.2,63.7
18,590820,2010,4,28,71.2,82.0,60.1
19,590820,2010,5,11,70.2,75.2,64.9
20,590820,2010,5,19,72.6,77.9,70.0
21,590820,2010,6,22,79.8,87.4,73.4
22,590820,2010,6,30,85.7,93.2,77.7
23,590820,2010,7,22,78.9,91.2,75.2
24,590820,2010,8,25,82.1,92.1,74.5
25,590820,2010,12,17,38.3,53.8,29.5
26,590820,2010,1,13,45.4,52.9,35.1
27,590820,2010,2,28,77.2,84.0,66.0
28,590820,2010,3,22,74.3,82.4,68.9
29,590820,2010,5,2,76.8,89.2,65.5
30,590820,2010,5,3,78.6,88.5,66.7
31,590820,2010,9,8,85.5,97.0,75.7
32,590820,2010,9,27,79.2,87.8,74.3
33,590820,2010,10,16,69.3,77.2,62.6
34,590820,2010,10,17,72.5,81.9,64.4
35,590820,2010,11,11,62.6,83.1,46.6
36,590820,2010,1,3,56.8,67.5,51.6
37,590820,2010,1,25,49.5,52.9,45.7
38,590820,2010,3,25,53.8,60.8,46.4
39,590820,2010,4,3,56.2,57.4,55.0
40,590820,2010,9,4,78.3,84.6,74.7
41,590820,2010,9,15,81.1,92.7,73.6
42,590820,2010,10,8,72.7,80.4,66.7
43,590820,2010,10,11,72.9,74.3,68.0
44,590820,2010,2,26,75.4,84.9,67.8
45,590820,2010,3,28,59.9,75.2,46.0
46,590820,2010,5,17,81.2,86.0,75.9
47,590820,2010,8,3,85.9,95.4,77.2
48,590820,2010,9,19,85.1,97.0,75.6
49,590820,2010,11,8,63.0,80.1,48.2
50,590820,2010,1,14,49.5,66.2,38.1
51,590820,2010,4,30,70.5,81.0,62.6
52,590820,2010,7,6,87.9,94.3,83.5
53,590820,2010,7,8,88.3,95.7,82.4
54,590820,2010,7,18,84.5,93.7,74.3
55,590820,2010,8,4,87.5,97.7,76.6
56,590820,2010,8,12,85.6,90.7,79.7
57,590820,2010,9,16,81.7,95.2,74.3
58,590820,2010,10,4,69.0,80.1,59.7
59,590820,2010,10,6,73.1,85.3,58.3
60,590820,2010,11,13,64.0,81.3,50.4
61,590820,2010,4,7,59.1,64.2,53.6
62,590820,2010,9,20,81.9,93.2,73.4
63,590820,2010,11,5,63.2,72.7,54.1
64,590820,2010,12,24,53.4,59.4,45.9
65,590820,2010,12,25,40.7,47.8,39.7
66,590820,2010,2,22,58.3,70.7,52.3
67,590820,2010,3,17,59.3,66.0,54.3
68,590820,2010,4,12,72.2,79.7,59.7
69,590820,2010,4,13,57.1,64.4,52.7
70,590820,2010,8,23,80.3,93.9,74.7
71,590820,2010,12,15,41.6,52.5,36.3
72,590820,2010,8,2,86.7,95.9,77.9
73,590820,2010,9,29,77.7,87.4,72.1
74,590820,2010,11,16,56.1,63.5,49.1
75,590820,2010,3,4,55.8,73.8,54.3
76,590820,2010,4,15,47.2,48.9,45.5
77,590820,2010,5,29,72.4,75.0,70.9
78,590820,2010,7,26,80.3,94.1,74.3
79,590820,2010,3,27,56.3,67.8,46.8
80,590820,2010,10,25,70.4,75.2,65.8
81,590820,2010,11,23,60.6,73.2,51.4
82,590820,2010,6,13,77.4,80.1,70.3
83,590820,2010,1,24,45.5,47.3,41.0
84,590820,2010,1,27,57.3,59.2,55.6
85,590820,2010,1,29,65.8,71.2,58.1
86,590820,2010,2,9,74.0,78.6,66.2
87,590820,2010,5,20,73.0,76.1,71.2
88,590820,2010,6,10,71.4,76.6,69.1
89,590820,2010,9,2,79.3,89.6,74.7
90,590820,2010,9,5,82.0,92.7,74.7
91,590820,2010,9,14,80.0,92.3,72.5
92,590820,2010,11,30,62.5,68.4,57.7
93,590820,2010,1,2,53.3,55.2,50.9
94,590820,2010,2,6,53.2,54.1,50.9
95,590820,2010,3,13,58.7,59.2,57.0
96,590820,2010,6,18,84.1,90.9,79.0
97,590820,2010,6,19,85.0,90.5,81.5
98,590820,2010,9,10,82.9,92.1,76.8
99,590820,2010,9,24,72.6,79.3,68.4
100,590820,2010,12,27,45.6,61.9,31.1
101,590820,2010,2,25,76.6,84.0,71.4
102,590820,2010,1,8,43.5,45.0,40.6
103,590820,2010,2,27,73.5,86.0,65.1
104,590820,2010,8,9,86.2,95.2,76.1
105,590820,2010,8,21,84.3,97.5,73.6
106,590820,2010,10,2,76.7,83.8,69.3
107,590820,2010,10,18,74.3,84.0,64.8
108,590820,2010,10,22,70.9,76.6,66.0
109,590820,2010,11,10,59.5,79.5,44.2
110,590820,2010,11,20,61.9,76.3,50.5
111,590820,2010,11,21,66.0,73.9,54.3
112,590820,2010,12,6,63.3,74.1,55.0
113,590820,2010,6,12,71.7,73.9,69.1
114,590820,2010,6,25,74.2,78.1,71.2
115,590820,2010,7,7,86.5,92.7,81.7
116,590820,2010,11,4,62.3,73.6,46.9
117,590820,2010,11,26,59.8,70.9,46.0
118,590820,2010,2,23,67.2,75.7,52.2
119,590820,2010,3,11,57.0,68.4,37.4
120,590820,2010,6,6,77.7,88.5,63.9
121,590820,2010,6,7,79.9,85.6,72.7
122,590820,2010,7,4,88.4,95.2,83.7
123,590820,2010,7,5,89.0,96.1,83.1
124,590820,2010,7,13,87.4,96.1,78.6
125,590820,2010,8,31,83.4,94.5,73.6
126,590820,2010,9,17,83.9,94.5,74.5
127,590820,2010,10,20,71.9,74.8,67.1
128,590820,2010,12,31,46.2,60.1,35.8
129,590820,2010,7,3,88.2,95.5,80.2
130,590820,2010,8,11,87.2,96.3,80.2
131,590820,2010,11,3,58.9,73.9,46.6
132,590820,2010,12,8,49.3,66.9,37.8
133,590820,2010,2,19,43.3,54.7,33.8
134,590820,2010,1,10,47.3,50.5,44.4
135,590820,2010,4,25,65.5,69.6,62.6
136,590820,2010,5,14,70.7,76.8,66.7
137,590820,2010,6,20,80.8,84.4,74.7
138,590820,2010,8,8,80.2,93.0,76.1
139,590820,2010,10,7,69.5,74.3,67.1
140,590820,2010,10,14,71.7,78.1,67.3
141,590820,2010,1,17,53.6,63.3,44.4
142,590820,2010,1,21,55.0,66.6,49.5
143,590820,2010,2,11,50.5,76.6,40.1
144,590820,2010,4,1,65.5,77.7,56.8
145,590820,2010,6,1,70.3,75.2,65.3
146,590820,2010,10,13,79.9,89.6,73.6
147,590820,2010,12,14,53.2,55.0,51.4
148,590820,2010,4,23,62.4,74.5,52.5
149,590820,2010,10,28,58.3,69.1,48.6
150,590820,2010,11,15,61.5,73.4,54.7
151,590820,2010,1,5,50.7,58.8,42.1
152,590820,2010,1,16,53.1,58.6,48.9
153,590820,2010,3,3,74.1,78.8,63.0
154,590820,2010,3,30,62.8,66.6,60.3
155,590820,2010,4,26,60.1,64.8,56.3
156,590820,2010,4,29,65.6,70.3,62.8
157,590820,2010,5,22,74.6,85.1,67.3
158,590820,2010,6,14,77.8,85.3,74.5
159,590820,2010,7,16,82.9,96.1,74.3
160,590820,2010,8,19,83.1,96.1,73.6
161,590820,2010,9,3,76.7,79.7,74.8
162,590820,2010,11,6,61.9,77.5,50.9
163,590820,2010,8,15,86.2,96.6,79.0
164,590820,2010,10,5,67.3,78.8,58.6
165,590820,2010,10,26,61.4,67.6,57.0
166,590820,2010,7,14,85.3,94.3,78.6
167,590820,2010,9,28,79.9,88.3,73.8
168,590820,2010,10,3,72.0,81.3,61.0
169,590820,2010,11,9,60.1,78.1,46.2
170,590820,2010,3,21,72.2,79.2,61.7
171,590820,2010,2,24,72.8,75.0,69.1
172,590820,2010,1,1,51.0,53.4,47.8
173,590820,2010,2,5,50.7,51.4,48.2
174,590820,2010,4,10,63.7,64.9,61.9
175,590820,2010,4,17,63.7,69.1,56.3
176,590820,2010,5,13,76.2,77.7,70.7
177,590820,2010,5,30,76.1,82.6,70.7
178,590820,2010,7,29,82.2,87.3,78.8
179,590820,2010,7,30,81.9,87.3,77.4
180,590820,2010,8,1,86.0,94.6,76.8
181,590820,2010,8,27,79.5,87.3,75.2
182,590820,2010,9,26,80.8,90.0,73.8
183,590820,2010,12,11,52.9,53.4,50.0
184,590820,2010,2,14,41.1,43.3,39.4
185,590820,2010,2,17,42.1,43.9,39.0
186,590820,2010,3,1,73.4,76.8,65.3
187,590820,2010,5,15,71.5,76.1,66.6
188,590820,2010,6,11,69.9,71.2,68.9
189,590820,2010,6,27,78.8,82.6,76.5
190,590820,2010,7,31,84.6,92.8,75.7
191,590820,2010,8,22,85.1,98.2,77.0
192,590820,2010,10,9,73.0,80.8,67.5
193,590820,2010,7,27,80.8,88.7,73.2
194,590820,2010,2,20,48.6,61.3,32.7
195,590820,2010,5,1,74.7,84.6,65.7
196,590820,2010,5,27,82.4,92.1,69.4
197,590820,2010,7,25,82.4,94.5,75.2
198,590820,2010,9,18,84.8,96.4,76.1
199,590820,2010,11,14,66.1,82.8,52.3
200,590820,2010,1,7,42.2,44.8,40.8
201,590820,2010,2,21,55.9,64.6,43.9
202,590820,2010,4,20,76.1,79.5,68.9
203,590820,2010,5,12,71.5,73.4,67.8
204,590820,2010,6,2,71.2,76.3,65.1
205,590820,2010,6,15,78.8,85.5,74.5
206,590820,2010,7,28,83.1,91.4,78.6
207,590820,2010,8,6,79.4,92.3,73.0
208,590820,2010,8,14,88.5,97.3,80.6
209,590820,2010,8,24,77.8,89.2,74.3
210,590820,2010,11,29,59.1,60.8,57.2
211,590820,2010,3,18,65.2,79.7,53.6
212,590820,2010,3,29,66.8,77.2,49.1
213,590820,2010,7,11,86.2,93.0,81.7
214,590820,2010,7,19,86.3,94.6,78.8
215,590820,2010,12,18,47.8,62.8,29.3
216,590820,2010,1,18,54.1,69.4,43.0
217,590820,2010,5,4,76.2,79.9,69.8
218,590820,2010,7,24,82.1,92.3,75.2
219,590820,2010,8,29,80.8,91.4,70.7
220,590820,2010,8,30,82.1,92.8,71.4
221,590820,2010,12,20,59.0,68.7,50.0
222,590820,2010,2,2,56.8,60.4,51.4
223,590820,2010,4,2,57.7,60.8,56.1
224,590820,2010,6,9,72.2,76.6,69.6
225,590820,2010,9,11,81.4,91.0,75.6
226,590820,2010,11,28,60.6,62.8,57.7
227,590820,2010,12,10,51.8,55.6,50.2
228,590820,2010,1,12,43.0,52.9,35.4
229,590820,2010,3,7,46.7,50.4,43.7
230,590820,2010,3,9,42.3,47.7,37.8
231,590820,2010,3,24,51.9,66.7,48.4
232,590820,2010,4,22,58.7,65.5,56.8
233,590820,2010,6,3,72.4,79.7,68.4
234,590820,2010,6,8,77.5,82.2,74.1
235,590820,2010,6,28,77.3,85.8,74.8
236,590820,2010,3,20,69.8,77.0,62.8
237,590820,2010,12,2,59.5,74.1,48.6
238,590820,2010,12,21,58.4,72.9,45.9
239,590820,2010,1,11,43.1,46.2,40.5
240,590820,2010,2,3,51.9,54.5,49.3
241,590820,2010,2,15,38.9,40.8,37.8
242,590820,2010,4,14,51.5,55.0,48.2
243,590820,2010,4,21,72.8,79.9,60.6
244,590820,2010,5,18,80.6,88.5,75.6
245,590820,2010,5,28,80.4,89.1,72.1
246,590820,2010,9,21,74.7,77.4,72.9
247,590820,2010,12,26,42.1,54.1,32.7
248,590820,2010,3,23,71.0,77.4,63.0
249,590820,2010,7,20,85.9,95.5,77.2
250,590820,2010,12,7,51.1,59.2,39.7
251,590820,2010,12,30,50.2,63.3,37.0
252,590820,2010,7,12,86.7,95.9,79.0
253,590820,2010,10,30,56.6,70.7,44.8
254,590820,2010,12,3,57.5,73.6,46.6
255,590820,2010,2,4,49.7,51.6,48.4
256,590820,2010,9,9,86.4,94.8,77.0
257,590820,2010,1,28,61.1,70.9,55.9
258,590820,2010,1,9,47.4,49.5,43.5
259,590820,2010,2,7,55.2,56.5,52.9
260,590820,2010,2,13,40.1,41.2,39.0
261,590820,2010,3,14,66.4,74.1,58.6
262,590820,2010,3,26,58.3,71.6,47.7
263,590820,2010,4,19,71.2,77.2,64.9
264,590820,2010,4,27,65.7,75.7,55.8
265,590820,2010,6,16,78.8,83.3,74.8
266,590820,2010,6,17,82.7,88.0,77.0
267,590820,2010,7,17,79.8,92.5,73.9
268,590820,2010,7,23,78.5,87.6,75.2
269,590820,2010,8,7,83.3,95.7,74.7
270,590820,2010,8,13,87.2,95.2,81.5
271,590820,2010,8,20,81.3,93.9,73.2
272,590820,2010,9,1,81.5,94.6,73.2
273,590820,2010,9,13,80.5,90.0,73.2
274,590820,2010,9,22,75.0,80.6,72.7
275,590820,2010,9,25,78.1,84.2,70.2
276,590820,2010,10,10,68.6,70.9,66.0
277,590820,2010,12,9,54.5,69.1,36.7
278,590820,2010,12,12,55.1,56.1,52.7
279,590820,2010,3,2,76.6,81.5,70.2
280,590820,2010,5,8,73.9,79.5,68.0
281,590820,2010,5,10,65.7,68.5,63.3
282,590820,2010,9,6,83.1,92.7,75.9
283,590820,2010,1,19,65.2,74.7,45.3
284,590820,2010,1,26,56.1,61.2,45.7
285,590820,2010,7,1,86.5,93.7,79.3
286,590820,2010,7,2,86.5,94.5,78.6
287,590820,2010,10,19,74.3,83.8,65.5
288,590820,2010,10,23,71.4,75.6,66.0
289,590820,2010,11,12,62.7,79.9,49.5
290,590820,2010,1,4,61.0,73.0,51.8
291,590820,2010,2,16,40.7,44.2,37.2
292,590820,2010,3,5,69.6,78.8,54.1
293,590820,2010,3,10,45.0,56.8,35.4
294,590820,2010,3,16,57.7,63.9,50.7
295,590820,2010,3,31,72.6,81.0,59.9
296,590820,2010,4,8,56.0,60.1,53.6
297,590820,2010,4,9,64.0,71.6,54.1
298,590820,2010,4,16,56.6,63.0,44.1
299,590820,2010,4,18,65.4,69.4,61.5
300,590820,2010,5,7,70.1,72.3,68.2
301,590820,2010,5,16,77.8,85.5,69.3
302,590820,2010,5,24,74.4,89.2,61.3
303,590820,2010,6,23,82.8,90.9,75.4
304,590820,2010,6,26,80.0,86.4,73.4
305,590820,2010,6,29,82.3,90.0,74.5
306,590820,2010,12,23,55.2,67.3,40.1
307,590820,2010,3,19,71.4,79.0,56.5
308,590820,2010,8,10,87.8,96.1,79.0
309,590820,2010,10,31,57.2,73.4,43.3
310,590820,2010,11,1,59.3,77.9,45.1
311,590820,2010,11,2,59.9,77.0,46.4
312,590820,2010,12,5,64.0,78.6,49.1
313,590820,2010,12,28,51.1,68.5,40.3
314,590820,2010,5,25,77.5,90.5,63.0
315,590820,2010,5,26,78.7,90.9,68.7
316,590820,2010,6,5,74.4,87.6,64.4
317,590820,2010,7,10,87.2,94.3,81.3
318,590820,2010,8,18,85.6,95.9,75.7
319,590820,2010,10,1,75.0,81.7,67.8
320,590820,2010,10,12,77.0,83.8,72.7
321,590820,2010,11,17,56.8,64.4,48.2
322,590820,2010,11,18,61.0,67.5,54.1
323,590820,2010,12,4,58.9,76.5,45.7
324,590820,2010,12,19,57.7,68.5,47.3
325,590820,2010,12,29,53.9,72.9,39.6
326,590820,2010,1,6,41.8,43.5,41.0
327,590820,2010,1,22,45.1,50.2,41.7
328,590820,2010,3,8,42.8,45.1,40.6
329,590820,2010,3,15,57.6,73.9,52.2
330,590820,2010,5,23,72.1,84.0,61.9
331,590820,2010,6,21,75.8,79.0,73.8
332,590820,2010,6,24,81.0,88.0,72.3
333,590820,2010,8,5,81.0,98.8,73.4
334,590820,2010,8,17,83.4,92.7,76.3
335,590820,2010,10,15,69.2,76.3,63.0
336,590820,2010,11,25,58.3,70.2,47.1
337,590820,2010,2,18,41.5,45.3,39.7
338,590820,2010,5,9,69.4,81.1,63.9
339,590820,2010,9,23,71.6,73.9,69.3
340,590820,2010,11,19,59.4,70.7,50.7
341,590820,2010,7,9,85.8,91.4,81.7
342,590820,2010,11,7,62.1,80.2,49.8
343,590820,2010,12,22,53.1,70.3,41.4
344,590820,2010,1,31,68.1,75.7,61.0
345,590820,2010,3,6,49.9,67.3,45.5
346,590820,2010,4,6,65.9,71.2,63.0
347,590820,2010,5,5,72.9,77.0,71.8
348,590820,2010,5,6,72.2,74.1,68.5
349,590820,2010,7,21,80.9,97.2,75.2
350,590820,2010,8,16,84.7,94.6,77.5
351,590820,2010,8,26,82.7,94.5,75.4
352,590820,2010,9,12,76.5,81.5,73.4
353,590820,2010,10,24,71.8,80.1,67.5
354,590820,2010,12,13,57.2,61.3,53.8
355,590820,2010,12,16,36.8,44.6,30.2
356,590820,2010,7,15,84.7,95.0,77.0
357,590820,2010,9,7,84.0,94.6,76.3
358,590820,2010,10,27,57.4,65.5,51.4
359,590820,2010,10,29,59.0,69.8,47.3
360,590820,2010,11,22,62.1,68.2,57.9
361,590820,2010,8,28,76.6,84.4,71.1
362,590820,2010,9,30,74.0,80.2,68.0
363,590820,2010,10,21,70.2,74.1,66.7
364,590820,2010,12,1,60.0,68.5,51.8
0,590820,2011,3,17,53.6,59.4,47.7
1,590820,2011,2,25,69.8,80.8,58.1
2,590820,2011,3,18,48.8,51.1,46.6
3,590820,2011,3,24,51.0,52.9,48.4
4,590820,2011,3,28,57.0,73.0,43.7
5,590820,2011,5,7,72.0,76.3,69.4
6,590820,2011,6,14,84.4,90.7,78.3
7,590820,2011,8,6,83.2,94.6,75.2
8,590820,2011,8,10,81.0,91.8,76.1
9,590820,2011,3,23,51.6,56.1,47.3
10,590820,2011,4,12,72.9,79.0,68.4
11,590820,2011,4,15,77.1,84.0,69.1
12,590820,2011,7,4,86.2,93.6,77.4
13,590820,2011,10,20,69.3,80.6,58.5
14,590820,2011,11,13,64.2,78.1,54.0
15,590820,2011,1,5,41.2,43.2,38.7
16,590820,2011,2,23,58.0,62.2,54.0
17,590820,2011,3,13,62.7,70.9,54.1
18,590820,2011,6,3,81.0,88.0,72.3
19,590820,2011,6,30,77.7,85.5,74.7
20,590820,2011,7,31,80.0,93.6,73.6
21,590820,2011,9,14,81.6,93.0,72.3
22,590820,2011,10,11,75.7,84.2,73.8
23,590820,2011,1,18,44.7,52.0,34.0
24,590820,2011,5,30,78.9,91.2,62.4
25,590820,2011,9,24,74.3,81.9,61.0
26,590820,2011,12,12,46.8,60.3,34.3
27,590820,2011,2,14,46.2,54.3,40.3
28,590820,2011,3,5,60.6,67.3,49.8
29,590820,2011,3,25,56.8,61.9,49.8
30,590820,2011,3,27,50.8,57.6,45.9
31,590820,2011,6,9,83.9,91.4,75.9
32,590820,2011,6,25,81.5,92.7,75.4
33,590820,2011,10,1,73.1,76.5,69.8
34,590820,2011,2,6,59.9,78.4,44.8
35,590820,2011,4,14,76.1,85.5,66.7
36,590820,2011,4,16,78.1,85.1,70.3
37,590820,2011,7,5,87.2,94.1,79.3
38,590820,2011,7,10,83.9,91.4,76.8
39,590820,2011,7,19,83.2,92.7,74.7
40,590820,2011,8,22,86.5,96.8,77.0
41,590820,2011,11,29,65.4,81.0,54.3
42,590820,2011,12,6,63.9,74.7,51.6
43,590820,2011,12,26,47.2,62.2,32.0
44,590820,2011,2,15,40.0,44.2,39.2
45,590820,2011,3,14,70.9,82.0,61.0
46,590820,2011,3,21,63.7,82.2,49.3
47,590820,2011,4,29,69.4,77.4,67.3
48,590820,2011,6,23,79.1,88.9,74.5
49,590820,2011,8,31,76.2,81.3,73.6
50,590820,2011,9,16,79.2,94.1,72.0
51,590820,2011,1,15,45.2,55.2,38.7
52,590820,2011,3,15,47.2,68.7,45.3
53,590820,2011,5,3,61.4,64.6,59.4
54,590820,2011,6,28,80.0,89.1,75.4
55,590820,2011,7,22,82.3,88.5,76.1
56,590820,2011,7,29,80.5,91.4,75.0
57,590820,2011,9,8,84.0,94.6,77.2
58,590820,2011,10,25,62.8,67.6,61.2
59,590820,2011,11,22,64.9,76.6,55.9
60,590820,2011,1,1,46.3,58.8,35.8
61,590820,2011,1,17,42.9,54.0,35.2
62,590820,2011,5,18,74.5,87.8,63.9
63,590820,2011,6,26,81.0,89.8,75.0
64,590820,2011,8,19,84.4,96.4,74.5
65,590820,2011,12,16,50.8,59.9,43.7
66,590820,2011,3,7,49.9,56.7,44.6
67,590820,2011,4,17,68.2,74.7,64.6
68,590820,2011,9,13,81.1,93.7,72.7
69,590820,2011,11,10,59.4,66.2,51.3
70,590820,2011,12,28,57.4,64.8,51.4
71,590820,2011,1,9,42.3,46.0,41.0
72,590820,2011,2,28,70.0,83.3,54.7
73,590820,2011,4,18,70.3,84.7,57.9
74,590820,2011,7,27,86.0,95.0,77.0
75,590820,2011,8,16,85.5,95.5,77.2
76,590820,2011,8,12,84.3,91.6,77.0
77,590820,2011,2,17,45.6,47.8,41.9
78,590820,2011,3,19,53.7,55.0,48.9
79,590820,2011,4,4,56.5,62.2,50.5
80,590820,2011,4,5,60.0,63.7,54.0
81,590820,2011,5,6,72.4,76.5,65.1
82,590820,2011,5,13,67.2,69.6,66.4
83,590820,2011,6,8,82.0,92.5,75.9
84,590820,2011,7,1,81.0,89.1,75.0
85,590820,2011,7,13,81.2,89.2,76.8
86,590820,2011,9,1,76.1,82.0,73.2
87,590820,2011,9,10,79.6,87.1,74.7
88,590820,2011,11,4,70.7,75.4,67.5
89,590820,2011,12,30,50.1,53.8,46.0
90,590820,2011,1,29,41.5,46.6,39.0
91,590820,2011,1,31,46.9,53.8,39.9
92,590820,2011,2,4,58.0,76.5,45.1
93,590820,2011,2,9,68.3,77.9,55.0
94,590820,2011,4,2,71.5,83.7,56.1
95,590820,2011,4,11,74.4,84.6,63.9
96,590820,2011,5,26,73.7,82.0,63.9
97,590820,2011,6,1,82.3,93.9,70.0
98,590820,2011,7,7,86.9,94.5,80.4
99,590820,2011,8,27,81.9,93.7,71.2
100,590820,2011,11,6,72.4,83.3,65.3
101,590820,2011,12,5,56.1,69.3,40.6
102,590820,2011,12,21,55.0,66.9,45.1
103,590820,2011,1,3,38.9,42.8,36.7
104,590820,2011,6,17,80.6,88.2,75.6
105,590820,2011,8,11,80.4,88.3,75.4
106,590820,2011,9,28,81.7,90.5,69.4
107,590820,2011,10,7,65.3,67.8,63.3
108,590820,2011,5,17,71.6,83.8,63.5
109,590820,2011,8,4,86.2,96.4,76.1
110,590820,2011,8,21,85.8,97.0,73.6
111,590820,2011,10,19,67.8,81.9,57.4
112,590820,2011,10,24,72.5,85.6,64.4
113,590820,2011,11,16,69.0,80.8,58.3
114,590820,2011,12,3,46.7,62.4,35.1
115,590820,2011,12,13,49.6,65.7,36.7
116,590820,2011,12,14,54.9,68.5,38.8
117,590820,2011,1,2,41.2,45.7,35.2
118,590820,2011,2,16,42.3,43.5,39.0
119,590820,2011,2,24,60.3,65.8,56.1
120,590820,2011,3,11,51.0,52.7,50.5
121,590820,2011,5,5,65.4,66.6,62.6
122,590820,2011,5,9,77.8,84.9,68.0
123,590820,2011,6,13,82.0,88.3,79.0
124,590820,2011,6,18,82.6,90.1,75.4
125,590820,2011,7,15,77.8,86.9,75.7
126,590820,2011,8,9,78.7,86.2,75.9
127,590820,2011,10,5,68.2,74.7,63.3
128,590820,2011,3,2,55.7,64.6,47.7
129,590820,2011,7,3,84.5,91.4,79.2
130,590820,2011,7,24,86.1,96.6,76.8
131,590820,2011,8,18,84.0,94.1,74.7
132,590820,2011,8,26,79.7,89.6,71.6
133,590820,2011,9,6,82.1,88.5,78.4
134,590820,2011,9,12,82.1,92.3,73.9
135,590820,2011,9,18,82.9,94.8,73.4
136,590820,2011,9,27,79.5,90.7,69.3
137,590820,2011,11,2,69.4,82.0,59.2
138,590820,2011,8,5,84.1,96.6,75.6
139,590820,2011,10,3,64.2,68.4,61.2
140,590820,2011,10,12,74.0,77.2,72.5
141,590820,2011,12,29,49.5,55.0,46.6
142,590820,2011,1,28,42.7,47.1,39.6
143,590820,2011,3,1,49.6,64.8,48.0
144,590820,2011,9,23,72.0,81.3,62.8
145,590820,2011,3,6,56.5,63.7,50.5
146,590820,2011,4,3,59.9,75.9,50.7
147,590820,2011,5,11,83.4,92.5,77.2
148,590820,2011,10,2,72.2,77.4,64.2
149,590820,2011,11,20,62.5,75.4,52.7
150,590820,2011,4,19,70.5,86.7,56.8
151,590820,2011,4,26,79.3,86.4,67.8
152,590820,2011,10,27,67.9,76.5,61.7
153,590820,2011,11,14,64.3,78.3,55.4
154,590820,2011,1,10,42.3,46.8,36.5
155,590820,2011,1,19,43.5,48.7,40.5
156,590820,2011,2,10,56.6,73.2,46.9
157,590820,2011,4,22,66.1,72.7,61.7
158,590820,2011,5,16,67.0,71.2,63.7
159,590820,2011,5,22,68.9,78.6,62.1
160,590820,2011,7,9,81.9,94.6,77.0
161,590820,2011,9,30,76.0,84.6,70.0
162,590820,2011,1,14,48.7,56.1,42.8
163,590820,2011,4,8,63.6,70.9,57.7
164,590820,2011,9,20,67.7,74.1,63.7
165,590820,2011,10,21,70.2,82.2,61.7
166,590820,2011,11,26,62.8,76.8,55.4
167,590820,2011,12,23,49.4,56.3,44.1
168,590820,2011,1,4,39.4,41.5,37.6
169,590820,2011,3,9,51.4,52.7,47.1
170,590820,2011,3,10,52.9,54.7,51.3
171,590820,2011,6,12,81.8,87.4,76.5
172,590820,2011,9,7,83.8,92.1,75.9
173,590820,2011,9,25,75.9,82.6,69.8
174,590820,2011,9,26,77.5,85.1,69.8
175,590820,2011,12,31,51.4,55.9,47.5
176,590820,2011,4,27,80.0,95.7,66.6
177,590820,2011,5,31,80.6,93.9,69.3
178,590820,2011,6,6,84.5,91.8,78.6
179,590820,2011,8,25,78.3,86.9,72.9
180,590820,2011,8,30,85.2,95.4,74.5
181,590820,2011,10,31,68.7,79.5,58.1
182,590820,2011,11,24,58.5,74.7,46.9
183,590820,2011,11,27,64.5,80.1,54.7
184,590820,2011,12,17,50.4,59.5,43.3
185,590820,2011,1,7,40.1,45.7,35.4
186,590820,2011,1,26,44.9,46.9,41.9
187,590820,2011,2,12,45.7,49.5,42.8
188,590820,2011,2,20,53.2,62.4,45.5
189,590820,2011,2,21,56.3,64.9,48.9
190,590820,2011,5,4,65.0,69.1,59.2
191,590820,2011,5,10,82.3,87.8,74.1
192,590820,2011,5,24,67.3,75.0,61.0
193,590820,2011,7,14,81.1,90.7,76.8
194,590820,2011,11,18,71.6,75.0,68.7
195,590820,2011,1,22,42.0,45.1,36.9
196,590820,2011,1,30,44.0,50.2,38.8
197,590820,2011,3,4,52.0,55.8,47.3
198,590820,2011,4,20,74.5,84.6,55.8
199,590820,2011,4,24,70.7,86.0,53.1
200,590820,2011,7,2,84.1,90.7,76.5
201,590820,2011,10,16,68.0,81.9,56.5
202,590820,2011,10,23,72.7,85.5,63.3
203,590820,2011,10,26,65.7,71.1,60.6
204,590820,2011,10,28,66.8,74.3,61.3
205,590820,2011,11,15,65.5,77.4,54.7
206,590820,2011,1,24,41.6,44.4,38.8
207,590820,2011,5,15,69.2,72.3,67.5
208,590820,2011,7,21,85.1,92.1,76.5
209,590820,2011,9,15,80.6,94.1,74.3
210,590820,2011,10,10,78.8,90.1,66.2
211,590820,2011,11,17,72.8,81.0,62.8
212,590820,2011,2,3,55.3,68.4,44.2
213,590820,2011,2,7,63.2,77.5,51.6
214,590820,2011,2,8,64.8,78.6,55.9
215,590820,2011,3,31,65.8,77.9,54.7
216,590820,2011,4,21,71.2,75.6,68.9
217,590820,2011,5,29,75.7,92.3,60.8
218,590820,2011,7,28,87.3,99.9,76.1
219,590820,2011,8,2,85.2,94.8,75.7
220,590820,2011,1,20,39.1,40.8,37.9
221,590820,2011,2,13,42.2,44.4,40.6
222,590820,2011,5,12,72.9,81.5,66.6
223,590820,2011,6,11,82.7,89.8,77.0
224,590820,2011,6,15,80.2,90.3,76.3
225,590820,2011,7,11,82.0,93.0,77.2
226,590820,2011,8,23,82.3,94.6,77.0
227,590820,2011,8,24,77.4,90.5,73.2
228,590820,2011,3,22,50.5,53.2,47.7
229,590820,2011,12,9,48.9,56.5,44.6
230,590820,2011,2,27,68.5,78.8,58.5
231,590820,2011,3,3,49.8,54.9,47.7
232,590820,2011,4,23,67.8,83.7,54.1
233,590820,2011,2,11,46.2,51.4,43.5
234,590820,2011,6,2,76.3,82.0,72.3
235,590820,2011,6,5,83.0,90.1,79.5
236,590820,2011,7,8,83.3,94.3,77.5
237,590820,2011,11,8,61.3,70.3,57.0
238,590820,2011,11,30,59.0,74.7,48.4
239,590820,2011,1,27,47.0,54.5,43.2
240,590820,2011,4,1,67.4,82.0,56.7
241,590820,2011,9,19,70.2,75.9,65.7
242,590820,2011,10,8,69.9,78.8,63.9
243,590820,2011,10,15,68.7,80.6,57.2
244,590820,2011,10,29,66.1,72.5,61.3
245,590820,2011,10,30,65.5,74.8,58.5
246,590820,2011,11,1,68.5,80.1,59.7
247,590820,2011,11,23,61.1,74.7,48.6
248,590820,2011,3,26,51.7,56.3,46.0
249,590820,2011,5,23,64.2,69.3,61.3
250,590820,2011,8,8,81.1,95.5,76.6
251,590820,2011,9,3,80.1,89.8,76.1
252,590820,2011,5,27,74.3,86.4,62.8
253,590820,2011,8,17,85.1,96.4,75.2
254,590820,2011,9,11,80.5,90.0,73.9
255,590820,2011,2,18,46.0,48.7,44.4
256,590820,2011,3,8,52.3,62.2,43.9
257,590820,2011,6,22,80.8,89.4,76.5
258,590820,2011,6,27,80.5,92.1,74.8
259,590820,2011,7,20,81.6,90.0,75.0
260,590820,2011,7,23,85.1,93.4,75.6
261,590820,2011,8,7,83.3,95.7,77.4
262,590820,2011,8,14,86.4,93.6,81.5
263,590820,2011,10,4,64.0,66.2,60.8
264,590820,2011,11,9,57.4,59.2,56.3
265,590820,2011,1,16,43.0,49.8,35.2
266,590820,2011,3,29,58.9,74.8,43.7
267,590820,2011,4,6,66.7,75.2,57.9
268,590820,2011,4,25,78.0,88.7,59.7
269,590820,2011,4,28,80.0,90.0,67.3
270,590820,2011,6,24,82.6,92.3,74.1
271,590820,2011,9,5,84.4,94.8,76.5
272,590820,2011,9,17,81.4,95.0,71.6
273,590820,2011,9,22,71.1,82.2,60.1
274,590820,2011,11,3,73.2,83.7,60.4
275,590820,2011,12,25,43.0,59.0,30.4
276,590820,2011,1,11,37.0,39.4,35.8
277,590820,2011,1,12,44.9,53.1,35.2
278,590820,2011,1,13,47.8,51.1,43.7
279,590820,2011,1,25,42.3,44.1,39.4
280,590820,2011,2,19,47.8,51.1,44.4
281,590820,2011,3,12,54.6,57.9,50.9
282,590820,2011,3,16,51.1,55.2,45.1
283,590820,2011,3,20,67.5,76.8,53.6
284,590820,2011,5,21,80.2,89.1,69.6
285,590820,2011,6,4,82.0,88.3,76.8
286,590820,2011,6,16,81.5,89.6,75.0
287,590820,2011,8,13,86.1,92.8,79.2
288,590820,2011,10,14,69.2,73.8,64.9
289,590820,2011,11,21,63.6,72.1,52.3
290,590820,2011,1,8,45.3,49.6,36.3
291,590820,2011,2,5,57.9,75.6,45.1
292,590820,2011,4,9,71.1,81.9,57.7
293,590820,2011,4,13,76.0,84.9,68.0
294,590820,2011,5,19,76.7,88.9,63.0
295,590820,2011,5,20,78.2,89.1,66.9
296,590820,2011,7,25,87.9,98.8,76.8
297,590820,2011,7,26,87.0,94.3,79.3
298,590820,2011,8,20,83.5,95.9,73.8
299,590820,2011,8,28,84.2,94.3,73.4
300,590820,2011,9,4,83.0,93.0,75.7
301,590820,2011,10,9,74.0,86.7,63.1
302,590820,2011,10,22,71.7,85.1,61.3
303,590820,2011,11,25,60.4,69.8,50.2
304,590820,2011,11,28,64.9,80.2,54.5
305,590820,2011,12,11,43.7,55.9,32.2
306,590820,2011,12,27,54.9,66.0,40.5
307,590820,2011,2,22,57.7,62.6,53.6
308,590820,2011,4,30,76.9,79.9,67.1
309,590820,2011,5,14,68.1,69.1,66.2
310,590820,2011,6,19,85.4,95.2,75.0
311,590820,2011,6,21,82.8,97.7,75.7
312,590820,2011,7,16,78.6,83.3,75.7
313,590820,2011,9,2,78.1,83.8,75.2
314,590820,2011,11,7,75.0,83.7,66.0
315,590820,2011,11,11,59.6,71.4,50.5
316,590820,2011,2,2,48.5,59.9,38.5
317,590820,2011,3,30,60.6,70.9,45.9
318,590820,2011,4,10,73.7,86.2,63.3
319,590820,2011,5,25,70.2,76.5,64.4
320,590820,2011,8,1,84.3,93.4,75.0
321,590820,2011,8,3,86.0,96.1,75.9
322,590820,2011,10,18,67.4,81.5,55.4
323,590820,2011,11,12,62.4,76.6,51.4
324,590820,2011,12,4,50.2,66.0,36.7
325,590820,2011,12,19,47.9,63.0,36.9
326,590820,2011,12,20,51.9,67.8,38.5
327,590820,2011,12,2,43.8,53.1,35.8
328,590820,2011,1,23,43.0,46.2,40.3
329,590820,2011,5,2,73.5,82.8,62.4
330,590820,2011,6,20,84.4,95.0,76.1
331,590820,2011,7,12,80.0,86.9,76.8
332,590820,2011,9,29,77.2,81.5,73.0
333,590820,2011,10,13,70.5,75.4,65.1
334,590820,2011,11,19,69.5,78.3,58.6
335,590820,2011,12,8,49.3,51.6,47.3
336,590820,2011,2,26,67.4,77.5,60.6
337,590820,2011,7,6,86.9,94.5,80.8
338,590820,2011,8,15,86.1,94.3,79.9
339,590820,2011,12,10,44.7,52.3,34.9
340,590820,2011,12,22,50.4,57.6,46.4
341,590820,2011,1,6,39.2,41.4,36.9
342,590820,2011,1,21,39.4,42.8,37.0
343,590820,2011,5,1,72.9,81.1,69.6
344,590820,2011,9,9,81.6,92.1,74.8
345,590820,2011,12,1,45.8,50.4,42.8
346,590820,2011,12,7,57.6,65.1,50.4
347,590820,2011,2,1,45.5,52.3,39.0
348,590820,2011,4,7,70.5,79.3,63.1
349,590820,2011,5,28,75.0,89.2,61.5
350,590820,2011,9,21,66.9,72.3,60.6
351,590820,2011,5,8,70.0,73.2,68.2
352,590820,2011,6,7,81.3,92.5,76.1
353,590820,2011,6,10,83.6,88.9,79.5
354,590820,2011,6,29,76.2,79.2,75.0
355,590820,2011,7,17,82.4,91.9,76.1
356,590820,2011,7,18,82.4,94.3,75.2
357,590820,2011,7,30,79.7,91.4,73.8
358,590820,2011,8,29,81.0,95.9,75.0
359,590820,2011,10,6,66.5,72.7,63.5
360,590820,2011,10,17,67.5,81.5,56.5
361,590820,2011,11,5,72.2,82.2,65.7
362,590820,2011,12,15,54.7,62.2,48.9
363,590820,2011,12,18,49.3,61.7,38.5
364,590820,2011,12,24,44.1,57.0,31.8
0,590820,2012,3,15,56.2,57.6,52.7
1,590820,2012,4,30,82.1,88.0,71.2
2,590820,2012,12,31,42.5,51.3,28.4
3,590820,2012,4,12,75.8,84.9,70.2
4,590820,2012,1,13,49.8,50.5,47.3
5,590820,2012,1,24,37.7,39.4,36.1
6,590820,2012,1,25,39.5,46.2,35.2
7,590820,2012,2,4,46.1,47.3,44.2
8,590820,2012,2,11,41.5,43.5,38.5
9,590820,2012,2,13,60.8,76.5,45.9
10,590820,2012,2,16,46.5,47.7,44.6
11,590820,2012,3,11,51.1,54.1,46.4
12,590820,2012,3,21,63.5,66.2,61.5
13,590820,2012,3,28,70.7,80.4,57.2
14,590820,2012,4,14,76.3,82.0,64.4
15,590820,2012,4,23,74.8,76.3,67.5
16,590820,2012,4,24,80.6,84.2,72.7
17,590820,2012,5,15,71.2,75.4,69.3
18,590820,2012,5,18,77.5,88.7,73.6
19,590820,2012,5,19,79.4,86.5,74.5
20,590820,2012,5,27,77.5,84.9,70.5
21,590820,2012,6,6,82.8,89.1,77.9
22,590820,2012,6,23,77.5,81.5,75.4
23,590820,2012,7,15,85.1,93.6,77.7
24,590820,2012,7,17,82.7,90.5,77.7
25,590820,2012,7,28,79.3,85.3,72.9
26,590820,2012,8,5,76.5,84.9,72.0
27,590820,2012,8,12,82.9,93.6,74.8
28,590820,2012,9,19,71.5,77.2,67.6
29,590820,2012,9,20,68.8,69.4,68.4
30,590820,2012,9,21,73.7,78.6,68.5
31,590820,2012,9,23,79.0,88.0,73.4
32,590820,2012,11,3,68.2,81.3,52.9
33,590820,2012,11,8,60.1,61.9,58.1
34,590820,2012,11,12,59.9,69.6,49.1
35,590820,2012,11,15,70.1,80.1,61.9
36,590820,2012,11,18,57.7,70.5,45.9
37,590820,2012,11,20,62.9,65.8,61.5
38,590820,2012,11,21,67.0,70.3,62.2
39,590820,2012,12,6,51.7,65.7,39.7
40,590820,2012,12,15,67.6,79.5,55.2
41,590820,2012,2,14,69.6,82.9,55.6
42,590820,2012,2,20,55.5,60.3,47.7
43,590820,2012,3,19,75.5,82.9,67.5
44,590820,2012,4,4,72.7,79.5,60.1
45,590820,2012,5,17,79.0,88.0,71.8
46,590820,2012,6,5,82.8,91.4,74.8
47,590820,2012,6,20,84.6,95.4,75.9
48,590820,2012,7,2,82.7,92.1,73.6
49,590820,2012,7,14,87.5,96.3,81.1
50,590820,2012,7,19,85.4,95.7,75.9
51,590820,2012,7,31,85.0,97.3,72.7
52,590820,2012,9,9,82.5,95.0,72.9
53,590820,2012,9,28,76.9,86.0,66.4
54,590820,2012,10,7,74.6,83.8,64.2
55,590820,2012,10,14,74.7,89.1,61.9
56,590820,2012,10,15,76.3,87.6,66.0
57,590820,2012,11,2,61.4,77.5,47.7
58,590820,2012,11,13,63.3,75.9,55.6
59,590820,2012,12,12,51.2,55.2,46.4
60,590820,2012,1,6,41.8,44.2,37.2
61,590820,2012,1,7,44.1,46.8,41.4
62,590820,2012,1,12,47.6,49.6,45.3
63,590820,2012,1,28,44.4,46.0,41.5
64,590820,2012,2,21,60.2,65.7,54.0
65,590820,2012,2,22,66.7,74.8,58.1
66,590820,2012,2,29,46.4,47.5,43.5
67,590820,2012,3,4,53.0,55.0,49.8
68,590820,2012,3,7,50.1,53.6,48.2
69,590820,2012,3,13,52.1,54.9,49.6
70,590820,2012,3,17,72.6,81.0,63.3
71,590820,2012,4,8,61.9,63.0,59.7
72,590820,2012,4,9,65.6,68.0,61.7
73,590820,2012,4,10,76.9,84.0,65.1
74,590820,2012,4,18,68.1,69.8,65.3
75,590820,2012,4,19,71.4,77.4,68.0
76,590820,2012,4,22,74.8,86.0,58.3
77,590820,2012,5,3,75.0,83.1,72.1
78,590820,2012,5,12,77.7,83.1,73.4
79,590820,2012,5,22,78.0,85.1,71.8
80,590820,2012,5,29,78.6,86.5,74.7
81,590820,2012,6,10,84.8,92.3,77.7
82,590820,2012,6,22,77.2,80.1,75.6
83,590820,2012,6,24,76.7,79.2,74.8
84,590820,2012,6,27,79.8,87.3,75.0
85,590820,2012,7,18,80.1,90.9,76.5
86,590820,2012,8,2,85.1,97.0,74.7
87,590820,2012,8,3,81.7,89.4,76.8
88,590820,2012,8,6,81.5,93.2,72.5
89,590820,2012,8,14,83.0,93.2,74.1
90,590820,2012,8,16,84.8,96.6,76.5
91,590820,2012,8,18,82.8,92.5,75.0
92,590820,2012,8,19,84.0,95.5,75.9
93,590820,2012,8,23,77.1,81.3,72.9
94,590820,2012,9,25,75.9,80.6,72.1
95,590820,2012,10,28,72.9,78.4,69.1
96,590820,2012,11,28,51.9,53.8,48.7
97,590820,2012,12,4,52.3,56.1,49.8
98,590820,2012,1,2,55.0,61.0,50.5
99,590820,2012,1,9,48.2,59.2,39.9
100,590820,2012,4,1,69.9,80.6,50.7
101,590820,2012,5,23,81.7,90.3,73.8
102,590820,2012,6,13,84.5,94.5,73.6
103,590820,2012,7,4,84.1,93.2,74.1
104,590820,2012,7,10,86.6,92.8,80.2
105,590820,2012,7,29,83.1,92.8,75.6
106,590820,2012,8,9,84.3,95.0,74.5
107,590820,2012,8,25,81.8,90.5,73.9
108,590820,2012,9,16,73.6,84.7,58.5
109,590820,2012,10,6,73.4,84.7,64.0
110,590820,2012,10,19,71.2,84.7,57.4
111,590820,2012,10,20,73.8,85.8,63.3
112,590820,2012,1,14,51.4,53.6,48.6
113,590820,2012,1,21,45.1,47.5,40.8
114,590820,2012,1,22,39.4,42.8,37.6
115,590820,2012,2,9,41.2,43.7,39.2
116,590820,2012,2,15,52.7,65.7,45.0
117,590820,2012,2,24,53.5,56.8,48.6
118,590820,2012,2,25,46.7,51.3,44.6
119,590820,2012,3,2,50.4,52.3,48.4
120,590820,2012,3,31,64.4,75.9,52.7
121,590820,2012,4,21,70.0,82.8,58.6
122,590820,2012,5,20,79.3,89.2,68.4
123,590820,2012,6,9,84.9,94.1,78.1
124,590820,2012,7,5,83.7,95.9,76.5
125,590820,2012,7,20,79.3,94.8,75.4
126,590820,2012,7,22,81.5,95.9,76.5
127,590820,2012,8,21,81.7,92.7,77.2
128,590820,2012,9,13,74.1,83.3,67.5
129,590820,2012,9,14,69.2,73.8,63.7
130,590820,2012,10,29,72.7,79.2,69.1
131,590820,2012,11,10,59.9,66.9,55.8
132,590820,2012,11,25,57.4,61.0,49.6
133,590820,2012,12,22,43.2,45.3,42.1
134,590820,2012,3,20,71.5,80.4,62.6
135,590820,2012,7,3,83.5,92.3,74.5
136,590820,2012,7,11,86.6,93.6,81.9
137,590820,2012,8,7,82.0,95.0,75.2
138,590820,2012,8,28,81.5,92.8,72.7
139,590820,2012,9,5,77.2,86.4,70.5
140,590820,2012,10,1,68.6,84.4,56.3
141,590820,2012,10,4,72.2,85.8,61.7
142,590820,2012,10,8,74.1,84.4,66.0
143,590820,2012,12,8,56.0,70.7,46.2
144,590820,2012,12,16,62.8,70.3,58.1
145,590820,2012,5,8,83.5,90.7,76.1
146,590820,2012,12,30,38.2,48.6,29.3
147,590820,2012,1,18,52.1,58.5,48.7
148,590820,2012,1,19,48.8,52.3,47.1
149,590820,2012,2,2,46.9,50.7,42.3
150,590820,2012,2,26,43.8,46.6,40.5
151,590820,2012,3,18,71.8,78.4,68.2
152,590820,2012,3,30,72.2,81.0,62.8
153,590820,2012,4,6,62.7,67.8,58.8
154,590820,2012,4,11,77.5,84.7,71.6
155,590820,2012,4,13,70.8,79.2,64.6
156,590820,2012,4,15,74.7,84.4,65.3
157,590820,2012,4,25,67.0,80.6,61.3
158,590820,2012,5,1,82.5,91.9,74.5
159,590820,2012,5,6,76.4,87.8,72.3
160,590820,2012,5,10,77.7,83.7,74.3
161,590820,2012,6,21,77.9,84.2,75.7
162,590820,2012,6,30,78.8,86.0,73.8
163,590820,2012,7,16,83.9,94.5,78.3
164,590820,2012,7,25,78.1,85.8,75.0
165,590820,2012,9,10,78.9,92.1,73.8
166,590820,2012,9,24,74.2,76.6,72.3
167,590820,2012,9,26,76.7,86.7,70.2
168,590820,2012,10,27,71.1,77.0,69.3
169,590820,2012,10,31,61.0,74.5,48.6
170,590820,2012,11,11,55.9,62.6,49.5
171,590820,2012,11,17,54.4,63.3,46.0
172,590820,2012,11,22,63.8,74.5,55.2
173,590820,2012,11,26,48.6,54.3,44.1
174,590820,2012,12,5,51.4,62.1,41.5
175,590820,2012,12,18,46.0,49.8,40.1
176,590820,2012,1,31,48.0,57.6,43.0
177,590820,2012,4,3,69.6,82.2,60.8
178,590820,2012,5,24,81.9,91.0,75.0
179,590820,2012,8,1,86.0,99.0,75.4
180,590820,2012,9,27,76.4,87.4,66.9
181,590820,2012,9,29,71.6,83.3,59.4
182,590820,2012,12,3,52.2,53.6,50.4
183,590820,2012,6,1,74.9,78.6,71.1
184,590820,2012,10,26,77.8,89.2,63.7
185,590820,2012,12,28,50.0,53.1,46.2
186,590820,2012,1,8,45.4,48.4,43.2
187,590820,2012,1,11,49.3,56.8,41.0
188,590820,2012,1,17,52.0,58.3,46.2
189,590820,2012,1,26,37.7,38.8,35.4
190,590820,2012,1,29,47.5,50.7,43.3
191,590820,2012,2,1,49.2,53.6,42.1
192,590820,2012,2,3,45.0,47.1,41.7
193,590820,2012,2,5,50.4,51.6,45.7
194,590820,2012,2,17,47.8,52.9,45.3
195,590820,2012,2,27,40.1,42.1,39.7
196,590820,2012,2,28,44.4,47.5,39.4
197,590820,2012,3,1,49.8,50.7,46.2
198,590820,2012,3,10,48.6,51.8,44.6
199,590820,2012,3,12,52.8,58.3,48.2
200,590820,2012,3,25,58.4,75.2,46.9
201,590820,2012,4,26,65.5,71.2,61.0
202,590820,2012,5,7,80.8,86.4,71.4
203,590820,2012,5,16,74.5,79.9,68.7
204,590820,2012,6,3,77.6,84.9,69.6
205,590820,2012,6,16,78.2,89.1,75.4
206,590820,2012,6,18,83.1,91.4,74.8
207,590820,2012,7,6,80.4,89.8,76.3
208,590820,2012,7,23,81.4,87.8,75.6
209,590820,2012,8,10,83.1,93.9,75.7
210,590820,2012,8,15,85.2,98.1,75.7
211,590820,2012,8,24,79.5,87.6,73.9
212,590820,2012,9,22,81.2,91.9,72.3
213,590820,2012,10,18,66.2,81.1,53.2
214,590820,2012,11,1,58.3,73.8,47.5
215,590820,2012,11,5,63.7,72.3,57.7
216,590820,2012,11,6,63.9,74.5,58.5
217,590820,2012,11,9,62.5,64.4,59.4
218,590820,2012,11,14,66.6,76.8,56.7
219,590820,2012,11,24,57.4,61.7,54.1
220,590820,2012,11,29,56.0,60.4,51.1
221,590820,2012,12,2,53.2,55.9,50.9
222,590820,2012,12,14,57.1,60.6,54.5
223,590820,2012,12,20,48.2,50.0,44.4
224,590820,2012,12,27,47.2,48.4,45.5
225,590820,2012,1,10,49.3,61.2,40.6
226,590820,2012,3,26,61.7,78.3,46.8
227,590820,2012,6,4,77.7,85.1,73.6
228,590820,2012,6,8,86.5,94.3,76.3
229,590820,2012,6,29,84.7,97.2,74.7
230,590820,2012,7,1,81.5,92.1,73.2
231,590820,2012,7,13,86.5,93.9,80.8
232,590820,2012,8,8,84.0,95.5,74.5
233,590820,2012,8,20,83.5,94.5,75.9
234,590820,2012,8,29,82.8,95.2,72.3
235,590820,2012,8,30,82.7,94.6,74.3
236,590820,2012,9,2,83.0,94.6,74.5
237,590820,2012,9,4,76.9,82.0,72.5
238,590820,2012,9,18,73.8,85.5,62.8
239,590820,2012,10,2,68.8,84.9,55.0
240,590820,2012,10,3,71.0,86.7,57.4
241,590820,2012,10,9,74.0,84.6,65.1
242,590820,2012,10,24,71.0,82.9,63.3
243,590820,2012,12,9,58.1,69.1,45.9
244,590820,2012,5,5,78.0,86.2,72.9
245,590820,2012,7,8,84.6,92.3,75.7
246,590820,2012,1,5,37.5,38.1,35.2
247,590820,2012,1,16,48.2,52.5,43.9
248,590820,2012,1,27,42.0,43.5,37.2
249,590820,2012,2,12,47.1,50.9,41.0
250,590820,2012,3,3,50.7,53.1,48.4
251,590820,2012,3,5,56.6,58.5,52.2
252,590820,2012,3,14,53.2,55.8,50.5
253,590820,2012,3,16,64.4,68.2,56.7
254,590820,2012,3,24,56.2,68.5,47.1
255,590820,2012,3,29,72.4,79.9,66.0
256,590820,2012,4,7,61.0,64.4,57.9
257,590820,2012,4,17,66.8,68.9,63.7
258,590820,2012,4,27,65.7,68.2,62.2
259,590820,2012,4,28,71.6,75.9,66.0
260,590820,2012,4,29,77.4,85.3,70.5
261,590820,2012,5,4,79.2,88.2,72.0
262,590820,2012,5,21,78.3,86.2,68.4
263,590820,2012,5,28,79.4,86.4,74.3
264,590820,2012,6,25,79.5,85.8,75.6
265,590820,2012,6,26,78.2,87.3,75.6
266,590820,2012,9,11,79.4,89.8,73.2
267,590820,2012,11,27,50.0,53.2,44.1
268,590820,2012,12,13,54.5,57.4,48.2
269,590820,2012,12,19,45.3,50.0,37.4
270,590820,2012,1,1,53.6,57.9,48.9
271,590820,2012,2,18,48.4,53.2,45.3
272,590820,2012,2,19,51.0,56.8,44.8
273,590820,2012,3,27,65.9,81.0,49.8
274,590820,2012,4,16,68.7,73.2,65.1
275,590820,2012,5,9,85.6,93.9,75.4
276,590820,2012,6,15,80.1,86.0,74.5
277,590820,2012,7,9,86.3,93.2,79.2
278,590820,2012,7,21,85.3,98.1,75.0
279,590820,2012,8,26,83.2,94.3,74.3
280,590820,2012,8,27,83.8,94.8,73.6
281,590820,2012,9,1,81.7,93.9,73.8
282,590820,2012,9,6,80.7,91.9,70.0
283,590820,2012,9,8,80.6,92.7,71.4
284,590820,2012,9,30,67.8,81.0,58.1
285,590820,2012,10,5,73.1,88.0,61.3
286,590820,2012,10,11,69.1,83.3,58.6
287,590820,2012,10,12,69.7,85.8,58.3
288,590820,2012,10,13,71.9,87.4,58.3
289,590820,2012,10,16,77.9,88.2,68.7
290,590820,2012,10,22,75.2,89.6,63.1
291,590820,2012,10,25,73.8,88.0,62.8
292,590820,2012,11,19,64.6,75.6,52.5
293,590820,2012,12,7,55.3,68.7,43.7
294,590820,2012,12,24,41.4,54.7,30.6
295,590820,2012,12,25,51.3,61.9,34.5
296,590820,2012,11,7,59.2,61.2,58.5
297,590820,2012,1,3,44.9,54.0,40.6
298,590820,2012,1,15,46.8,50.7,44.2
299,590820,2012,1,20,47.1,48.4,45.3
300,590820,2012,1,23,39.8,44.2,36.5
301,590820,2012,1,30,47.6,52.0,45.1
302,590820,2012,2,7,49.3,55.0,45.3
303,590820,2012,2,10,39.6,40.5,38.5
304,590820,2012,3,8,48.3,50.4,46.2
305,590820,2012,3,9,46.4,48.9,45.0
306,590820,2012,3,23,50.9,71.4,48.9
307,590820,2012,4,5,64.9,72.5,60.4
308,590820,2012,4,20,69.5,74.5,64.0
309,590820,2012,5,11,76.0,82.0,73.4
310,590820,2012,5,13,75.2,79.0,72.7
311,590820,2012,5,14,77.5,88.9,69.6
312,590820,2012,5,30,75.9,84.6,72.0
313,590820,2012,5,31,75.6,79.3,71.1
314,590820,2012,6,17,81.2,91.0,75.0
315,590820,2012,6,19,81.3,91.2,76.3
316,590820,2012,7,7,81.0,91.8,76.1
317,590820,2012,7,26,78.5,86.2,74.7
318,590820,2012,8,4,75.2,80.4,73.0
319,590820,2012,8,13,79.5,87.8,74.1
320,590820,2012,9,3,79.8,91.9,72.5
321,590820,2012,9,7,77.3,92.3,71.8
322,590820,2012,10,17,66.1,77.4,54.1
323,590820,2012,11,4,64.1,73.9,58.1
324,590820,2012,11,30,54.6,56.8,53.2
325,590820,2012,12,10,53.0,57.4,48.0
326,590820,2012,12,21,46.6,50.5,44.4
327,590820,2012,3,22,70.0,78.6,59.5
328,590820,2012,4,2,70.8,77.0,65.7
329,590820,2012,6,12,80.3,88.3,74.1
330,590820,2012,7,12,86.1,93.6,81.1
331,590820,2012,10,21,73.5,86.5,63.9
332,590820,2012,10,23,70.3,80.6,63.5
333,590820,2012,12,23,40.2,47.5,31.6
334,590820,2012,12,11,49.2,51.8,47.1
335,590820,2012,1,4,38.1,42.4,35.4
336,590820,2012,2,6,51.7,58.1,46.9
337,590820,2012,2,8,43.8,47.8,39.9
338,590820,2012,2,23,67.0,78.8,55.0
339,590820,2012,3,6,52.0,55.8,48.7
340,590820,2012,5,2,77.7,89.2,72.7
341,590820,2012,5,26,77.5,85.8,71.4
342,590820,2012,6,2,73.6,80.2,69.8
343,590820,2012,6,7,83.3,90.9,76.8
344,590820,2012,6,11,78.4,84.4,75.7
345,590820,2012,6,14,80.0,92.8,74.5
346,590820,2012,7,24,79.7,84.4,76.1
347,590820,2012,7,27,78.4,89.2,73.2
348,590820,2012,8,11,83.5,95.2,75.6
349,590820,2012,8,17,80.9,89.4,75.4
350,590820,2012,8,22,77.7,91.0,73.0
351,590820,2012,8,31,79.1,91.8,73.9
352,590820,2012,9,12,81.9,91.9,74.5
353,590820,2012,9,15,70.0,82.9,59.2
354,590820,2012,10,30,62.3,69.6,60.8
355,590820,2012,11,16,57.6,69.6,51.1
356,590820,2012,11,23,56.6,59.0,54.9
357,590820,2012,12,1,53.2,55.4,51.3
358,590820,2012,12,17,55.5,61.5,46.2
359,590820,2012,12,26,51.8,57.0,47.1
360,590820,2012,12,29,40.8,50.7,36.0
361,590820,2012,5,25,79.0,85.8,73.6
362,590820,2012,6,28,83.2,93.2,75.0
363,590820,2012,7,30,81.5,95.5,73.0
364,590820,2012,9,17,73.9,84.7,63.7
365,590820,2012,10,10,70.6,83.1,59.4
0,590820,2013,8,16,75.8,77.5,74.3
1,590820,2013,5,16,75.5,80.4,72.0
2,590820,2013,1,5,38.1,40.3,34.3
3,590820,2013,1,12,49.0,56.1,45.1
4,590820,2013,3,19,71.4,74.3,65.7
5,590820,2013,4,7,57.2,66.6,45.5
6,590820,2013,5,14,79.2,85.5,73.8
7,590820,2013,7,1,84.6,92.5,76.5
8,590820,2013,8,31,80.0,90.7,74.3
9,590820,2013,9,23,76.9,78.6,75.0
10,590820,2013,1,6,39.8,42.6,37.0
11,590820,2013,4,28,73.0,81.3,66.9
12,590820,2013,7,16,80.1,87.1,76.5
13,590820,2013,7,21,79.7,86.5,74.8
14,590820,2013,9,8,78.3,87.6,71.1
15,590820,2013,10,17,69.5,76.5,63.1
16,590820,2013,10,18,66.7,74.5,61.9
17,590820,2013,5,24,84.1,91.9,73.9
18,590820,2013,1,31,63.6,70.3,57.0
19,590820,2013,2,5,68.7,78.8,61.9
20,590820,2013,2,17,62.6,69.1,49.8
21,590820,2013,6,15,78.2,84.0,73.9
22,590820,2013,6,29,85.9,93.6,79.7
23,590820,2013,8,30,75.1,85.3,73.9
24,590820,2013,12,17,45.2,48.6,42.8
25,590820,2013,7,13,89.6,101.1,74.7
26,590820,2013,11,16,60.5,69.4,49.1
27,590820,2013,12,24,43.7,59.2,31.8
28,590820,2013,12,26,48.4,58.8,32.7
29,590820,2013,1,16,56.7,65.7,50.0
30,590820,2013,4,9,60.9,67.5,56.3
31,590820,2013,5,21,73.4,75.2,70.5
32,590820,2013,5,29,78.4,90.9,73.2
33,590820,2013,7,3,85.3,92.7,74.8
34,590820,2013,7,6,85.3,92.7,78.1
35,590820,2013,7,18,82.8,92.3,74.1
36,590820,2013,11,8,70.7,81.0,59.0
37,590820,2013,3,8,66.8,83.5,53.1
38,590820,2013,9,14,81.0,92.1,72.5
39,590820,2013,10,14,73.8,87.1,65.1
40,590820,2013,10,28,66.2,77.4,53.1
41,590820,2013,12,5,51.4,68.4,39.0
42,590820,2013,12,29,41.4,55.8,30.9
43,590820,2013,12,30,43.4,58.8,31.3
44,590820,2013,10,8,72.7,75.6,68.2
45,590820,2013,11,27,52.5,55.2,49.8
46,590820,2013,7,20,79.3,90.1,75.0
47,590820,2013,8,13,80.3,97.5,74.8
48,590820,2013,11,15,57.2,64.8,49.8
49,590820,2013,11,28,50.7,63.3,37.6
50,590820,2013,12,12,53.4,58.8,49.1
51,590820,2013,12,18,45.7,49.3,43.3
52,590820,2013,9,20,81.4,92.7,71.2
53,590820,2013,1,17,50.8,56.1,45.9
54,590820,2013,2,8,42.5,47.5,39.0
55,590820,2013,3,23,73.0,82.0,62.2
56,590820,2013,6,21,83.1,97.3,75.6
57,590820,2013,11,5,69.4,75.6,66.4
58,590820,2013,3,13,68.8,80.2,58.5
59,590820,2013,10,2,74.5,88.5,62.1
60,590820,2013,10,31,70.6,84.2,59.9
61,590820,2013,3,24,67.3,75.9,60.8
62,590820,2013,4,14,67.3,82.0,55.4
63,590820,2013,8,7,85.3,94.8,77.4
64,590820,2013,12,14,50.8,52.0,50.0
65,590820,2013,12,1,52.7,68.4,38.7
66,590820,2013,9,17,78.5,93.0,66.2
67,590820,2013,12,21,42.2,54.3,31.6
68,590820,2013,7,12,85.1,99.7,74.7
69,590820,2013,2,9,42.1,44.4,38.8
70,590820,2013,8,1,84.9,96.6,73.8
71,590820,2013,1,15,55.0,65.8,39.6
72,590820,2013,2,6,67.4,73.0,61.5
73,590820,2013,3,28,59.5,60.6,57.7
74,590820,2013,5,9,76.8,82.8,70.5
75,590820,2013,6,24,80.6,87.4,75.6
76,590820,2013,7,22,82.8,91.0,74.5
77,590820,2013,8,21,81.6,93.4,75.4
78,590820,2013,1,2,50.1,54.5,46.2
79,590820,2013,1,10,47.9,55.2,39.4
80,590820,2013,2,13,52.9,64.6,45.3
81,590820,2013,3,4,52.6,70.7,39.6
82,590820,2013,5,2,66.6,70.9,62.6
83,590820,2013,6,18,84.5,90.9,76.6
84,590820,2013,8,2,81.5,93.6,73.2
85,590820,2013,8,4,84.9,92.5,76.6
86,590820,2013,9,19,79.8,90.9,66.4
87,590820,2013,12,8,55.3,70.9,42.8
88,590820,2013,2,14,59.3,69.6,47.1
89,590820,2013,3,21,70.0,76.1,60.1
90,590820,2013,3,30,61.3,61.7,59.9
91,590820,2013,3,31,63.2,66.7,60.6
92,590820,2013,4,26,66.8,74.7,59.0
93,590820,2013,5,6,75.1,83.3,69.4
94,590820,2013,6,7,82.4,89.6,78.4
95,590820,2013,6,13,77.0,85.8,62.2
96,590820,2013,9,2,79.3,87.3,74.1
97,590820,2013,9,7,75.8,82.2,71.1
98,590820,2013,4,16,71.1,75.4,69.8
99,590820,2013,8,8,85.2,93.9,77.0
100,590820,2013,10,7,76.4,83.8,71.2
101,590820,2013,11,18,60.0,72.9,45.5
102,590820,2013,12,22,40.9,54.9,30.6
103,590820,2013,1,1,46.7,50.2,41.4
104,590820,2013,3,25,64.6,70.5,60.3
105,590820,2013,4,17,77.7,85.1,69.6
106,590820,2013,5,1,67.9,73.4,62.1
107,590820,2013,5,17,75.0,80.1,71.6
108,590820,2013,8,14,79.4,83.5,74.5
109,590820,2013,8,18,76.5,79.9,73.8
110,590820,2013,1,7,46.2,54.7,38.8
111,590820,2013,3,9,70.8,81.9,55.2
112,590820,2013,6,20,85.7,96.3,77.2
113,590820,2013,8,28,85.7,97.5,76.1
114,590820,2013,9,29,74.7,82.6,65.3
115,590820,2013,11,7,68.4,82.0,59.0
116,590820,2013,11,20,58.2,68.0,49.1
117,590820,2013,5,31,84.6,92.3,73.4
118,590820,2013,11,1,70.3,84.0,59.2
119,590820,2013,11,9,75.4,88.7,62.4
120,590820,2013,6,12,73.6,84.0,62.6
121,590820,2013,11,24,56.0,63.9,46.2
122,590820,2013,4,24,69.7,74.8,67.3
123,590820,2013,7,17,81.9,93.2,74.5
124,590820,2013,9,22,79.7,88.0,75.4
125,590820,2013,5,11,71.8,78.6,67.1
126,590820,2013,3,14,57.1,63.1,55.2
127,590820,2013,6,4,76.8,88.7,73.6
128,590820,2013,6,23,81.8,89.4,75.6
129,590820,2013,7,28,79.6,92.7,73.4
130,590820,2013,8,20,82.4,94.5,75.7
131,590820,2013,9,1,78.8,90.0,74.3
132,590820,2013,9,3,77.2,83.1,72.0
133,590820,2013,9,13,80.5,90.3,72.9
134,590820,2013,7,9,82.7,94.3,73.8
135,590820,2013,10,25,64.5,79.7,48.6
136,590820,2013,1,25,54.8,62.8,50.2
137,590820,2013,3,1,62.2,73.6,46.8
138,590820,2013,10,23,65.3,80.1,53.2
139,590820,2013,12,11,52.9,56.3,50.2
140,590820,2013,1,9,44.6,48.7,40.8
141,590820,2013,9,16,82.0,92.1,72.1
142,590820,2013,11,19,59.7,71.6,50.7
143,590820,2013,11,3,71.2,75.6,66.2
144,590820,2013,2,11,47.2,48.7,42.8
145,590820,2013,2,19,48.0,63.3,46.2
146,590820,2013,2,20,48.9,51.8,46.6
147,590820,2013,2,28,68.6,75.2,62.4
148,590820,2013,3,27,59.8,63.9,55.4
149,590820,2013,4,21,61.2,66.4,56.1
150,590820,2013,5,23,82.5,92.1,73.0
151,590820,2013,5,27,83.0,91.2,73.8
152,590820,2013,10,10,76.2,86.4,69.4
153,590820,2013,11,29,47.3,60.6,36.1
154,590820,2013,3,18,68.3,75.9,59.9
155,590820,2013,2,25,65.9,72.0,59.7
156,590820,2013,4,1,64.9,67.8,61.3
157,590820,2013,4,22,63.2,68.2,57.6
158,590820,2013,5,5,72.3,78.8,65.1
159,590820,2013,5,18,80.6,88.9,72.9
160,590820,2013,7,27,78.5,90.3,74.8
161,590820,2013,8,12,85.1,97.3,74.7
162,590820,2013,8,23,77.9,81.9,75.7
163,590820,2013,8,24,79.9,88.0,75.7
164,590820,2013,8,10,86.6,99.0,75.2
165,590820,2013,12,25,44.2,59.4,32.5
166,590820,2013,8,3,81.3,87.4,76.5
167,590820,2013,9,10,83.0,93.2,74.1
168,590820,2013,9,24,81.2,89.1,74.8
169,590820,2013,11,26,56.6,68.5,41.2
170,590820,2013,12,13,52.2,55.2,48.6
171,590820,2013,6,1,86.1,92.5,80.2
172,590820,2013,9,15,82.5,92.7,73.4
173,590820,2013,1,11,47.2,49.6,45.5
174,590820,2013,6,28,84.6,90.7,80.1
175,590820,2013,9,4,72.1,72.9,70.7
176,590820,2013,10,9,71.5,75.0,67.6
177,590820,2013,1,30,62.9,74.8,50.5
178,590820,2013,9,21,86.3,94.5,70.7
179,590820,2013,10,24,68.8,81.3,52.9
180,590820,2013,3,5,56.5,75.9,41.0
181,590820,2013,7,24,81.4,93.7,75.0
182,590820,2013,7,29,82.4,92.8,73.2
183,590820,2013,7,30,84.6,94.1,75.6
184,590820,2013,10,11,76.9,87.6,68.7
185,590820,2013,10,16,68.9,74.7,64.8
186,590820,2013,10,29,67.1,74.7,60.6
187,590820,2013,10,30,70.5,81.3,61.3
188,590820,2013,12,7,52.8,67.6,41.9
189,590820,2013,10,19,67.2,76.5,59.2
190,590820,2013,3,17,66.9,70.9,60.4
191,590820,2013,4,25,65.1,72.9,59.2
192,590820,2013,6,10,72.9,81.0,68.7
193,590820,2013,6,16,80.1,89.8,75.0
194,590820,2013,8,17,74.8,75.9,73.9
195,590820,2013,8,11,81.8,96.1,75.0
196,590820,2013,10,12,76.6,89.1,66.0
197,590820,2013,2,1,65.3,77.7,57.6
198,590820,2013,4,20,65.1,80.2,56.1
199,590820,2013,5,19,75.6,83.5,72.1
200,590820,2013,9,5,74.7,79.5,69.4
201,590820,2013,12,19,43.3,54.7,33.4
202,590820,2013,1,23,53.2,57.9,48.6
203,590820,2013,10,4,70.5,83.7,59.0
204,590820,2013,2,4,67.8,72.3,64.4
205,590820,2013,3,3,47.6,58.3,40.8
206,590820,2013,3,20,66.0,74.7,61.3
207,590820,2013,7,8,81.2,91.0,75.2
208,590820,2013,2,18,66.9,75.7,58.3
209,590820,2013,3,12,70.3,74.7,65.8
210,590820,2013,7,11,84.5,95.4,75.0
211,590820,2013,7,10,83.6,95.2,73.6
212,590820,2013,6,30,85.3,94.1,76.8
213,590820,2013,1,20,55.4,60.3,46.4
214,590820,2013,4,3,67.0,74.1,63.1
215,590820,2013,5,3,68.0,72.3,64.2
216,590820,2013,6,14,76.3,82.9,72.0
217,590820,2013,6,17,82.4,91.0,74.8
218,590820,2013,8,26,81.7,91.4,72.9
219,590820,2013,11,23,65.6,76.5,53.4
220,590820,2013,2,26,66.9,73.0,63.1
221,590820,2013,4,11,57.2,60.4,54.5
222,590820,2013,4,23,72.1,77.7,61.5
223,590820,2013,5,4,66.2,68.0,63.5
224,590820,2013,5,22,80.1,90.1,72.7
225,590820,2013,4,15,74.1,84.9,54.5
226,590820,2013,7,5,85.0,93.7,79.5
227,590820,2013,10,6,76.4,86.4,58.5
228,590820,2013,10,20,68.4,76.5,58.8
229,590820,2013,10,21,69.0,73.6,62.4
230,590820,2013,11,2,72.3,80.6,60.1
231,590820,2013,12,20,43.0,55.2,32.4
232,590820,2013,1,19,53.6,67.6,42.1
233,590820,2013,2,21,50.9,56.7,46.2
234,590820,2013,4,4,68.1,70.7,65.5
235,590820,2013,5,7,75.0,81.3,71.1
236,590820,2013,2,3,69.4,73.4,62.8
237,590820,2013,7,31,85.1,95.4,75.6
238,590820,2013,9,18,77.0,90.5,65.5
239,590820,2013,2,15,49.0,58.5,47.8
240,590820,2013,2,24,62.1,73.4,45.5
241,590820,2013,3,29,63.4,69.4,59.4
242,590820,2013,5,26,78.7,84.0,72.5
243,590820,2013,7,19,81.1,94.3,77.0
244,590820,2013,8,19,81.8,91.8,74.5
245,590820,2013,8,22,78.4,84.6,76.1
246,590820,2013,1,14,48.0,61.5,38.5
247,590820,2013,5,12,76.1,88.2,66.7
248,590820,2013,9,11,83.2,93.0,75.6
249,590820,2013,10,3,73.7,85.5,61.3
250,590820,2013,11,22,62.3,76.1,54.5
251,590820,2013,12,3,54.6,74.5,39.7
252,590820,2013,9,9,81.1,91.2,72.3
253,590820,2013,12,2,52.2,70.7,37.6
254,590820,2013,2,7,59.1,71.4,45.7
255,590820,2013,4,30,68.7,78.4,62.1
256,590820,2013,5,8,74.1,78.1,70.7
257,590820,2013,11,10,69.8,72.7,65.7
258,590820,2013,11,11,63.7,66.0,60.1
259,590820,2013,12,16,44.0,45.3,43.2
260,590820,2013,1,13,49.9,56.7,40.6
261,590820,2013,1,22,54.5,64.4,49.8
262,590820,2013,2,23,51.2,57.9,46.0
263,590820,2013,6,19,85.4,94.5,77.5
264,590820,2013,11,17,58.1,73.9,46.2
265,590820,2013,1,21,59.7,69.1,52.9
266,590820,2013,5,20,73.2,82.4,71.2
267,590820,2013,9,12,81.0,92.1,74.1
268,590820,2013,9,30,71.2,75.4,67.5
269,590820,2013,11,12,56.6,59.9,54.0
270,590820,2013,12,27,43.0,53.1,31.8
271,590820,2013,1,26,50.2,51.4,48.6
272,590820,2013,3,22,71.8,75.7,66.4
273,590820,2013,4,5,68.2,76.5,56.5
274,590820,2013,4,6,52.7,61.3,46.6
275,590820,2013,4,10,61.3,67.8,55.0
276,590820,2013,6,9,80.2,90.9,74.5
277,590820,2013,8,5,85.2,94.5,75.2
278,590820,2013,11,25,52.0,66.4,41.7
279,590820,2013,1,18,48.3,59.2,43.0
280,590820,2013,3,10,69.9,83.1,59.5
281,590820,2013,10,22,69.2,80.4,57.0
282,590820,2013,9,28,73.0,78.3,66.2
283,590820,2013,1,28,55.1,67.6,37.8
284,590820,2013,2,12,47.3,50.7,45.3
285,590820,2013,4,27,69.5,76.1,64.0
286,590820,2013,5,30,80.5,90.1,73.4
287,590820,2013,6,22,83.3,93.9,75.2
288,590820,2013,6,25,80.8,88.9,75.2
289,590820,2013,6,27,85.6,92.1,81.0
290,590820,2013,7,7,81.9,89.8,76.5
291,590820,2013,9,6,71.9,73.2,68.9
292,590820,2013,2,16,51.6,53.8,47.3
293,590820,2013,4,29,73.7,75.7,70.5
294,590820,2013,5,15,74.8,79.5,73.0
295,590820,2013,2,2,68.7,79.9,56.8
296,590820,2013,8,6,86.2,95.9,75.0
297,590820,2013,10,13,75.6,89.4,65.3
298,590820,2013,10,27,61.6,76.1,47.7
299,590820,2013,12,6,52.1,66.6,40.8
300,590820,2013,2,10,43.8,46.6,41.7
301,590820,2013,2,27,69.2,80.4,62.6
302,590820,2013,4,12,61.6,74.5,55.0
303,590820,2013,4,13,61.5,66.6,55.4
304,590820,2013,6,6,80.5,86.4,72.1
305,590820,2013,6,26,84.6,90.1,77.2
306,590820,2013,7,15,79.9,86.5,75.4
307,590820,2013,7,25,79.4,90.9,75.6
308,590820,2013,8,27,84.7,94.8,74.3
309,590820,2013,11,13,57.8,61.2,53.8
310,590820,2013,11,14,58.5,62.4,53.4
311,590820,2013,3,6,60.6,79.0,43.5
312,590820,2013,3,11,72.5,82.0,59.4
313,590820,2013,3,16,69.0,75.6,60.6
314,590820,2013,11,21,61.7,75.7,50.5
315,590820,2013,12,28,41.6,52.9,30.6
316,590820,2013,1,24,52.4,58.1,46.9
317,590820,2013,2,22,51.8,57.9,46.9
318,590820,2013,4,8,57.5,60.6,54.0
319,590820,2013,4,19,78.6,87.1,71.8
320,590820,2013,5,13,78.6,86.9,68.5
321,590820,2013,6,3,80.5,92.5,70.2
322,590820,2013,7,4,85.9,92.7,79.5
323,590820,2013,10,5,70.4,85.1,58.3
324,590820,2013,10,15,73.3,85.6,63.9
325,590820,2013,12,10,56.7,63.0,50.0
326,590820,2013,12,31,45.6,63.9,32.7
327,590820,2013,3,7,63.5,80.4,48.6
328,590820,2013,3,15,62.3,68.7,55.0
329,590820,2013,9,27,73.6,83.3,64.8
330,590820,2013,10,1,77.4,85.5,67.5
331,590820,2013,10,26,59.3,73.6,46.2
332,590820,2013,11,4,70.8,75.6,66.2
333,590820,2013,11,30,50.9,63.0,37.9
334,590820,2013,12,9,56.7,66.4,46.2
335,590820,2013,12,23,42.7,58.3,31.1
336,590820,2013,1,3,39.1,48.0,34.9
337,590820,2013,5,25,75.9,83.1,73.4
338,590820,2013,7,23,84.1,95.2,75.6
339,590820,2013,9,25,72.1,81.1,66.0
340,590820,2013,1,4,35.5,37.4,34.5
341,590820,2013,3,26,59.3,63.9,55.9
342,590820,2013,5,10,73.4,80.2,68.5
343,590820,2013,6,2,80.3,91.9,70.2
344,590820,2013,6,5,77.2,85.8,72.5
345,590820,2013,6,8,83.2,90.0,77.9
346,590820,2013,6,11,69.7,72.3,68.4
347,590820,2013,7,2,79.8,89.6,75.0
348,590820,2013,8,29,84.4,94.8,74.1
349,590820,2013,11,6,69.6,81.7,59.9
350,590820,2013,1,27,50.4,65.5,38.1
351,590820,2013,5,28,80.9,92.3,73.8
352,590820,2013,7,14,82.3,86.9,78.6
353,590820,2013,8,15,76.1,78.3,75.0
354,590820,2013,12,15,48.2,52.0,43.9
355,590820,2013,4,18,78.4,83.5,73.6
356,590820,2013,1,29,59.7,75.0,51.3
357,590820,2013,3,2,47.0,50.4,44.6
358,590820,2013,4,2,65.2,67.1,63.5
359,590820,2013,7,26,79.1,86.5,75.0
360,590820,2013,8,25,78.2,84.2,73.6
361,590820,2013,9,26,68.6,72.5,65.1
362,590820,2013,12,4,53.8,70.3,41.0
363,590820,2013,1,8,46.3,52.2,43.0
364,590820,2013,8,9,87.0,97.7,76.3
0,590820,2014,3,13,59.1,68.0,50.9
1,590820,2014,7,9,86.3,96.8,76.6
2,590820,2014,8,8,86.1,96.4,77.0
3,590820,2014,9,6,80.7,92.7,72.7
4,590820,2014,8,6,79.5,98.8,72.9
5,590820,2014,8,7,81.2,96.4,77.0
6,590820,2014,3,7,49.1,50.7,48.0
7,590820,2014,3,10,48.6,49.8,47.1
8,590820,2014,3,16,53.4,54.0,51.1
9,590820,2014,3,22,56.2,65.5,43.5
10,590820,2014,3,29,72.9,82.4,67.6
11,590820,2014,4,4,68.0,81.1,58.5
12,590820,2014,4,22,67.9,74.5,62.8
13,590820,2014,4,30,59.9,61.5,59.2
14,590820,2014,5,12,69.9,73.4,65.8
15,590820,2014,5,31,84.0,92.1,78.1
16,590820,2014,6,7,79.0,88.2,73.4
17,590820,2014,6,10,78.7,87.8,75.2
18,590820,2014,6,11,80.2,89.4,73.2
19,590820,2014,6,16,84.6,97.2,77.5
20,590820,2014,6,23,78.4,84.7,74.1
21,590820,2014,6,24,79.1,85.5,74.3
22,590820,2014,6,28,84.7,96.4,77.5
23,590820,2014,6,30,83.0,93.4,76.6
24,590820,2014,7,2,84.6,90.7,78.3
25,590820,2014,7,20,84.2,95.5,77.2
26,590820,2014,8,3,84.7,98.2,76.8
27,590820,2014,8,5,86.5,99.7,78.4
28,590820,2014,8,12,83.1,97.3,77.0
29,590820,2014,8,22,83.4,92.1,73.9
30,590820,2014,9,18,83.1,94.6,75.6
31,590820,2014,9,20,74.2,81.7,66.6
32,590820,2014,12,5,53.7,63.3,49.1
33,590820,2014,12,8,57.1,63.9,51.6
34,590820,2014,12,26,52.0,60.1,48.6
35,590820,2014,1,2,52.7,69.1,36.1
36,590820,2014,1,3,56.0,70.9,44.4
37,590820,2014,1,19,46.4,64.9,32.0
38,590820,2014,1,23,45.9,66.9,29.1
39,590820,2014,1,27,57.8,72.0,48.0
40,590820,2014,1,30,61.4,78.1,48.9
41,590820,2014,2,27,66.9,75.9,54.5
42,590820,2014,4,12,75.9,81.7,71.4
43,590820,2014,4,17,76.4,83.7,68.5
44,590820,2014,4,19,77.4,84.6,70.2
45,590820,2014,6,14,82.5,94.1,71.1
46,590820,2014,7,15,86.4,94.6,76.5
47,590820,2014,7,16,86.2,97.2,77.7
48,590820,2014,7,25,82.4,89.6,76.3
49,590820,2014,8,17,84.4,93.9,77.0
50,590820,2014,8,24,84.7,94.1,77.5
51,590820,2014,9,2,84.7,95.4,75.2
52,590820,2014,9,21,77.3,86.7,66.0
53,590820,2014,9,29,84.5,96.6,72.7
54,590820,2014,10,7,70.6,84.6,58.8
55,590820,2014,10,12,74.4,86.7,62.8
56,590820,2014,10,14,67.0,79.3,56.8
57,590820,2014,10,18,72.7,88.2,60.6
58,590820,2014,10,22,69.0,80.4,59.2
59,590820,2014,10,31,78.1,90.7,68.9
60,590820,2014,11,18,57.5,65.7,48.9
61,590820,2014,11,23,69.4,83.1,59.7
62,590820,2014,12,13,45.7,59.5,35.4
63,590820,2014,12,31,50.7,69.8,37.0
64,590820,2014,2,26,58.2,65.1,54.5
65,590820,2014,3,23,59.9,70.2,54.1
66,590820,2014,7,28,85.0,96.6,75.2
67,590820,2014,9,4,82.5,93.2,73.9
68,590820,2014,4,16,72.2,74.7,70.3
69,590820,2014,1,7,54.6,58.1,48.7
70,590820,2014,1,14,43.4,57.4,32.2
71,590820,2014,2,7,44.7,62.1,42.6
72,590820,2014,2,10,38.1,41.4,35.1
73,590820,2014,2,15,42.4,45.1,38.1
74,590820,2014,2,22,51.6,57.9,46.4
75,590820,2014,2,24,64.4,71.1,53.6
76,590820,2014,3,1,57.1,69.6,50.4
77,590820,2014,3,4,51.0,53.1,49.1
78,590820,2014,3,8,48.6,50.7,46.4
79,590820,2014,3,17,62.3,70.7,53.4
80,590820,2014,3,27,74.9,82.0,64.8
81,590820,2014,4,15,72.5,75.2,68.4
82,590820,2014,4,26,68.0,73.0,66.7
83,590820,2014,5,1,70.0,80.4,59.0
84,590820,2014,5,7,67.4,72.3,63.7
85,590820,2014,5,16,78.6,89.1,71.2
86,590820,2014,5,17,75.0,77.4,73.0
87,590820,2014,5,25,81.4,91.6,74.8
88,590820,2014,6,5,76.7,89.8,73.0
89,590820,2014,6,19,81.1,90.0,74.1
90,590820,2014,6,26,84.6,90.9,77.2
91,590820,2014,7,17,85.0,98.1,76.1
92,590820,2014,7,18,84.2,92.7,76.3
93,590820,2014,7,19,83.4,92.5,77.4
94,590820,2014,8,13,77.8,83.5,73.9
95,590820,2014,8,20,74.0,79.9,72.0
96,590820,2014,9,5,78.4,94.5,73.0
97,590820,2014,9,7,83.0,96.3,74.5
98,590820,2014,9,13,82.8,94.5,76.6
99,590820,2014,9,15,85.7,90.9,77.4
100,590820,2014,9,16,79.2,86.7,76.5
101,590820,2014,9,17,79.7,89.8,75.9
102,590820,2014,9,19,80.1,93.2,72.0
103,590820,2014,11,5,62.3,65.8,61.0
104,590820,2014,11,14,62.1,68.0,55.9
105,590820,2014,11,29,73.2,81.9,64.9
106,590820,2014,12,2,54.9,59.7,51.6
107,590820,2014,1,13,45.4,52.2,38.5
108,590820,2014,2,8,43.7,46.4,41.9
109,590820,2014,2,12,37.7,40.3,36.1
110,590820,2014,2,16,43.8,45.1,41.2
111,590820,2014,2,19,37.8,42.8,31.6
112,590820,2014,2,23,57.4,66.9,49.1
113,590820,2014,2,25,62.5,69.4,56.7
114,590820,2014,3,2,52.5,57.0,48.9
115,590820,2014,3,3,49.3,50.0,48.2
116,590820,2014,3,6,51.3,52.7,49.1
117,590820,2014,3,12,57.2,59.7,51.3
118,590820,2014,3,14,53.4,57.4,50.2
119,590820,2014,3,28,72.3,73.6,68.7
120,590820,2014,3,31,68.6,80.1,60.8
121,590820,2014,4,6,63.9,67.8,62.4
122,590820,2014,4,24,68.1,69.8,64.8
123,590820,2014,4,28,70.4,79.9,63.3
124,590820,2014,5,2,76.3,88.0,67.3
125,590820,2014,5,8,70.4,74.8,66.2
126,590820,2014,5,15,73.2,77.9,67.3
127,590820,2014,5,22,73.8,79.5,71.6
128,590820,2014,5,24,78.4,86.7,72.9
129,590820,2014,5,26,80.0,86.5,74.8
130,590820,2014,5,27,80.1,92.5,74.5
131,590820,2014,5,29,81.2,90.3,75.4
132,590820,2014,6,6,76.0,80.4,72.7
133,590820,2014,6,8,83.1,94.5,73.2
134,590820,2014,6,9,81.8,94.6,75.2
135,590820,2014,6,18,84.0,91.4,75.6
136,590820,2014,6,20,81.7,87.1,77.4
137,590820,2014,6,22,80.4,91.8,74.3
138,590820,2014,6,29,81.1,95.2,77.2
139,590820,2014,7,8,84.6,96.3,77.0
140,590820,2014,7,11,82.1,95.5,77.0
141,590820,2014,7,22,87.9,101.5,74.5
142,590820,2014,8,2,85.8,97.3,76.8
143,590820,2014,8,14,78.1,84.4,73.2
144,590820,2014,8,15,81.7,92.1,75.7
145,590820,2014,8,27,82.9,96.3,75.6
146,590820,2014,9,8,83.9,95.4,74.8
147,590820,2014,9,14,83.7,94.1,77.5
148,590820,2014,11,3,63.6,74.1,56.5
149,590820,2014,11,7,58.0,63.7,57.2
150,590820,2014,11,9,61.2,66.2,58.3
151,590820,2014,11,10,59.9,61.2,57.9
152,590820,2014,11,12,60.0,62.8,57.0
153,590820,2014,11,13,60.5,68.2,56.1
154,590820,2014,11,30,67.6,83.3,56.8
155,590820,2014,12,1,57.2,61.0,52.7
156,590820,2014,12,3,51.0,55.2,46.8
157,590820,2014,12,4,52.2,56.8,46.4
158,590820,2014,12,6,53.6,57.0,48.4
159,590820,2014,12,7,52.4,53.2,50.9
160,590820,2014,12,25,58.6,66.4,52.7
161,590820,2014,7,6,86.2,96.3,76.3
162,590820,2014,6,12,80.9,93.0,70.2
163,590820,2014,7,7,86.3,96.6,77.0
164,590820,2014,7,14,84.1,95.2,77.0
165,590820,2014,1,6,54.7,63.9,41.2
166,590820,2014,1,17,50.9,65.5,38.7
167,590820,2014,1,20,48.3,63.1,36.1
168,590820,2014,1,22,43.2,61.5,28.9
169,590820,2014,1,28,59.7,72.9,49.6
170,590820,2014,2,14,41.0,45.3,37.6
171,590820,2014,3,25,70.2,81.7,60.1
172,590820,2014,3,26,73.2,85.6,59.5
173,590820,2014,4,9,72.9,82.9,67.3
174,590820,2014,6,13,81.0,93.7,69.6
175,590820,2014,6,15,85.1,95.2,73.8
176,590820,2014,7,10,87.5,97.7,77.7
177,590820,2014,8,1,86.9,101.5,75.2
178,590820,2014,8,26,82.6,95.9,76.1
179,590820,2014,8,28,82.9,95.7,75.2
180,590820,2014,8,29,84.2,95.9,74.5
181,590820,2014,9,27,82.6,94.6,73.2
182,590820,2014,9,28,83.1,94.3,73.2
183,590820,2014,10,2,81.0,92.8,71.1
184,590820,2014,10,11,75.8,87.6,62.2
185,590820,2014,10,16,71.0,85.5,59.9
186,590820,2014,10,17,71.8,87.1,60.1
187,590820,2014,10,23,70.1,81.9,58.6
188,590820,2014,10,26,75.5,88.7,68.2
189,590820,2014,10,28,75.5,86.2,66.7
190,590820,2014,12,12,48.0,56.8,37.0
191,590820,2014,12,24,59.6,71.8,47.5
192,590820,2014,1,4,49.8,64.4,37.0
193,590820,2014,1,11,53.7,65.5,44.4
194,590820,2014,1,12,46.8,50.0,45.1
195,590820,2014,1,16,46.6,64.0,32.2
196,590820,2014,1,18,47.5,63.7,33.4
197,590820,2014,1,24,51.3,58.8,33.3
198,590820,2014,1,26,58.4,66.2,52.2
199,590820,2014,1,31,64.4,78.4,49.3
200,590820,2014,3,19,70.7,80.6,62.4
201,590820,2014,7,5,84.5,93.0,76.8
202,590820,2014,7,30,87.7,99.5,77.4
203,590820,2014,8,23,84.9,93.4,77.2
204,590820,2014,10,3,78.0,88.0,69.1
205,590820,2014,10,6,72.5,87.3,59.4
206,590820,2014,10,8,69.7,84.4,57.9
207,590820,2014,10,27,77.5,90.7,68.0
208,590820,2014,10,30,77.4,89.2,67.6
209,590820,2014,11,1,75.3,87.6,66.4
210,590820,2014,11,4,65.6,72.1,56.1
211,590820,2014,11,20,60.6,73.8,49.1
212,590820,2014,11,21,64.6,76.6,54.1
213,590820,2014,11,25,62.6,65.5,60.6
214,590820,2014,11,26,64.4,68.9,60.4
215,590820,2014,12,11,49.0,51.6,45.7
216,590820,2014,12,18,47.7,59.4,32.4
217,590820,2014,12,20,47.0,63.9,33.8
218,590820,2014,12,21,46.9,60.1,34.5
219,590820,2014,7,3,82.6,89.4,78.3
220,590820,2014,7,12,86.2,92.7,76.5
221,590820,2014,9,3,81.9,97.7,74.3
222,590820,2014,1,10,48.6,52.9,44.6
223,590820,2014,2,9,39.5,43.7,37.0
224,590820,2014,2,11,37.2,38.8,34.5
225,590820,2014,2,17,46.6,48.7,43.3
226,590820,2014,2,18,39.9,45.5,36.0
227,590820,2014,2,21,48.2,56.7,34.3
228,590820,2014,2,28,65.6,68.7,62.8
229,590820,2014,3,20,58.4,65.1,52.7
230,590820,2014,4,3,66.5,74.7,61.5
231,590820,2014,4,5,70.6,82.6,58.1
232,590820,2014,4,7,66.8,71.2,62.2
233,590820,2014,4,8,72.1,82.8,65.5
234,590820,2014,4,14,74.8,83.7,66.6
235,590820,2014,4,20,72.9,79.5,68.7
236,590820,2014,4,23,64.7,65.5,63.1
237,590820,2014,4,27,68.4,75.7,64.0
238,590820,2014,4,29,66.1,75.6,59.4
239,590820,2014,5,5,62.8,66.0,61.3
240,590820,2014,5,9,73.4,79.2,69.1
241,590820,2014,5,11,71.4,77.4,67.5
242,590820,2014,5,13,74.9,79.7,69.1
243,590820,2014,5,14,81.2,89.4,70.0
244,590820,2014,5,18,77.2,86.4,72.5
245,590820,2014,5,20,79.2,87.3,73.0
246,590820,2014,5,21,76.1,80.8,73.8
247,590820,2014,5,23,75.0,79.9,71.2
248,590820,2014,6,1,87.1,92.7,78.8
249,590820,2014,6,2,80.8,90.3,76.1
250,590820,2014,6,3,76.1,77.9,75.2
251,590820,2014,6,21,81.2,86.9,76.6
252,590820,2014,6,25,80.6,89.4,76.3
253,590820,2014,7,1,83.9,93.0,76.5
254,590820,2014,7,24,83.0,99.7,76.6
255,590820,2014,7,27,84.1,96.4,75.2
256,590820,2014,7,31,85.3,102.7,75.7
257,590820,2014,8,19,77.7,86.5,73.8
258,590820,2014,9,9,83.9,93.0,77.2
259,590820,2014,9,10,85.3,95.5,77.7
260,590820,2014,9,12,85.1,96.1,77.2
261,590820,2014,11,2,64.3,70.3,60.8
262,590820,2014,11,6,64.9,68.7,60.3
263,590820,2014,11,8,61.9,66.2,57.0
264,590820,2014,11,28,69.6,78.3,64.6
265,590820,2014,12,9,55.0,64.9,48.9
266,590820,2014,1,8,47.0,52.0,45.0
267,590820,2014,1,9,49.4,54.0,44.8
268,590820,2014,2,13,38.5,41.2,35.8
269,590820,2014,2,20,43.9,60.1,30.7
270,590820,2014,3,5,51.9,55.0,50.0
271,590820,2014,3,9,50.5,54.5,46.4
272,590820,2014,3,11,51.2,52.2,48.4
273,590820,2014,3,15,53.5,57.6,50.0
274,590820,2014,3,18,69.6,75.2,61.3
275,590820,2014,3,21,50.6,58.1,44.1
276,590820,2014,3,30,65.7,69.1,64.4
277,590820,2014,4,1,66.2,72.7,60.8
278,590820,2014,4,2,63.4,67.8,61.2
279,590820,2014,4,21,74.5,83.1,63.3
280,590820,2014,4,25,73.1,76.5,67.8
281,590820,2014,5,4,67.9,75.7,63.3
282,590820,2014,5,6,65.9,70.5,61.2
283,590820,2014,5,10,73.5,75.7,71.6
284,590820,2014,5,19,78.5,84.2,72.5
285,590820,2014,5,28,80.2,90.7,74.7
286,590820,2014,5,30,83.4,91.2,75.9
287,590820,2014,6,4,79.2,87.6,74.7
288,590820,2014,6,17,79.9,88.7,74.8
289,590820,2014,6,27,84.9,94.1,78.1
290,590820,2014,7,21,82.8,99.0,74.8
291,590820,2014,8,16,82.8,90.9,75.9
292,590820,2014,8,21,78.8,85.1,71.6
293,590820,2014,8,31,83.1,96.3,74.1
294,590820,2014,9,22,77.9,85.6,70.2
295,590820,2014,9,23,76.4,84.7,70.9
296,590820,2014,11,11,61.0,63.5,58.8
297,590820,2014,12,27,49.3,52.5,46.6
298,590820,2014,12,28,46.0,53.4,36.3
299,590820,2014,12,29,45.3,61.0,36.0
300,590820,2014,10,29,78.7,88.5,66.4
301,590820,2014,1,21,45.0,61.5,30.7
302,590820,2014,1,29,60.0,75.0,47.1
303,590820,2014,2,1,64.2,78.4,52.0
304,590820,2014,2,4,63.4,72.5,55.9
305,590820,2014,3,24,68.5,79.2,54.5
306,590820,2014,4,10,75.4,82.2,67.8
307,590820,2014,4,18,79.5,87.6,67.6
308,590820,2014,7,4,85.6,93.2,77.7
309,590820,2014,7,29,85.9,99.9,75.0
310,590820,2014,8,4,86.2,97.5,77.2
311,590820,2014,8,18,85.4,95.0,75.9
312,590820,2014,8,30,82.8,97.2,74.8
313,590820,2014,9,1,85.4,95.2,73.9
314,590820,2014,9,24,78.3,90.5,70.0
315,590820,2014,9,26,81.3,93.4,70.9
316,590820,2014,10,1,78.7,89.1,71.4
317,590820,2014,10,9,71.4,86.2,58.5
318,590820,2014,10,15,68.9,83.1,56.1
319,590820,2014,10,19,75.2,90.0,62.1
320,590820,2014,10,20,78.8,90.1,65.3
321,590820,2014,10,21,77.4,89.2,68.9
322,590820,2014,10,24,72.0,85.3,62.6
323,590820,2014,10,25,74.7,88.2,62.1
324,590820,2014,11,16,65.1,74.8,58.6
325,590820,2014,11,19,57.5,69.6,48.2
326,590820,2014,11,27,69.8,81.7,58.6
327,590820,2014,12,10,53.9,65.3,48.4
328,590820,2014,12,14,48.6,62.8,36.7
329,590820,2014,12,17,43.9,57.0,33.4
330,590820,2014,12,19,46.7,59.4,35.2
331,590820,2014,12,22,44.6,58.6,32.7
332,590820,2014,12,23,51.1,56.1,35.8
333,590820,2014,1,1,47.4,66.7,33.1
334,590820,2014,1,5,49.1,64.9,34.9
335,590820,2014,1,15,43.1,59.7,30.7
336,590820,2014,1,25,55.9,60.8,50.5
337,590820,2014,2,2,63.8,79.3,50.9
338,590820,2014,2,3,65.9,80.8,52.3
339,590820,2014,2,5,67.7,78.3,56.1
340,590820,2014,2,6,66.0,74.1,56.7
341,590820,2014,4,11,75.7,82.8,71.2
342,590820,2014,4,13,78.1,90.3,69.3
343,590820,2014,5,3,77.0,86.4,66.0
344,590820,2014,7,23,90.0,103.3,77.7
345,590820,2014,7,26,84.4,97.7,76.3
346,590820,2014,8,9,87.7,97.5,79.7
347,590820,2014,8,10,87.3,94.3,81.0
348,590820,2014,8,11,87.2,94.3,81.7
349,590820,2014,8,25,86.1,95.9,76.6
350,590820,2014,9,11,84.9,95.4,77.4
351,590820,2014,9,25,79.3,92.1,69.4
352,590820,2014,9,30,80.8,89.8,73.8
353,590820,2014,10,4,77.2,92.1,64.2
354,590820,2014,10,5,75.1,89.4,61.7
355,590820,2014,10,10,72.5,86.5,60.1
356,590820,2014,10,13,70.1,80.2,58.5
357,590820,2014,11,15,66.7,76.3,57.4
358,590820,2014,11,17,61.6,66.4,57.2
359,590820,2014,11,22,67.6,81.1,55.8
360,590820,2014,11,24,71.9,83.7,61.3
361,590820,2014,12,15,52.4,56.7,40.3
362,590820,2014,12,16,51.0,60.3,41.2
363,590820,2014,12,30,48.1,65.7,35.1
0,590820,2015,2,20,67.3,70.3,61.7
1,590820,2015,4,7,59.6,67.5,55.0
2,590820,2015,7,18,77.9,79.9,75.7
3,590820,2015,9,12,76.7,85.8,70.7
4,590820,2015,4,18,72.3,78.3,68.7
5,590820,2015,9,30,76.7,82.0,72.9
6,590820,2015,1,6,57.0,64.6,50.7
7,590820,2015,2,25,72.2,79.2,61.2
8,590820,2015,11,22,67.3,73.2,62.4
9,590820,2015,3,8,59.6,66.6,50.5
10,590820,2015,9,7,81.2,89.2,74.1
11,590820,2015,12,4,54.3,57.6,50.0
12,590820,2015,8,16,81.1,90.3,77.9
13,590820,2015,2,24,63.3,66.2,61.5
14,590820,2015,9,3,77.1,80.2,73.9
15,590820,2015,1,5,61.8,66.6,57.4
16,590820,2015,1,29,48.4,55.4,42.4
17,590820,2015,2,4,45.6,48.2,43.3
18,590820,2015,2,7,48.9,52.5,43.0
19,590820,2015,2,16,65.5,77.5,56.8
20,590820,2015,3,10,52.0,55.2,50.0
21,590820,2015,3,25,61.8,66.7,58.3
22,590820,2015,3,27,64.4,70.5,58.8
23,590820,2015,3,30,72.3,75.4,69.8
24,590820,2015,4,10,53.8,56.1,50.7
25,590820,2015,4,30,77.6,85.8,69.3
26,590820,2015,5,20,73.7,76.8,71.6
27,590820,2015,5,21,73.3,77.5,70.5
28,590820,2015,5,25,78.2,84.0,72.5
29,590820,2015,5,26,81.3,87.8,75.7
30,590820,2015,5,30,79.8,92.8,73.4
31,590820,2015,6,5,75.5,80.4,72.3
32,590820,2015,6,7,81.8,88.5,74.1
33,590820,2015,6,8,83.5,89.6,78.3
34,590820,2015,6,14,81.7,89.4,73.9
35,590820,2015,6,22,81.5,92.3,77.7
36,590820,2015,6,23,80.9,88.7,76.6
37,590820,2015,7,2,86.4,93.2,79.2
38,590820,2015,7,11,82.9,91.4,74.3
39,590820,2015,7,28,82.2,91.6,74.3
40,590820,2015,8,10,83.3,93.2,76.8
41,590820,2015,8,11,84.2,91.6,76.3
42,590820,2015,8,13,81.4,88.9,76.5
43,590820,2015,8,15,81.5,90.0,76.8
44,590820,2015,8,19,87.1,95.7,79.9
45,590820,2015,8,29,77.3,83.7,73.8
46,590820,2015,8,31,76.5,79.7,72.0
47,590820,2015,9,2,77.1,82.2,73.9
48,590820,2015,9,19,81.1,90.9,74.3
49,590820,2015,10,8,74.9,82.2,68.7
50,590820,2015,11,1,56.8,60.1,51.3
51,590820,2015,11,2,59.7,69.4,51.1
52,590820,2015,11,10,61.3,63.0,59.7
53,590820,2015,11,13,57.5,58.8,55.8
54,590820,2015,11,17,76.0,83.1,69.4
55,590820,2015,11,18,74.0,83.1,67.5
56,590820,2015,11,20,71.2,77.7,65.3
57,590820,2015,11,21,66.1,68.4,64.0
58,590820,2015,12,6,49.5,52.0,47.1
59,590820,2015,12,14,52.7,54.9,50.7
60,590820,2015,12,15,52.2,56.3,48.6
61,590820,2015,12,21,54.5,59.4,44.6
62,590820,2015,12,24,53.0,58.1,48.2
63,590820,2015,12,30,51.3,55.4,48.0
64,590820,2015,1,8,48.4,61.0,39.0
65,590820,2015,1,11,51.1,57.2,46.9
66,590820,2015,1,15,48.1,63.0,37.4
67,590820,2015,1,24,54.5,59.5,46.0
68,590820,2015,1,27,62.2,72.7,53.4
69,590820,2015,1,30,45.4,48.4,42.3
70,590820,2015,2,14,55.4,60.1,52.5
71,590820,2015,2,19,64.4,68.7,59.9
72,590820,2015,2,21,65.5,71.4,61.3
73,590820,2015,3,2,51.6,54.1,48.7
74,590820,2015,3,6,46.4,48.6,45.1
75,590820,2015,3,15,67.7,71.4,61.7
76,590820,2015,3,16,71.6,73.8,66.7
77,590820,2015,3,18,73.5,76.5,68.7
78,590820,2015,3,26,63.6,67.6,59.9
79,590820,2015,3,28,65.1,69.3,58.6
80,590820,2015,4,4,80.5,86.9,76.3
81,590820,2015,4,9,51.6,52.5,50.9
82,590820,2015,5,1,76.6,83.1,70.9
83,590820,2015,5,4,74.3,79.5,70.2
84,590820,2015,5,5,73.1,78.3,69.3
85,590820,2015,5,6,74.0,79.2,69.3
86,590820,2015,5,7,77.6,81.1,71.6
87,590820,2015,5,9,76.6,80.4,72.3
88,590820,2015,5,19,79.5,88.5,73.4
89,590820,2015,6,2,79.6,86.9,75.6
90,590820,2015,6,4,84.9,90.9,76.5
91,590820,2015,6,6,78.9,89.1,73.0
92,590820,2015,6,15,83.6,90.9,76.3
93,590820,2015,6,25,85.4,94.1,77.7
94,590820,2015,7,5,74.9,77.4,72.5
95,590820,2015,7,10,81.3,91.2,72.7
96,590820,2015,7,21,81.1,85.1,78.1
97,590820,2015,7,23,79.4,82.6,75.7
98,590820,2015,7,25,80.2,85.5,77.4
99,590820,2015,8,17,81.5,87.3,77.5
100,590820,2015,9,6,82.2,94.1,75.2
101,590820,2015,9,20,72.8,75.6,69.3
102,590820,2015,9,22,77.7,84.0,71.1
103,590820,2015,9,29,79.1,86.4,67.6
104,590820,2015,10,1,75.2,85.5,68.5
105,590820,2015,10,4,76.9,81.7,73.9
106,590820,2015,10,5,75.9,78.4,74.1
107,590820,2015,11,3,62.3,70.2,54.5
108,590820,2015,11,16,75.2,80.2,66.6
109,590820,2015,12,1,61.4,65.3,56.1
110,590820,2015,12,3,57.3,63.3,53.6
111,590820,2015,12,22,55.5,56.3,53.1
112,590820,2015,12,23,58.5,59.4,55.8
113,590820,2015,12,27,51.8,60.1,44.2
114,590820,2015,12,28,54.6,62.1,42.4
115,590820,2015,1,19,50.5,66.4,38.1
116,590820,2015,1,23,54.1,70.9,39.7
117,590820,2015,1,31,46.0,50.9,43.5
118,590820,2015,2,3,51.4,56.8,45.0
119,590820,2015,2,11,49.4,56.1,40.5
120,590820,2015,2,17,66.5,78.6,56.7
121,590820,2015,3,21,65.6,70.0,62.4
122,590820,2015,4,12,64.2,77.7,52.0
123,590820,2015,4,17,76.5,86.0,63.3
124,590820,2015,4,26,76.0,83.1,66.9
125,590820,2015,8,1,84.9,92.3,75.7
126,590820,2015,8,4,83.2,95.2,72.0
127,590820,2015,8,7,85.8,99.5,76.1
128,590820,2015,8,23,84.5,94.3,74.5
129,590820,2015,8,24,82.6,94.5,71.1
130,590820,2015,9,8,81.3,90.3,73.8
131,590820,2015,9,10,82.1,93.0,73.2
132,590820,2015,9,13,72.8,77.5,67.6
133,590820,2015,9,27,77.7,84.7,71.1
134,590820,2015,10,15,70.1,84.9,57.2
135,590820,2015,10,19,69.3,81.9,57.9
136,590820,2015,11,19,71.1,79.2,66.0
137,590820,2015,11,27,50.4,56.8,44.8
138,590820,2015,1,9,52.4,61.7,40.3
139,590820,2015,1,18,50.4,63.7,39.2
140,590820,2015,2,8,49.2,61.5,39.2
141,590820,2015,2,12,50.8,66.4,38.1
142,590820,2015,4,13,62.6,77.5,47.3
143,590820,2015,4,15,71.8,81.1,50.4
144,590820,2015,5,31,76.5,82.8,73.2
145,590820,2015,6,21,86.3,95.4,77.9
146,590820,2015,7,31,83.1,90.3,73.9
147,590820,2015,8,2,83.1,94.1,71.8
148,590820,2015,8,8,88.0,98.1,75.6
149,590820,2015,8,22,83.5,91.0,75.0
150,590820,2015,8,26,84.2,93.9,73.9
151,590820,2015,8,28,78.3,82.2,75.0
152,590820,2015,9,16,78.4,90.7,68.9
153,590820,2015,9,24,83.5,92.1,74.1
154,590820,2015,10,12,68.8,82.0,59.2
155,590820,2015,10,13,68.8,83.1,58.8
156,590820,2015,10,26,78.6,88.3,68.0
157,590820,2015,11,23,65.3,73.9,57.7
158,590820,2015,11,25,49.2,54.9,45.0
159,590820,2015,11,28,54.3,56.7,44.4
160,590820,2015,11,30,58.7,61.5,55.4
161,590820,2015,12,19,48.5,62.1,36.3
162,590820,2015,12,25,50.9,55.0,47.8
163,590820,2015,1,7,48.7,52.2,41.9
164,590820,2015,2,18,64.2,75.0,58.3
165,590820,2015,10,29,74.1,82.9,67.8
166,590820,2015,10,11,66.7,76.1,59.7
167,590820,2015,5,15,76.9,86.0,70.9
168,590820,2015,6,10,81.3,87.1,74.5
169,590820,2015,2,28,56.9,73.8,46.4
170,590820,2015,3,3,50.6,53.6,49.1
171,590820,2015,3,12,56.4,61.9,49.3
172,590820,2015,3,14,61.7,62.8,58.5
173,590820,2015,4,8,56.3,62.1,52.2
174,590820,2015,4,21,65.1,74.1,56.5
175,590820,2015,4,24,73.2,80.1,63.9
176,590820,2015,4,28,74.0,86.2,68.9
177,590820,2015,4,29,72.4,77.4,68.7
178,590820,2015,5,3,78.6,87.3,72.0
179,590820,2015,5,10,77.7,83.5,72.1
180,590820,2015,6,1,79.0,84.6,73.2
181,590820,2015,6,3,81.5,85.8,74.8
182,590820,2015,6,12,77.8,83.1,72.9
183,590820,2015,6,24,81.7,85.8,76.5
184,590820,2015,7,1,87.6,93.9,79.5
185,590820,2015,7,3,85.9,91.2,80.8
186,590820,2015,7,6,76.7,82.9,72.3
187,590820,2015,7,29,80.3,92.1,73.2
188,590820,2015,8,12,80.6,93.2,76.6
189,590820,2015,8,30,74.3,77.7,72.1
190,590820,2015,9,1,75.4,76.1,74.7
191,590820,2015,9,4,84.0,90.3,74.7
192,590820,2015,10,6,76.3,79.7,74.1
193,590820,2015,10,7,76.3,82.8,70.2
194,590820,2015,10,10,64.6,69.1,59.9
195,590820,2015,10,30,65.6,72.3,61.5
196,590820,2015,11,8,74.0,84.2,61.3
197,590820,2015,11,9,62.1,65.1,58.8
198,590820,2015,12,5,48.4,52.5,47.3
199,590820,2015,12,9,52.9,53.4,50.9
200,590820,2015,12,11,54.9,58.5,51.6
201,590820,2015,12,13,54.1,55.9,51.3
202,590820,2015,1,10,49.7,54.0,47.3
203,590820,2015,1,12,47.8,49.3,46.6
204,590820,2015,1,28,53.9,56.8,53.4
205,590820,2015,2,6,49.3,60.8,38.3
206,590820,2015,2,22,64.1,69.6,61.2
207,590820,2015,2,23,62.8,66.7,60.3
208,590820,2015,2,26,73.7,82.6,64.8
209,590820,2015,2,27,71.6,75.9,66.9
210,590820,2015,3,5,48.1,50.0,45.9
211,590820,2015,3,9,57.9,61.3,52.5
212,590820,2015,3,13,59.0,62.4,54.7
213,590820,2015,3,23,62.9,66.6,60.8
214,590820,2015,4,19,79.4,85.3,66.0
215,590820,2015,4,22,66.6,74.3,55.8
216,590820,2015,5,2,77.0,84.6,72.7
217,590820,2015,5,8,76.0,82.4,72.5
218,590820,2015,5,12,71.1,83.8,60.8
219,590820,2015,5,13,78.4,85.5,63.1
220,590820,2015,5,16,74.3,77.5,70.7
221,590820,2015,5,17,77.1,81.0,71.4
222,590820,2015,5,18,80.3,84.9,75.6
223,590820,2015,5,22,72.3,74.3,70.0
224,590820,2015,5,24,73.8,77.0,70.2
225,590820,2015,5,28,87.1,91.8,80.2
226,590820,2015,6,9,81.3,90.0,74.7
227,590820,2015,6,11,78.1,90.3,72.9
228,590820,2015,6,26,87.6,93.0,81.3
229,590820,2015,7,4,79.6,84.2,74.7
230,590820,2015,7,19,85.3,95.5,75.6
231,590820,2015,7,22,81.5,90.9,75.7
232,590820,2015,7,24,79.8,81.9,77.0
233,590820,2015,7,26,82.3,87.4,77.2
234,590820,2015,9,5,85.8,91.4,78.3
235,590820,2015,9,25,82.3,92.7,74.8
236,590820,2015,10,9,72.7,77.9,67.8
237,590820,2015,10,28,69.3,72.1,68.0
238,590820,2015,11,5,71.5,78.6,61.2
239,590820,2015,11,7,75.5,81.9,69.6
240,590820,2015,11,11,60.3,61.5,58.8
241,590820,2015,11,12,58.2,59.0,57.0
242,590820,2015,11,15,68.7,71.6,61.5
243,590820,2015,11,29,55.9,57.2,54.3
244,590820,2015,12,8,51.6,55.2,48.4
245,590820,2015,12,10,55.1,59.4,52.5
246,590820,2015,12,12,52.9,53.6,51.3
247,590820,2015,1,16,52.2,64.8,38.3
248,590820,2015,1,22,52.4,69.4,41.4
249,590820,2015,2,13,57.6,71.2,41.4
250,590820,2015,3,22,68.5,73.2,63.5
251,590820,2015,4,1,78.5,84.4,73.4
252,590820,2015,4,6,76.7,90.9,65.7
253,590820,2015,4,11,58.2,61.0,53.2
254,590820,2015,6,16,86.2,91.8,75.7
255,590820,2015,6,18,86.2,92.7,78.3
256,590820,2015,6,20,84.9,94.5,73.9
257,590820,2015,6,28,87.9,93.2,83.1
258,590820,2015,6,29,87.8,93.6,82.8
259,590820,2015,6,30,88.7,95.0,82.2
260,590820,2015,7,8,77.5,81.9,72.9
261,590820,2015,7,14,87.6,96.6,77.0
262,590820,2015,7,15,86.2,95.0,79.3
263,590820,2015,7,16,83.8,92.3,78.4
264,590820,2015,8,5,84.7,95.7,72.9
265,590820,2015,8,21,82.2,87.3,75.4
266,590820,2015,8,25,83.4,93.4,70.7
267,590820,2015,9,11,81.9,93.7,72.5
268,590820,2015,9,28,79.0,90.9,68.2
269,590820,2015,10,16,69.0,84.9,56.3
270,590820,2015,10,17,69.4,84.7,55.9
271,590820,2015,10,22,74.4,87.3,63.9
272,590820,2015,10,27,74.2,79.9,69.3
273,590820,2015,12,17,43.7,52.2,34.7
274,590820,2015,1,1,47.9,62.4,36.7
275,590820,2015,1,4,58.0,65.5,40.5
276,590820,2015,1,17,50.9,64.9,40.8
277,590820,2015,1,20,54.8,68.4,38.7
278,590820,2015,1,21,55.6,71.1,43.3
279,590820,2015,1,26,61.3,76.8,50.9
280,590820,2015,2,1,47.0,52.0,42.6
281,590820,2015,2,10,51.5,58.3,41.5
282,590820,2015,3,20,73.4,82.2,62.8
283,590820,2015,3,31,77.0,81.1,69.6
284,590820,2015,4,3,80.1,84.9,77.5
285,590820,2015,4,14,63.1,79.2,45.9
286,590820,2015,4,16,73.8,89.4,59.0
287,590820,2015,7,12,85.0,95.7,74.8
288,590820,2015,7,13,86.6,97.5,75.7
289,590820,2015,7,17,83.2,90.9,77.0
290,590820,2015,8,6,86.7,97.2,74.8
291,590820,2015,8,20,84.0,93.9,77.5
292,590820,2015,8,27,82.8,92.3,76.6
293,590820,2015,9,14,76.6,86.4,66.9
294,590820,2015,9,15,79.4,90.3,68.7
295,590820,2015,10,14,71.6,86.0,58.3
296,590820,2015,10,20,69.8,82.4,58.1
297,590820,2015,10,24,72.5,85.5,61.7
298,590820,2015,10,25,74.1,83.7,63.0
299,590820,2015,11,24,65.2,77.2,52.2
300,590820,2015,11,26,52.3,60.6,43.2
301,590820,2015,12,16,50.2,57.2,44.6
302,590820,2015,12,18,44.3,54.5,34.9
303,590820,2015,6,27,88.1,93.6,81.5
304,590820,2015,1,25,61.5,75.2,52.5
305,590820,2015,3,1,49.2,51.8,46.4
306,590820,2015,7,7,76.0,81.3,73.2
307,590820,2015,7,20,85.3,95.5,78.1
308,590820,2015,7,27,81.3,86.9,74.8
309,590820,2015,10,2,75.0,83.1,68.4
310,590820,2015,7,9,75.7,80.2,72.9
311,590820,2015,1,13,49.8,53.6,46.6
312,590820,2015,1,14,49.5,58.1,39.2
313,590820,2015,2,5,46.4,49.3,41.7
314,590820,2015,2,15,60.4,72.7,53.2
315,590820,2015,3,4,49.4,51.3,47.8
316,590820,2015,3,7,50.9,54.7,45.3
317,590820,2015,3,11,51.0,52.7,49.5
318,590820,2015,3,17,72.5,74.7,69.8
319,590820,2015,3,24,61.8,66.4,58.3
320,590820,2015,4,2,79.9,83.3,74.7
321,590820,2015,4,20,61.5,62.4,60.3
322,590820,2015,4,23,68.1,75.9,61.5
323,590820,2015,5,11,68.4,73.8,61.7
324,590820,2015,5,14,79.0,82.0,75.2
325,590820,2015,5,23,72.6,75.0,70.5
326,590820,2015,5,29,86.9,91.9,83.1
327,590820,2015,6,13,78.7,85.3,73.8
328,590820,2015,6,19,81.9,93.0,74.1
329,590820,2015,7,30,81.3,90.0,72.9
330,590820,2015,8,14,83.1,92.3,76.6
331,590820,2015,8,18,86.5,93.9,77.2
332,590820,2015,9,21,73.8,77.9,68.5
333,590820,2015,9,23,80.7,88.7,74.1
334,590820,2015,10,3,81.5,90.1,69.8
335,590820,2015,10,31,60.4,63.5,58.5
336,590820,2015,11,6,72.9,78.1,68.9
337,590820,2015,11,14,62.0,64.8,57.4
338,590820,2015,12,2,56.5,61.2,54.7
339,590820,2015,12,7,49.8,51.3,47.5
340,590820,2015,12,26,49.1,49.5,48.2
341,590820,2015,12,29,49.7,52.2,48.2
342,590820,2015,1,2,49.1,64.4,35.8
343,590820,2015,1,3,52.5,69.4,38.7
344,590820,2015,2,2,52.0,58.5,42.3
345,590820,2015,2,9,51.0,61.0,38.8
346,590820,2015,3,19,77.8,85.5,66.9
347,590820,2015,3,29,72.1,78.3,62.2
348,590820,2015,4,5,79.2,87.6,70.3
349,590820,2015,4,25,72.7,79.3,67.3
350,590820,2015,4,27,75.4,81.1,68.9
351,590820,2015,5,27,84.6,91.4,78.4
352,590820,2015,6,17,86.6,92.1,81.5
353,590820,2015,8,3,82.0,94.1,71.2
354,590820,2015,8,9,82.6,88.3,78.3
355,590820,2015,9,9,82.6,91.8,73.2
356,590820,2015,9,17,79.7,90.9,68.0
357,590820,2015,9,18,82.4,93.6,70.5
358,590820,2015,9,26,78.1,84.9,72.0
359,590820,2015,10,18,69.7,83.5,56.5
360,590820,2015,10,21,73.1,84.0,60.4
361,590820,2015,10,23,73.1,86.0,62.4
362,590820,2015,11,4,65.8,75.6,58.1
363,590820,2015,12,20,51.0,63.0,39.7
0,590820,2016,11,23,45.6,49.5,43.7
1,590820,2016,3,22,66.9,70.5,64.6
2,590820,2016,4,7,76.0,80.6,70.9
3,590820,2016,9,13,80.0,89.4,71.6
4,590820,2016,4,13,75.0,81.3,68.2
5,590820,2016,6,4,78.7,86.4,75.0
6,590820,2016,3,29,61.2,66.0,58.3
7,590820,2016,4,18,65.9,76.6,59.7
8,590820,2016,6,2,89.4,94.5,84.2
9,590820,2016,5,22,73.6,79.5,68.7
10,590820,2016,12,9,55.1,69.8,43.2
11,590820,2016,5,5,78.8,82.2,73.0
12,590820,2016,1,11,51.3,55.8,48.4
13,590820,2016,7,17,87.3,92.7,82.9
14,590820,2016,8,15,81.3,86.2,77.0
15,590820,2016,11,30,54.1,64.4,45.7
16,590820,2016,8,10,80.0,86.2,77.4
17,590820,2016,9,30,63.6,64.8,61.3
18,590820,2016,9,22,77.3,87.8,67.6
19,590820,2016,9,10,78.0,80.1,76.3
20,590820,2016,3,15,54.7,57.0,52.5
21,590820,2016,1,8,54.7,56.7,51.6
22,590820,2016,10,23,76.1,81.9,72.0
23,590820,2016,5,31,87.1,92.3,79.2
24,590820,2016,6,6,82.3,91.4,73.8
25,590820,2016,1,3,63.3,74.1,54.9
26,590820,2016,1,10,54.7,55.8,51.6
27,590820,2016,11,16,74.0,84.4,65.8
28,590820,2016,1,22,39.6,41.9,35.6
29,590820,2016,11,5,67.4,80.8,55.2
30,590820,2016,5,13,79.5,89.4,68.7
31,590820,2016,12,21,66.8,77.7,57.4
32,590820,2016,12,26,52.9,61.7,47.5
33,590820,2016,9,4,77.9,80.1,75.2
34,590820,2016,7,9,85.3,97.2,77.0
35,590820,2016,6,27,87.1,95.4,78.3
36,590820,2016,7,28,87.2,95.2,77.7
37,590820,2016,3,31,69.6,80.8,58.3
38,590820,2016,10,24,74.8,78.1,71.8
39,590820,2016,7,13,80.2,84.7,77.5
40,590820,2016,7,18,86.7,91.8,81.9
41,590820,2016,7,14,81.3,86.4,77.2
42,590820,2016,5,2,80.8,85.1,66.6
43,590820,2016,8,1,87.1,98.1,75.2
44,590820,2016,1,23,40.0,43.7,35.1
45,590820,2016,12,28,46.5,55.9,36.3
46,590820,2016,5,7,79.4,86.7,68.4
47,590820,2016,6,16,71.7,73.8,68.9
48,590820,2016,9,7,82.6,91.4,76.6
49,590820,2016,5,21,72.0,74.7,69.1
50,590820,2016,2,25,50.1,51.8,47.7
51,590820,2016,3,1,58.7,76.5,43.7
52,590820,2016,6,17,79.8,86.0,70.5
53,590820,2016,3,25,54.3,65.1,44.4
54,590820,2016,10,12,70.7,74.3,66.6
55,590820,2016,7,1,81.7,85.5,77.4
56,590820,2016,12,29,47.0,58.1,38.3
57,590820,2016,11,12,62.6,65.8,54.9
58,590820,2016,11,17,72.9,85.1,64.2
59,590820,2016,10,8,77.6,81.9,73.8
60,590820,2016,6,15,79.5,87.3,70.2
61,590820,2016,5,23,78.4,85.8,68.0
62,590820,2016,4,11,72.5,78.6,68.0
63,590820,2016,12,31,53.6,65.8,41.0
64,590820,2016,2,13,70.4,80.1,54.3
65,590820,2016,4,21,73.9,77.0,68.7
66,590820,2016,10,4,77.4,87.8,68.5
67,590820,2016,10,26,79.7,88.7,71.6
68,590820,2016,3,9,51.8,58.5,46.4
69,590820,2016,5,26,83.8,91.9,75.4
70,590820,2016,5,11,74.6,86.4,64.6
71,590820,2016,4,30,62.2,63.1,60.3
72,590820,2016,11,26,46.0,47.5,43.2
73,590820,2016,2,21,51.3,55.4,47.1
74,590820,2016,4,24,74.6,80.8,68.9
75,590820,2016,10,6,79.0,84.7,73.2
76,590820,2016,6,30,82.3,86.2,76.3
77,590820,2016,8,14,80.3,85.1,75.9
78,590820,2016,6,26,86.8,95.9,78.6
79,590820,2016,7,15,84.1,89.6,79.0
80,590820,2016,12,1,53.8,62.1,45.0
81,590820,2016,12,6,57.6,68.0,45.7
82,590820,2016,6,21,87.5,93.6,79.3
83,590820,2016,4,16,77.0,83.3,72.5
84,590820,2016,4,25,72.1,75.9,67.5
85,590820,2016,12,7,53.9,66.2,44.4
86,590820,2016,8,17,84.9,89.1,78.8
87,590820,2016,4,9,72.4,77.9,67.5
88,590820,2016,3,17,58.1,59.0,55.2
89,590820,2016,6,5,79.3,84.2,75.6
90,590820,2016,5,19,74.8,77.4,70.7
91,590820,2016,2,16,47.4,50.7,41.5
92,590820,2016,7,2,81.1,87.8,77.2
93,590820,2016,2,22,49.1,49.8,47.7
94,590820,2016,12,24,59.9,65.3,54.1
95,590820,2016,8,31,84.0,91.4,70.2
96,590820,2016,9,16,80.4,86.9,74.1
97,590820,2016,12,8,54.3,67.5,44.2
98,590820,2016,1,27,42.9,44.4,37.4
99,590820,2016,4,3,73.4,74.8,71.8
100,590820,2016,9,8,84.1,92.3,76.6
101,590820,2016,7,7,84.8,95.9,75.7
102,590820,2016,10,13,70.5,73.8,66.2
103,590820,2016,5,18,73.4,77.9,67.3
104,590820,2016,3,24,53.9,57.2,49.3
105,590820,2016,2,28,55.0,71.6,42.1
106,590820,2016,7,26,86.9,95.2,80.1
107,590820,2016,1,24,36.9,41.2,31.6
108,590820,2016,5,10,73.2,82.6,66.2
109,590820,2016,2,4,45.1,47.3,43.0
110,590820,2016,11,22,65.1,74.7,49.8
111,590820,2016,1,7,57.3,64.2,48.4
112,590820,2016,6,19,86.0,92.5,79.7
113,590820,2016,5,9,75.0,81.1,69.4
114,590820,2016,9,28,79.7,85.8,72.3
115,590820,2016,5,29,81.7,88.2,76.5
116,590820,2016,2,27,52.8,65.3,44.1
117,590820,2016,12,12,65.1,73.6,56.1
118,590820,2016,10,20,76.0,82.4,70.9
119,590820,2016,2,19,53.6,56.7,51.1
120,590820,2016,12,3,61.4,69.3,50.0
121,590820,2016,9,2,75.7,77.5,73.6
122,590820,2016,9,17,78.8,85.5,69.3
123,590820,2016,2,9,54.6,71.4,36.5
124,590820,2016,7,27,87.5,95.2,78.6
125,590820,2016,12,17,52.9,61.9,37.2
126,590820,2016,12,4,64.4,74.3,55.2
127,590820,2016,4,2,73.9,74.8,72.0
128,590820,2016,11,25,48.0,50.2,45.0
129,590820,2016,6,25,88.1,96.3,77.9
130,590820,2016,2,12,73.7,78.6,63.5
131,590820,2016,7,8,86.8,97.2,75.4
132,590820,2016,1,31,46.1,48.7,41.0
133,590820,2016,5,1,66.6,67.5,61.3
134,590820,2016,2,1,39.7,41.4,38.3
135,590820,2016,4,22,74.0,78.8,70.3
136,590820,2016,8,25,86.7,93.6,79.5
137,590820,2016,7,20,82.0,88.2,78.6
138,590820,2016,1,25,38.8,47.5,29.7
139,590820,2016,6,11,81.6,86.5,77.0
140,590820,2016,8,4,81.1,91.8,75.7
141,590820,2016,4,26,74.6,81.1,69.3
142,590820,2016,5,12,77.3,87.6,66.7
143,590820,2016,10,2,77.0,86.5,68.0
144,590820,2016,11,18,73.6,81.9,63.7
145,590820,2016,7,4,79.8,88.9,76.3
146,590820,2016,8,30,79.0,89.8,68.9
147,590820,2016,1,14,50.1,54.0,46.0
148,590820,2016,6,8,80.5,83.7,77.0
149,590820,2016,12,5,64.2,70.9,57.9
150,590820,2016,10,5,78.7,86.2,67.8
151,590820,2016,3,21,65.8,68.4,63.5
152,590820,2016,3,20,65.4,66.6,64.0
153,590820,2016,4,23,72.8,77.4,69.6
154,590820,2016,1,5,65.2,74.1,57.6
155,590820,2016,11,6,71.0,82.4,59.7
156,590820,2016,4,12,70.5,74.1,67.8
157,590820,2016,11,3,60.5,70.2,52.2
158,590820,2016,11,9,54.0,58.3,51.1
159,590820,2016,10,30,65.9,68.9,59.5
160,590820,2016,3,11,46.2,48.9,41.4
161,590820,2016,8,20,84.0,94.5,77.2
162,590820,2016,12,2,56.1,66.2,46.4
163,590820,2016,1,15,48.5,49.8,47.1
164,590820,2016,6,20,85.8,92.5,79.9
165,590820,2016,8,7,86.8,95.5,77.4
166,590820,2016,1,17,50.4,57.6,47.1
167,590820,2016,4,5,72.7,75.7,66.2
168,590820,2016,2,6,46.8,58.8,33.8
169,590820,2016,3,19,64.9,66.2,62.8
170,590820,2016,1,18,51.7,59.5,46.9
171,590820,2016,12,19,62.1,66.6,56.7
172,590820,2016,8,8,83.9,92.7,78.3
173,590820,2016,7,5,80.2,90.5,74.3
174,590820,2016,5,25,80.0,88.2,71.4
175,590820,2016,11,20,68.5,69.1,67.6
176,590820,2016,6,7,85.3,94.3,73.6
177,590820,2016,9,24,81.2,91.4,70.5
178,590820,2016,5,15,69.7,81.7,64.4
179,590820,2016,10,3,78.6,86.9,70.7
180,590820,2016,10,16,77.9,85.5,66.6
181,590820,2016,6,18,84.3,89.6,77.5
182,590820,2016,8,19,83.3,89.8,77.5
183,590820,2016,4,1,74.5,80.4,62.4
184,590820,2016,4,10,73.4,80.1,66.9
185,590820,2016,10,1,69.0,72.1,63.1
186,590820,2016,10,31,66.8,70.2,61.7
187,590820,2016,2,8,49.6,69.1,33.3
188,590820,2016,11,1,65.6,70.7,60.6
189,590820,2016,10,27,77.9,88.9,70.2
190,590820,2016,10,7,78.5,82.8,73.2
191,590820,2016,6,24,86.5,94.5,78.1
192,590820,2016,5,16,69.1,79.2,59.2
193,590820,2016,2,17,50.7,63.7,40.1
194,590820,2016,11,27,50.0,60.1,41.4
195,590820,2016,3,10,42.9,45.3,41.9
196,590820,2016,7,31,85.8,99.9,75.7
197,590820,2016,11,8,60.6,62.8,58.6
198,590820,2016,7,30,86.2,101.3,77.7
199,590820,2016,1,2,58.1,66.9,47.1
200,590820,2016,5,4,78.0,83.7,71.6
201,590820,2016,3,13,50.9,52.5,46.0
202,590820,2016,7,22,86.0,93.4,77.7
203,590820,2016,1,26,39.2,43.2,34.7
204,590820,2016,1,9,55.3,56.7,53.2
205,590820,2016,2,24,49.9,53.1,46.0
206,590820,2016,7,3,80.4,85.1,77.9
207,590820,2016,3,30,61.4,67.8,58.3
208,590820,2016,2,18,56.0,63.0,42.6
209,590820,2016,12,30,47.0,59.9,38.1
210,590820,2016,9,21,77.1,86.4,66.4
211,590820,2016,9,19,77.0,86.0,68.5
212,590820,2016,4,6,78.8,84.0,69.6
213,590820,2016,6,14,80.1,88.7,76.1
214,590820,2016,10,25,77.3,82.8,73.2
215,590820,2016,3,12,46.6,47.3,45.9
216,590820,2016,9,25,82.3,93.2,73.2
217,590820,2016,4,28,74.8,84.9,64.0
218,590820,2016,3,26,59.5,69.3,43.5
219,590820,2016,9,26,84.2,95.2,73.9
220,590820,2016,7,24,87.7,97.2,77.5
221,590820,2016,11,10,53.6,56.7,50.5
222,590820,2016,11,28,51.4,63.9,39.9
223,590820,2016,10,10,73.6,79.0,69.4
224,590820,2016,8,2,77.9,80.6,76.1
225,590820,2016,8,23,83.2,94.5,77.2
226,590820,2016,8,12,79.8,86.0,76.1
227,590820,2016,1,6,56.7,61.9,49.1
228,590820,2016,2,5,47.9,55.4,38.8
229,590820,2016,1,12,51.1,54.1,47.7
230,590820,2016,6,29,80.9,89.1,75.6
231,590820,2016,8,5,83.0,91.8,75.7
232,590820,2016,10,14,71.4,78.3,65.7
233,590820,2016,2,2,41.2,43.9,38.3
234,590820,2016,8,11,84.9,93.2,77.0
235,590820,2016,5,30,84.5,91.2,76.8
236,590820,2016,7,6,82.3,91.4,74.1
237,590820,2016,6,10,79.5,87.3,75.0
238,590820,2016,3,14,56.4,61.2,50.7
239,590820,2016,8,24,85.2,95.4,76.8
240,590820,2016,9,6,82.2,88.2,77.4
241,590820,2016,11,15,75.1,84.6,66.2
242,590820,2016,5,17,73.5,82.8,58.8
243,590820,2016,3,8,67.4,71.8,59.5
244,590820,2016,6,9,79.8,87.8,75.2
245,590820,2016,8,26,80.4,90.0,77.2
246,590820,2016,6,3,81.4,88.0,75.2
247,590820,2016,11,21,70.2,72.9,68.0
248,590820,2016,6,22,87.8,94.1,80.6
249,590820,2016,2,3,45.5,49.3,38.1
250,590820,2016,10,22,77.7,84.2,72.5
251,590820,2016,11,24,47.8,51.8,43.2
252,590820,2016,2,26,49.5,50.7,48.6
253,590820,2016,9,27,87.1,96.8,74.7
254,590820,2016,8,21,85.3,94.6,77.5
255,590820,2016,2,14,47.4,57.6,43.0
256,590820,2016,7,10,80.5,86.0,76.8
257,590820,2016,6,23,87.7,93.9,80.1
258,590820,2016,5,20,71.8,74.7,70.2
259,590820,2016,8,18,82.2,87.8,77.5
260,590820,2016,8,29,77.3,87.4,68.5
261,590820,2016,11,2,62.3,68.0,55.8
262,590820,2016,9,29,67.6,71.2,61.5
263,590820,2016,7,12,83.3,88.9,77.4
264,590820,2016,12,20,66.2,72.7,58.8
265,590820,2016,9,1,82.2,89.6,76.3
266,590820,2016,9,15,78.6,84.9,74.8
267,590820,2016,9,12,78.4,85.3,72.0
268,590820,2016,3,6,69.5,81.7,62.1
269,590820,2016,3,5,67.2,71.6,59.9
270,590820,2016,7,11,79.3,82.2,77.2
271,590820,2016,8,6,85.6,95.0,76.3
272,590820,2016,1,13,51.3,57.9,46.2
273,590820,2016,2,23,47.9,50.2,46.2
274,590820,2016,10,28,76.9,89.6,67.8
275,590820,2016,10,11,74.8,78.3,65.7
276,590820,2016,4,19,66.9,69.8,60.8
277,590820,2016,8,3,78.2,86.5,75.6
278,590820,2016,9,20,75.9,85.5,66.9
279,590820,2016,3,28,62.4,70.5,42.4
280,590820,2016,4,20,71.2,72.3,65.3
281,590820,2016,4,29,69.6,76.5,61.0
282,590820,2016,10,15,74.6,84.4,65.5
283,590820,2016,11,7,74.4,84.4,65.1
284,590820,2016,12,15,49.4,54.5,42.3
285,590820,2016,3,4,67.7,75.9,58.1
286,590820,2016,11,29,53.5,65.8,43.2
287,590820,2016,5,24,76.4,81.5,70.9
288,590820,2016,6,1,88.3,93.6,82.9
289,590820,2016,9,5,82.0,89.8,74.8
290,590820,2016,5,8,76.2,80.4,73.9
291,590820,2016,12,13,60.3,64.4,56.3
292,590820,2016,3,18,63.2,65.8,58.1
293,590820,2016,9,18,78.0,86.0,68.9
294,590820,2016,8,13,81.6,91.2,75.9
295,590820,2016,8,27,76.6,79.7,74.3
296,590820,2016,1,29,49.8,53.4,46.2
297,590820,2016,10,19,71.6,72.0,70.0
298,590820,2016,3,27,56.8,70.5,43.7
299,590820,2016,12,10,57.1,70.9,44.8
300,590820,2016,4,17,66.8,73.6,59.9
301,590820,2016,11,4,63.1,74.5,51.4
302,590820,2016,2,10,63.3,73.8,45.9
303,590820,2016,9,11,74.6,76.8,73.0
304,590820,2016,9,3,79.1,82.6,74.7
305,590820,2016,1,4,66.7,75.0,54.5
306,590820,2016,9,9,83.8,91.6,77.7
307,590820,2016,3,23,60.5,65.1,55.4
308,590820,2016,7,16,86.8,93.2,81.5
309,590820,2016,2,11,66.7,71.4,60.4
310,590820,2016,2,15,45.0,47.8,41.5
311,590820,2016,1,28,48.2,50.5,43.2
312,590820,2016,1,1,53.6,64.6,43.9
313,590820,2016,8,16,84.3,89.8,76.5
314,590820,2016,1,16,49.5,50.5,48.0
315,590820,2016,5,27,81.1,86.4,76.6
316,590820,2016,12,11,60.1,71.2,49.1
317,590820,2016,12,16,46.9,57.6,38.1
318,590820,2016,4,8,73.4,77.5,70.0
319,590820,2016,5,14,79.2,83.7,72.7
320,590820,2016,7,23,87.2,96.1,77.5
321,590820,2016,3,16,55.2,55.8,53.2
322,590820,2016,7,29,88.1,99.0,77.2
323,590820,2016,1,21,45.0,46.9,42.6
324,590820,2016,8,9,84.2,96.8,78.1
325,590820,2016,12,27,46.4,51.3,37.8
326,590820,2016,9,23,78.7,89.1,69.4
327,590820,2016,4,4,70.0,74.1,66.6
328,590820,2016,8,22,85.7,95.0,77.9
329,590820,2016,12,22,55.4,62.1,46.2
330,590820,2016,6,12,78.8,83.3,75.9
331,590820,2016,11,13,73.4,80.6,63.0
332,590820,2016,2,7,45.9,62.8,31.8
333,590820,2016,1,20,48.2,48.6,47.1
334,590820,2016,4,15,75.4,77.7,69.1
335,590820,2016,4,14,74.4,79.7,70.7
336,590820,2016,3,2,62.8,75.9,46.6
337,590820,2016,11,14,75.2,86.5,66.9
338,590820,2016,4,27,73.6,83.1,64.4
339,590820,2016,7,21,86.3,92.5,75.7
340,590820,2016,3,7,71.3,77.7,61.5
341,590820,2016,7,25,89.2,98.6,77.5
342,590820,2016,10,9,73.5,78.8,70.2
343,590820,2016,12,23,56.4,64.0,45.3
344,590820,2016,8,28,73.2,78.6,68.9
345,590820,2016,10,18,71.2,72.0,70.2
346,590820,2016,1,19,52.7,56.7,47.8
347,590820,2016,10,17,77.2,81.9,71.2
348,590820,2016,7,19,86.2,92.8,81.0
349,590820,2016,9,14,80.4,88.7,71.1
350,590820,2016,6,28,80.4,90.1,75.7
351,590820,2016,10,21,77.3,81.7,70.9
352,590820,2016,12,14,54.5,57.0,51.1
353,590820,2016,6,13,80.8,84.4,75.7
354,590820,2016,1,30,50.9,54.9,45.5
355,590820,2016,3,3,65.9,75.6,49.1
356,590820,2016,5,6,73.2,84.2,68.7
357,590820,2016,12,25,60.9,62.1,58.1
358,590820,2016,10,29,64.0,67.1,61.0
359,590820,2016,2,20,55.2,66.4,47.5
360,590820,2016,11,19,72.7,79.0,68.0
361,590820,2016,2,29,57.3,73.0,43.2
362,590820,2016,5,28,78.2,79.9,76.3
363,590820,2016,12,18,60.6,68.0,51.8
364,590820,2016,5,3,77.9,86.4,72.3
0,590820,2017,7,15,83.3,95.2,75.2
1,590820,2017,7,7,81.3,89.1,76.1
2,590820,2017,3,13,65.3,72.5,53.8
3,590820,2017,9,9,82.6,90.0,77.4
4,590820,2017,7,1,79.4,84.6,75.6
5,590820,2017,7,31,82.6,87.3,78.3
6,590820,2017,8,22,89.3,100.4,78.6
7,590820,2017,10,17,67.1,70.0,61.5
8,590820,2017,12,21,49.4,62.8,32.0
9,590820,2017,2,9,44.8,48.4,41.4
10,590820,2017,5,3,79.9,83.3,72.7
11,590820,2017,12,7,60.9,69.3,51.6
12,590820,2017,10,2,84.8,94.5,76.3
13,590820,2017,1,23,50.0,63.7,37.9
14,590820,2017,6,17,75.2,78.8,69.8
15,590820,2017,5,6,79.2,90.3,68.5
16,590820,2017,10,1,84.4,94.5,74.7
17,590820,2017,7,8,79.0,85.8,76.3
18,590820,2017,1,21,49.6,59.0,38.8
19,590820,2017,5,5,75.8,86.5,66.0
20,590820,2017,8,21,89.4,100.4,78.3
21,590820,2017,4,22,62.9,71.1,55.4
22,590820,2017,3,23,66.6,74.8,58.8
23,590820,2017,1,5,65.3,77.9,57.7
24,590820,2017,9,17,80.4,92.7,70.2
25,590820,2017,4,15,71.7,75.4,68.9
26,590820,2017,12,20,45.5,60.1,31.5
27,590820,2017,8,30,85.0,96.8,74.7
28,590820,2017,4,19,71.1,73.6,69.4
29,590820,2017,7,24,83.0,91.9,76.5
30,590820,2017,6,22,78.3,83.3,75.6
31,590820,2017,2,14,54.9,70.9,40.1
32,590820,2017,1,28,62.6,73.4,42.1
33,590820,2017,1,26,52.5,66.9,42.1
34,590820,2017,12,5,55.8,64.8,48.2
35,590820,2017,1,10,60.5,66.2,55.2
36,590820,2017,6,9,80.6,90.9,75.6
37,590820,2017,6,21,79.6,83.7,75.4
38,590820,2017,3,17,54.1,55.4,51.4
39,590820,2017,9,3,87.1,96.3,76.1
40,590820,2017,10,3,83.1,94.3,75.6
41,590820,2017,10,15,64.2,68.4,62.1
42,590820,2017,6,18,75.7,79.2,72.5
43,590820,2017,5,22,74.5,76.5,72.7
44,590820,2017,11,5,64.1,71.1,57.6
45,590820,2017,5,26,73.9,85.3,64.4
46,590820,2017,1,4,65.2,76.1,54.7
47,590820,2017,8,2,86.7,95.9,80.2
48,590820,2017,12,17,42.7,49.3,32.4
49,590820,2017,11,21,52.3,55.8,47.8
50,590820,2017,12,26,52.0,63.9,39.2
51,590820,2017,2,3,54.3,60.8,50.0
52,590820,2017,11,13,70.6,76.1,65.1
53,590820,2017,6,11,85.0,93.2,78.3
54,590820,2017,4,11,59.7,62.8,58.3
55,590820,2017,1,27,54.2,69.4,42.6
56,590820,2017,11,25,51.6,53.6,48.9
57,590820,2017,5,24,72.3,75.4,67.8
58,590820,2017,10,5,78.8,87.1,72.5
59,590820,2017,10,14,68.0,71.1,65.3
60,590820,2017,1,31,51.3,52.3,49.3
61,590820,2017,7,16,81.0,91.8,74.1
62,590820,2017,10,7,78.9,88.7,69.8
63,590820,2017,7,19,78.3,88.0,74.5
64,590820,2017,8,9,87.3,94.5,81.9
65,590820,2017,6,16,74.5,79.9,70.2
66,590820,2017,9,26,84.2,95.0,74.7
67,590820,2017,12,28,55.8,67.5,48.2
68,590820,2017,7,9,80.8,88.7,76.1
69,590820,2017,12,16,46.4,48.6,44.8
70,590820,2017,3,29,65.1,68.0,60.6
71,590820,2017,8,17,86.0,95.9,77.5
72,590820,2017,10,10,83.2,94.5,72.3
73,590820,2017,3,16,53.1,54.5,51.6
74,590820,2017,3,2,56.5,68.7,45.1
75,590820,2017,7,13,84.6,93.4,76.6
76,590820,2017,5,14,79.6,89.1,67.8
77,590820,2017,9,4,79.7,84.6,75.4
78,590820,2017,12,24,56.4,68.4,41.4
79,590820,2017,6,24,86.0,91.0,80.2
80,590820,2017,11,22,52.7,55.4,50.0
81,590820,2017,4,5,74.4,79.0,62.8
82,590820,2017,2,25,44.6,47.3,41.4
83,590820,2017,12,18,43.6,54.0,31.8
84,590820,2017,5,12,76.3,81.5,70.7
85,590820,2017,8,20,88.1,96.8,76.6
86,590820,2017,9,12,82.0,89.6,76.1
87,590820,2017,7,10,81.3,87.8,75.9
88,590820,2017,6,6,78.7,86.2,75.0
89,590820,2017,4,9,77.2,78.8,75.0
90,590820,2017,1,11,52.9,57.9,47.8
91,590820,2017,10,8,81.2,90.0,72.1
92,590820,2017,7,28,87.2,97.9,76.8
93,590820,2017,4,28,66.1,80.1,55.0
94,590820,2017,11,8,66.2,70.9,62.8
95,590820,2017,3,9,53.3,54.7,52.0
96,590820,2017,5,25,72.9,79.7,66.6
97,590820,2017,10,25,69.2,79.7,58.3
98,590820,2017,4,20,76.4,86.0,68.9
99,590820,2017,4,26,68.5,73.0,64.2
100,590820,2017,3,10,56.5,58.1,52.7
101,590820,2017,11,26,54.1,57.6,50.4
102,590820,2017,5,28,77.0,91.8,64.4
103,590820,2017,1,13,47.8,50.4,45.0
104,590820,2017,8,10,85.8,92.7,80.1
105,590820,2017,12,3,59.6,66.6,51.6
106,590820,2017,9,5,80.1,83.7,75.0
107,590820,2017,3,6,56.6,59.4,53.4
108,590820,2017,11,6,65.1,74.5,57.6
109,590820,2017,6,2,78.4,80.6,75.9
110,590820,2017,2,12,47.5,63.0,35.8
111,590820,2017,3,31,55.8,58.6,50.5
112,590820,2017,5,17,74.5,84.6,65.1
113,590820,2017,2,11,47.1,55.6,36.1
114,590820,2017,10,27,70.3,81.0,58.6
115,590820,2017,3,20,65.0,75.4,58.6
116,590820,2017,2,19,68.2,74.7,57.4
117,590820,2017,1,15,50.0,52.0,47.8
118,590820,2017,7,5,82.4,92.5,75.7
119,590820,2017,11,1,63.0,77.4,48.9
120,590820,2017,9,2,84.1,94.3,75.7
121,590820,2017,7,14,84.5,93.6,75.9
122,590820,2017,8,15,85.4,92.5,76.5
123,590820,2017,9,11,85.4,95.0,76.8
124,590820,2017,11,27,58.7,66.2,50.4
125,590820,2017,11,11,69.9,76.5,63.0
126,590820,2017,11,14,68.3,72.9,63.0
127,590820,2017,8,25,81.1,91.4,74.7
128,590820,2017,1,9,58.8,66.4,53.6
129,590820,2017,3,3,58.5,71.2,47.8
130,590820,2017,6,10,83.9,90.5,72.7
131,590820,2017,12,8,53.0,61.9,43.0
132,590820,2017,10,11,81.6,94.3,71.6
133,590820,2017,3,24,64.9,76.3,54.5
134,590820,2017,1,2,65.1,76.5,54.3
135,590820,2017,9,24,83.0,91.8,76.8
136,590820,2017,4,2,63.5,76.1,46.9
137,590820,2017,7,29,85.8,98.1,77.9
138,590820,2017,10,28,68.0,80.1,58.1
139,590820,2017,6,27,78.8,87.8,73.0
140,590820,2017,8,27,79.0,81.9,75.4
141,590820,2017,2,8,46.4,55.8,42.3
142,590820,2017,2,10,45.5,48.2,40.1
143,590820,2017,10,9,80.6,89.8,72.9
144,590820,2017,2,23,44.3,46.6,42.6
145,590820,2017,11,3,67.5,81.5,52.9
146,590820,2017,1,17,50.4,51.8,48.2
147,590820,2017,3,25,52.0,53.6,50.5
148,590820,2017,10,13,69.8,74.7,66.2
149,590820,2017,4,27,64.4,72.0,56.1
150,590820,2017,12,27,56.2,64.6,46.8
151,590820,2017,10,24,67.1,78.8,57.4
152,590820,2017,11,17,73.4,80.1,62.1
153,590820,2017,12,22,55.7,67.1,45.0
154,590820,2017,6,8,82.3,91.8,75.6
155,590820,2017,11,29,66.5,70.0,62.8
156,590820,2017,12,29,60.2,72.0,46.9
157,590820,2017,7,23,82.7,90.5,73.6
158,590820,2017,4,12,60.5,63.9,56.8
159,590820,2017,2,5,59.1,70.0,50.9
160,590820,2017,12,4,58.2,61.9,54.9
161,590820,2017,2,4,59.5,64.8,50.0
162,590820,2017,10,26,70.6,82.6,59.4
163,590820,2017,4,10,74.3,82.6,61.2
164,590820,2017,7,2,77.3,83.5,74.5
165,590820,2017,5,16,75.1,83.1,65.8
166,590820,2017,8,29,82.6,94.3,73.9
167,590820,2017,5,18,76.2,83.5,65.1
168,590820,2017,4,7,78.1,84.6,67.8
169,590820,2017,4,21,63.9,68.9,60.1
170,590820,2017,9,18,82.2,95.0,69.8
171,590820,2017,5,19,73.5,77.5,70.0
172,590820,2017,10,30,61.2,74.3,47.3
173,590820,2017,12,30,54.5,57.6,50.9
174,590820,2017,2,28,53.2,54.7,51.6
175,590820,2017,9,19,83.1,89.1,73.8
176,590820,2017,11,24,50.5,53.4,46.2
177,590820,2017,8,24,81.3,89.1,74.7
178,590820,2017,4,30,75.8,82.8,60.8
179,590820,2017,9,13,82.5,89.8,74.8
180,590820,2017,3,12,65.3,68.7,59.7
181,590820,2017,9,30,81.3,90.5,74.7
182,590820,2017,6,25,84.8,92.3,80.2
183,590820,2017,4,8,78.5,80.6,73.9
184,590820,2017,5,30,82.1,89.8,69.8
185,590820,2017,2,1,55.5,61.2,49.5
186,590820,2017,3,4,65.9,72.5,52.5
187,590820,2017,5,21,74.3,77.0,72.3
188,590820,2017,8,19,86.9,96.3,76.5
189,590820,2017,5,15,72.1,77.4,68.2
190,590820,2017,9,29,79.0,85.5,75.4
191,590820,2017,9,22,82.0,92.3,76.6
192,590820,2017,9,23,82.5,90.9,77.4
193,590820,2017,2,7,57.0,58.6,54.3
194,590820,2017,7,25,83.4,94.1,76.6
195,590820,2017,11,10,72.6,80.6,62.1
196,590820,2017,4,24,69.8,73.8,61.2
197,590820,2017,4,16,76.2,81.0,68.7
198,590820,2017,4,13,64.4,74.5,56.5
199,590820,2017,7,17,80.6,88.0,73.9
200,590820,2017,12,12,55.7,60.3,49.8
201,590820,2017,9,15,78.9,90.9,67.6
202,590820,2017,3,19,59.0,60.6,55.9
203,590820,2017,7,20,81.2,90.3,74.3
204,590820,2017,9,8,84.0,91.8,77.7
205,590820,2017,1,24,56.4,66.9,41.5
206,590820,2017,8,5,87.9,94.3,78.3
207,590820,2017,10,20,68.4,71.6,66.2
208,590820,2017,8,16,85.4,95.9,75.9
209,590820,2017,9,7,80.3,86.9,77.7
210,590820,2017,7,12,84.9,93.7,74.5
211,590820,2017,8,14,86.2,92.7,82.8
212,590820,2017,5,2,76.3,84.2,70.2
213,590820,2017,9,1,83.4,93.2,74.7
214,590820,2017,6,5,82.8,87.8,79.3
215,590820,2017,4,17,73.6,79.5,66.0
216,590820,2017,6,12,81.6,93.6,76.3
217,590820,2017,12,13,53.3,58.5,51.3
218,590820,2017,2,22,52.7,69.3,46.8
219,590820,2017,4,29,70.2,83.7,54.5
220,590820,2017,9,25,83.2,93.4,77.0
221,590820,2017,6,29,82.1,91.8,75.6
222,590820,2017,8,12,87.1,93.6,78.1
223,590820,2017,8,6,88.4,96.8,81.1
224,590820,2017,3,21,59.9,62.6,57.4
225,590820,2017,12,25,50.2,64.6,39.6
226,590820,2017,7,3,77.6,82.4,74.3
227,590820,2017,11,20,50.2,52.9,48.2
228,590820,2017,8,23,82.4,88.2,77.4
229,590820,2017,10,19,69.2,72.5,66.6
230,590820,2017,2,27,56.4,61.0,50.5
231,590820,2017,8,4,86.1,94.5,78.4
232,590820,2017,2,24,43.6,45.0,41.9
233,590820,2017,10,22,65.3,75.4,54.9
234,590820,2017,5,4,72.0,79.0,66.4
235,590820,2017,2,15,59.0,72.9,44.8
236,590820,2017,7,6,79.2,85.8,75.6
237,590820,2017,1,14,50.0,52.2,46.6
238,590820,2017,11,23,53.8,57.4,46.8
239,590820,2017,6,26,81.5,86.4,74.8
240,590820,2017,1,18,51.3,52.2,49.3
241,590820,2017,8,8,88.8,95.2,84.2
242,590820,2017,11,9,66.9,71.1,62.6
243,590820,2017,5,20,75.9,81.9,70.0
244,590820,2017,8,3,84.8,92.7,79.7
245,590820,2017,11,18,59.2,66.6,52.2
246,590820,2017,12,1,54.7,57.4,52.2
247,590820,2017,11,4,67.2,77.2,53.6
248,590820,2017,8,1,86.6,96.3,77.9
249,590820,2017,8,18,85.2,95.4,77.0
250,590820,2017,3,28,64.6,69.6,56.7
251,590820,2017,3,14,53.8,57.6,51.3
252,590820,2017,2,18,68.5,80.8,58.3
253,590820,2017,5,11,80.8,87.8,73.0
254,590820,2017,9,27,84.9,99.0,74.1
255,590820,2017,1,6,66.9,75.4,58.3
256,590820,2017,3,15,52.9,54.3,50.9
257,590820,2017,7,18,79.5,86.2,75.0
258,590820,2017,12,14,51.3,52.2,50.4
259,590820,2017,1,22,48.4,61.9,37.6
260,590820,2017,12,9,49.3,59.9,40.8
261,590820,2017,6,19,78.3,84.4,73.8
262,590820,2017,1,25,56.5,68.4,43.7
263,590820,2017,6,23,84.4,89.8,76.1
264,590820,2017,2,21,71.5,76.1,60.6
265,590820,2017,8,7,90.1,97.2,81.0
266,590820,2017,7,4,79.9,85.1,75.4
267,590820,2017,8,28,78.6,83.7,73.8
268,590820,2017,12,15,47.9,50.2,45.5
269,590820,2017,9,21,85.3,96.3,76.5
270,590820,2017,10,6,76.8,83.3,70.0
271,590820,2017,4,3,68.7,78.3,55.4
272,590820,2017,10,12,70.6,77.0,66.2
273,590820,2017,9,16,81.1,94.3,70.2
274,590820,2017,1,19,50.5,54.5,47.7
275,590820,2017,11,7,62.8,63.5,61.0
276,590820,2017,1,30,53.1,56.8,50.5
277,590820,2017,5,1,73.8,78.8,70.0
278,590820,2017,3,5,64.9,72.0,56.1
279,590820,2017,10,18,70.6,76.1,65.7
280,590820,2017,3,26,55.3,67.8,46.6
281,590820,2017,5,29,78.7,90.9,64.0
282,590820,2017,12,11,54.4,65.5,41.9
283,590820,2017,12,19,45.2,57.2,32.2
284,590820,2017,10,16,63.3,66.2,61.7
285,590820,2017,4,6,73.3,77.9,68.2
286,590820,2017,11,16,67.9,71.1,63.1
287,590820,2017,9,6,85.2,94.3,78.1
288,590820,2017,2,26,53.3,61.9,43.5
289,590820,2017,8,26,82.0,93.2,76.1
290,590820,2017,7,21,83.1,95.0,75.0
291,590820,2017,6,14,79.7,84.2,75.9
292,590820,2017,3,1,57.6,69.3,47.8
293,590820,2017,2,2,54.6,61.0,50.2
294,590820,2017,8,13,87.4,93.4,82.9
295,590820,2017,6,1,84.3,86.7,80.8
296,590820,2017,4,25,70.3,71.6,67.1
297,590820,2017,9,10,83.4,89.1,77.4
298,590820,2017,5,13,75.3,85.3,68.0
299,590820,2017,2,20,69.9,80.1,61.9
300,590820,2017,7,27,84.6,95.5,74.5
301,590820,2017,7,30,87.9,97.9,77.7
302,590820,2017,6,4,82.6,89.6,75.7
303,590820,2017,10,23,67.3,75.4,54.9
304,590820,2017,7,22,84.3,96.6,73.6
305,590820,2017,11,19,53.5,56.3,50.0
306,590820,2017,3,11,60.8,63.9,56.8
307,590820,2017,4,23,69.4,80.6,54.9
308,590820,2017,9,28,86.3,97.7,73.9
309,590820,2017,1,8,56.0,59.4,54.3
310,590820,2017,2,13,51.1,68.0,35.8
311,590820,2017,5,31,84.5,89.1,73.4
312,590820,2017,2,6,57.9,64.2,50.0
313,590820,2017,4,18,75.8,85.1,65.3
314,590820,2017,11,2,65.8,80.6,52.5
315,590820,2017,8,11,83.7,93.2,76.1
316,590820,2017,9,14,79.5,88.7,69.3
317,590820,2017,7,11,82.4,90.0,75.2
318,590820,2017,1,3,64.2,75.6,55.6
319,590820,2017,6,28,80.3,85.3,72.9
320,590820,2017,6,15,78.4,84.0,75.4
321,590820,2017,10,4,79.6,86.0,74.7
322,590820,2017,9,20,83.4,91.8,75.2
323,590820,2017,1,20,50.4,55.4,46.6
324,590820,2017,6,3,81.6,89.6,75.7
325,590820,2017,8,31,82.9,94.5,74.7
326,590820,2017,3,7,52.6,54.5,50.4
327,590820,2017,12,23,59.3,66.6,49.3
328,590820,2017,10,31,59.7,72.9,45.9
329,590820,2017,1,16,49.6,52.7,47.5
330,590820,2017,1,29,61.0,63.5,55.4
331,590820,2017,3,22,59.3,59.9,57.4
332,590820,2017,3,18,56.2,56.8,54.1
333,590820,2017,3,30,69.3,73.4,59.7
334,590820,2017,12,2,56.6,59.4,52.9
335,590820,2017,5,10,79.4,89.6,67.6
336,590820,2017,10,21,65.9,72.0,55.6
337,590820,2017,5,23,77.8,84.4,69.3
338,590820,2017,2,17,67.0,80.8,53.4
339,590820,2017,5,8,71.8,80.1,67.1
340,590820,2017,1,12,46.3,47.7,45.0
341,590820,2017,5,7,73.9,77.5,71.1
342,590820,2017,4,4,70.8,79.0,58.6
343,590820,2017,4,1,58.7,73.8,47.1
344,590820,2017,7,26,82.3,95.2,74.8
345,590820,2017,12,6,55.9,64.8,47.1
346,590820,2017,11,30,57.6,62.6,52.7
347,590820,2017,11,15,65.1,67.5,62.6
348,590820,2017,1,7,65.6,75.2,57.6
349,590820,2017,6,30,81.2,86.5,75.4
350,590820,2017,3,8,55.0,60.8,49.3
351,590820,2017,5,9,75.4,86.4,66.6
352,590820,2017,3,27,61.7,73.9,45.9
353,590820,2017,10,29,68.0,79.7,54.0
354,590820,2017,4,14,71.3,77.0,56.1
355,590820,2017,6,20,78.8,82.6,75.7
356,590820,2017,5,27,76.1,88.2,64.0
357,590820,2017,6,13,81.2,88.9,76.3
358,590820,2017,2,16,65.5,75.4,50.2
359,590820,2017,6,7,81.0,91.8,74.8
360,590820,2017,11,28,63.8,68.2,55.8
361,590820,2017,12,10,53.2,67.1,40.5
362,590820,2017,11,12,70.2,75.6,63.1
0,590820,2018,9,18,78.4,81.7,75.9
1,590820,2018,10,19,65.6,67.1,64.8
2,590820,2018,11,16,62.2,63.5,61.0
3,590820,2018,4,26,68.3,70.2,65.8
4,590820,2018,10,23,65.8,67.1,63.5
5,590820,2018,10,24,66.8,68.5,64.4
6,590820,2018,5,29,86.3,91.8,77.0
7,590820,2018,7,8,81.4,90.9,75.2
8,590820,2018,5,28,83.9,92.3,72.7
9,590820,2018,8,13,86.7,96.8,77.4
10,590820,2018,5,25,86.7,93.2,79.5
11,590820,2018,7,11,88.6,96.8,75.4
12,590820,2018,9,15,88.4,96.1,75.9
13,590820,2018,2,24,57.4,61.0,52.3
14,590820,2018,6,13,71.3,73.4,67.6
15,590820,2018,1,6,48.1,49.5,45.1
16,590820,2018,5,10,69.5,70.9,66.4
17,590820,2018,3,1,71.9,79.2,58.8
18,590820,2018,3,16,70.2,81.9,59.9
19,590820,2018,3,26,63.7,72.0,56.7
20,590820,2018,3,30,68.5,76.5,62.1
21,590820,2018,3,14,68.0,76.1,61.5
22,590820,2018,3,15,66.5,74.7,60.1
23,590820,2018,4,27,70.1,73.6,67.5
24,590820,2018,1,19,61.3,76.5,52.2
25,590820,2018,1,17,57.0,72.0,45.5
26,590820,2018,6,12,71.6,77.2,68.0
27,590820,2018,8,31,77.5,80.1,75.6
28,590820,2018,8,8,83.4,93.6,73.8
29,590820,2018,11,11,73.5,82.4,64.4
30,590820,2018,6,28,86.2,92.5,79.2
31,590820,2018,5,1,78.3,83.3,72.1
32,590820,2018,4,20,72.1,75.4,68.4
33,590820,2018,12,18,52.0,66.4,37.9
34,590820,2018,1,4,58.7,70.2,45.0
35,590820,2018,12,8,45.6,49.5,42.1
36,590820,2018,10,31,67.3,80.6,51.3
37,590820,2018,7,16,83.0,93.2,74.7
38,590820,2018,10,11,63.9,70.0,59.7
39,590820,2018,6,2,78.8,85.5,73.0
40,590820,2018,11,8,63.0,70.0,55.4
41,590820,2018,1,15,54.3,68.0,44.8
42,590820,2018,9,27,74.9,81.3,69.8
43,590820,2018,11,6,73.0,85.1,63.0
44,590820,2018,3,5,66.9,76.3,59.9
45,590820,2018,6,5,74.5,77.9,72.0
46,590820,2018,8,28,78.3,81.0,76.5
47,590820,2018,4,5,72.1,79.7,59.0
48,590820,2018,6,4,82.1,92.3,74.5
49,590820,2018,2,14,64.5,72.7,42.3
50,590820,2018,10,20,70.3,74.3,64.9
51,590820,2018,6,11,80.1,91.4,68.4
52,590820,2018,6,20,85.8,93.2,79.2
53,590820,2018,12,2,68.7,75.4,63.5
54,590820,2018,6,15,79.4,86.9,72.5
55,590820,2018,8,23,84.7,95.0,77.5
56,590820,2018,12,30,38.5,42.8,36.5
57,590820,2018,8,30,78.2,83.3,75.2
58,590820,2018,10,18,68.9,73.8,64.2
59,590820,2018,12,3,69.4,76.1,63.3
60,590820,2018,6,14,75.9,81.0,70.3
61,590820,2018,2,2,42.8,45.0,40.1
62,590820,2018,10,28,65.2,80.6,52.7
63,590820,2018,5,20,86.0,95.2,76.5
64,590820,2018,7,28,86.8,95.4,78.3
65,590820,2018,6,16,78.8,84.2,73.9
66,590820,2018,5,31,83.5,96.1,75.4
67,590820,2018,3,23,65.6,81.0,47.5
68,590820,2018,1,13,48.4,55.8,37.0
69,590820,2018,12,26,57.2,61.9,51.3
70,590820,2018,9,16,79.5,86.2,75.4
71,590820,2018,1,12,44.5,55.6,32.9
72,590820,2018,3,11,62.0,73.6,45.0
73,590820,2018,4,30,74.7,79.7,71.2
74,590820,2018,2,18,71.3,78.3,63.1
75,590820,2018,6,22,78.7,83.3,76.5
76,590820,2018,11,2,61.7,65.5,59.9
77,590820,2018,10,15,63.9,66.0,62.1
78,590820,2018,4,1,73.4,86.0,63.3
79,590820,2018,5,19,86.5,94.1,78.8
80,590820,2018,11,9,66.4,73.6,54.0
81,590820,2018,10,6,69.4,83.3,57.0
82,590820,2018,9,12,77.2,81.7,68.7
83,590820,2018,3,13,67.6,76.1,61.9
84,590820,2018,11,14,69.5,76.5,60.6
85,590820,2018,2,28,67.7,79.2,59.0
86,590820,2018,12,29,42.3,45.5,38.5
87,590820,2018,4,15,59.5,64.4,55.8
88,590820,2018,3,6,61.5,64.4,58.3
89,590820,2018,11,7,63.7,68.4,58.5
90,590820,2018,9,8,76.5,80.6,70.9
91,590820,2018,5,11,74.6,79.2,69.3
92,590820,2018,2,19,71.1,81.5,62.8
93,590820,2018,9,5,83.7,91.4,77.2
94,590820,2018,3,25,61.5,63.9,59.9
95,590820,2018,2,5,41.4,52.9,29.3
96,590820,2018,7,12,81.2,88.7,75.2
97,590820,2018,9,14,84.1,93.6,74.8
98,590820,2018,7,20,86.5,95.4,78.1
99,590820,2018,7,13,81.0,90.5,77.9
100,590820,2018,8,27,80.2,87.3,75.2
101,590820,2018,10,12,67.8,78.4,59.9
102,590820,2018,5,2,76.6,85.3,72.0
103,590820,2018,8,19,85.3,93.2,76.6
104,590820,2018,9,21,82.7,94.1,76.3
105,590820,2018,2,13,52.1,67.5,35.8
106,590820,2018,8,21,83.3,90.9,76.5
107,590820,2018,4,18,70.0,82.6,54.3
108,590820,2018,8,16,82.0,88.2,77.9
109,590820,2018,11,27,62.4,72.9,50.5
110,590820,2018,9,3,83.3,90.7,75.9
111,590820,2018,5,22,86.1,94.3,74.3
112,590820,2018,2,16,64.9,79.7,52.9
113,590820,2018,1,30,37.5,38.7,36.5
114,590820,2018,12,21,64.6,69.8,59.9
115,590820,2018,2,15,64.6,71.1,57.6
116,590820,2018,12,5,65.1,69.3,59.7
117,590820,2018,8,4,83.5,94.1,77.0
118,590820,2018,10,4,71.9,84.4,59.4
119,590820,2018,2,25,57.1,60.8,53.6
120,590820,2018,3,20,54.6,61.2,50.4
121,590820,2018,7,19,86.2,95.0,78.8
122,590820,2018,7,18,85.6,95.4,78.1
123,590820,2018,5,13,81.9,90.0,75.0
124,590820,2018,3,28,70.5,82.4,54.7
125,590820,2018,9,29,73.2,82.6,63.9
126,590820,2018,2,3,44.7,50.2,40.1
127,590820,2018,1,23,56.5,62.1,50.0
128,590820,2018,12,6,57.8,67.5,49.1
129,590820,2018,10,1,72.1,86.0,59.2
130,590820,2018,7,14,82.1,88.0,77.0
131,590820,2018,10,7,71.0,87.4,57.6
132,590820,2018,8,6,81.1,90.5,75.6
133,590820,2018,5,16,83.6,88.9,77.4
134,590820,2018,1,21,60.3,66.6,54.7
135,590820,2018,1,18,60.1,74.3,46.8
136,590820,2018,7,9,81.0,91.6,74.3
137,590820,2018,1,8,40.1,41.2,39.0
138,590820,2018,1,31,37.0,39.6,32.2
139,590820,2018,5,5,78.9,83.3,68.2
140,590820,2018,8,15,85.3,94.5,76.8
141,590820,2018,2,20,66.5,80.6,56.7
142,590820,2018,6,26,83.1,89.8,75.4
143,590820,2018,12,24,55.8,58.3,53.1
144,590820,2018,6,23,80.0,86.9,75.6
145,590820,2018,12,10,46.8,49.3,42.1
146,590820,2018,10,30,66.7,80.6,52.7
147,590820,2018,8,2,82.2,93.4,77.0
148,590820,2018,10,17,66.6,70.7,62.6
149,590820,2018,11,25,63.2,71.6,52.7
150,590820,2018,3,4,76.8,79.0,73.9
151,590820,2018,4,2,78.3,86.9,64.2
152,590820,2018,6,7,77.0,80.1,74.8
153,590820,2018,7,22,82.5,94.1,75.4
154,590820,2018,11,4,68.7,74.3,63.7
155,590820,2018,1,9,43.9,50.9,38.8
156,590820,2018,4,28,72.4,77.0,68.5
157,590820,2018,4,21,75.9,81.9,68.7
158,590820,2018,5,9,68.5,72.7,66.6
159,590820,2018,12,16,51.4,57.2,43.7
160,590820,2018,1,7,48.0,51.3,42.3
161,590820,2018,12,27,54.4,58.1,50.2
162,590820,2018,6,6,75.4,77.9,72.1
163,590820,2018,4,12,74.6,77.4,70.0
164,590820,2018,10,2,71.8,84.6,60.8
165,590820,2018,8,9,82.1,92.3,76.1
166,590820,2018,9,20,84.1,95.2,74.5
167,590820,2018,3,18,68.7,70.7,64.4
168,590820,2018,2,23,53.4,57.6,45.0
169,590820,2018,6,17,82.6,91.8,73.8
170,590820,2018,10,26,73.2,81.5,66.6
171,590820,2018,9,7,76.6,88.2,71.1
172,590820,2018,7,15,79.8,90.5,74.7
173,590820,2018,1,22,56.7,61.0,53.1
174,590820,2018,5,17,85.3,91.6,79.3
175,590820,2018,5,18,86.4,92.3,81.0
176,590820,2018,12,14,49.1,51.8,44.8
177,590820,2018,3,24,65.8,72.5,55.9
178,590820,2018,7,7,77.6,80.6,75.6
179,590820,2018,1,25,54.1,62.8,41.9
180,590820,2018,3,17,65.2,69.1,62.1
181,590820,2018,11,1,69.1,76.5,51.1
182,590820,2018,3,21,56.7,66.2,47.5
183,590820,2018,7,27,85.9,94.3,75.4
184,590820,2018,5,15,84.4,90.0,78.8
185,590820,2018,9,19,82.5,93.2,74.8
186,590820,2018,5,26,87.9,96.3,80.6
187,590820,2018,5,30,86.2,93.2,77.4
188,590820,2018,10,3,71.6,84.4,59.9
189,590820,2018,9,23,80.1,89.1,74.3
190,590820,2018,7,23,85.0,95.0,75.0
191,590820,2018,10,10,64.2,67.1,59.9
192,590820,2018,5,7,73.6,82.4,70.2
193,590820,2018,12,1,63.6,64.6,61.2
194,590820,2018,7,6,84.7,89.2,81.0
195,590820,2018,6,19,85.9,89.8,81.9
196,590820,2018,10,22,68.2,74.5,63.9
197,590820,2018,12,13,46.4,48.2,43.2
198,590820,2018,6,10,79.8,90.9,68.4
199,590820,2018,8,7,79.7,95.4,73.8
200,590820,2018,8,12,84.8,93.4,77.0
201,590820,2018,7,2,85.7,94.3,79.2
202,590820,2018,6,18,86.0,92.5,76.6
203,590820,2018,8,1,86.3,95.2,79.2
204,590820,2018,7,21,84.7,93.2,77.9
205,590820,2018,12,17,49.3,63.5,39.2
206,590820,2018,11,15,66.4,71.6,61.7
207,590820,2018,9,25,79.7,89.6,72.7
208,590820,2018,8,22,84.6,95.0,77.7
209,590820,2018,6,25,80.9,86.4,76.1
210,590820,2018,4,4,77.7,85.3,69.4
211,590820,2018,12,4,67.2,82.4,60.3
212,590820,2018,7,29,86.9,96.1,78.1
213,590820,2018,8,14,84.7,94.5,77.2
214,590820,2018,12,31,40.3,42.8,35.6
215,590820,2018,12,7,48.7,50.4,46.8
216,590820,2018,5,27,81.5,90.0,72.7
217,590820,2018,12,23,58.0,61.2,54.9
218,590820,2018,7,26,83.1,95.0,75.6
219,590820,2018,5,14,84.4,90.5,77.4
220,590820,2018,4,7,56.9,67.1,44.6
221,590820,2018,1,29,37.5,39.2,34.9
222,590820,2018,6,27,86.2,92.3,78.6
223,590820,2018,2,7,42.4,46.8,30.2
224,590820,2018,11,26,61.8,73.8,51.3
225,590820,2018,9,26,79.4,90.0,73.2
226,590820,2018,10,5,70.3,83.3,57.9
227,590820,2018,6,21,80.6,86.9,75.2
228,590820,2018,1,28,38.1,40.1,35.1
229,590820,2018,1,5,46.5,47.7,44.4
230,590820,2018,11,28,59.8,72.5,48.2
231,590820,2018,6,9,76.4,78.3,74.3
232,590820,2018,1,24,55.8,58.3,53.8
233,590820,2018,1,27,43.3,46.4,40.1
234,590820,2018,8,17,81.5,92.5,75.4
235,590820,2018,11,3,65.4,68.9,59.7
236,590820,2018,10,27,66.3,78.3,53.6
237,590820,2018,2,26,59.3,69.8,50.9
238,590820,2018,8,18,81.8,92.7,75.0
239,590820,2018,3,2,74.1,80.6,63.7
240,590820,2018,12,11,43.8,46.8,41.2
241,590820,2018,5,8,74.5,77.9,70.0
242,590820,2018,10,21,73.5,79.7,64.8
243,590820,2018,4,6,53.8,55.8,51.3
244,590820,2018,4,17,64.5,79.2,50.4
245,590820,2018,11,13,66.2,71.1,60.8
246,590820,2018,1,2,58.7,63.9,46.8
247,590820,2018,4,22,76.0,78.1,72.5
248,590820,2018,12,28,47.9,51.1,43.7
249,590820,2018,11,10,71.5,81.0,63.1
250,590820,2018,9,28,70.9,75.7,66.4
251,590820,2018,3,8,48.3,54.9,41.9
252,590820,2018,2,12,49.3,61.9,36.9
253,590820,2018,6,30,86.6,92.7,81.1
254,590820,2018,6,1,77.6,81.5,73.4
255,590820,2018,4,11,74.1,81.7,65.5
256,590820,2018,8,3,81.1,86.9,76.1
257,590820,2018,2,8,49.3,59.9,41.9
258,590820,2018,9,2,81.5,87.1,75.0
259,590820,2018,11,30,63.1,70.7,49.5
260,590820,2018,6,8,75.3,77.0,74.3
261,590820,2018,7,24,82.4,90.7,77.9
262,590820,2018,2,4,40.9,42.8,38.7
263,590820,2018,9,6,82.5,93.6,77.0
264,590820,2018,3,7,51.6,59.0,45.5
265,590820,2018,2,21,53.3,57.4,48.4
266,590820,2018,12,12,44.1,44.8,40.5
267,590820,2018,9,30,72.1,85.1,60.1
268,590820,2018,5,3,71.7,78.3,67.5
269,590820,2018,7,31,87.5,94.5,78.3
270,590820,2018,2,22,48.7,52.0,45.0
271,590820,2018,10,14,66.9,71.4,63.5
272,590820,2018,7,17,85.4,94.1,76.8
273,590820,2018,4,14,61.4,69.3,58.1
274,590820,2018,12,19,55.9,60.8,44.8
275,590820,2018,2,27,67.2,72.5,54.9
276,590820,2018,7,10,83.8,95.4,73.9
277,590820,2018,4,8,61.3,76.5,43.7
278,590820,2018,4,19,73.7,79.7,60.3
279,590820,2018,2,11,50.8,58.1,42.3
280,590820,2018,9,22,81.6,90.9,75.9
281,590820,2018,6,29,87.6,93.4,77.7
282,590820,2018,3,9,51.3,64.8,37.8
283,590820,2018,5,24,85.5,92.7,75.0
284,590820,2018,8,25,85.1,93.2,75.9
285,590820,2018,12,15,53.0,57.6,48.6
286,590820,2018,4,9,70.4,79.2,50.4
287,590820,2018,8,10,82.3,92.3,75.9
288,590820,2018,11,24,59.1,68.9,48.4
289,590820,2018,1,16,56.3,71.1,46.0
290,590820,2018,4,23,72.8,75.6,68.4
291,590820,2018,10,9,75.9,86.7,64.0
292,590820,2018,4,16,58.9,66.4,51.3
293,590820,2018,1,20,60.2,66.6,51.6
294,590820,2018,8,24,83.9,94.1,76.3
295,590820,2018,2,6,41.2,56.3,28.0
296,590820,2018,3,12,67.4,76.5,49.8
297,590820,2018,10,13,67.7,73.8,62.4
298,590820,2018,3,29,67.9,72.9,64.0
299,590820,2018,8,20,80.3,86.2,76.5
300,590820,2018,9,1,76.6,80.1,75.2
301,590820,2018,2,9,50.6,53.6,43.0
302,590820,2018,12,25,56.9,59.0,52.9
303,590820,2018,3,27,65.9,79.2,55.4
304,590820,2018,9,13,81.4,88.2,73.6
305,590820,2018,12,22,67.3,76.5,61.7
306,590820,2018,7,25,83.1,92.7,77.5
307,590820,2018,10,25,72.8,79.2,65.7
308,590820,2018,5,23,83.3,92.7,76.1
309,590820,2018,9,9,78.2,85.1,72.0
310,590820,2018,6,24,82.9,92.3,74.8
311,590820,2018,2,1,42.2,49.5,30.4
312,590820,2018,2,10,50.4,53.1,48.2
313,590820,2018,11,29,58.8,72.9,46.9
314,590820,2018,7,30,86.2,95.4,77.7
315,590820,2018,2,17,66.4,76.6,51.3
316,590820,2018,9,11,78.0,88.0,69.3
317,590820,2018,7,3,86.7,93.7,81.0
318,590820,2018,10,29,65.3,81.0,53.4
319,590820,2018,11,12,64.2,68.9,61.7
320,590820,2018,12,20,59.9,62.6,54.9
321,590820,2018,11,5,71.9,81.7,63.9
322,590820,2018,1,10,44.2,57.6,33.8
323,590820,2018,5,6,80.2,86.9,75.0
324,590820,2018,5,12,78.6,82.6,72.7
325,590820,2018,8,26,76.2,78.3,75.4
326,590820,2018,7,1,86.7,94.1,81.9
327,590820,2018,5,21,84.7,94.5,74.3
328,590820,2018,3,31,71.5,83.7,61.7
329,590820,2018,1,1,51.8,60.3,41.9
330,590820,2018,3,3,75.1,77.0,69.3
331,590820,2018,4,24,68.2,74.7,65.3
332,590820,2018,1,14,49.1,55.4,45.0
333,590820,2018,10,16,64.5,67.6,61.9
334,590820,2018,4,10,71.7,76.3,63.3
335,590820,2018,12,9,42.8,43.7,41.9
336,590820,2018,10,8,73.6,86.4,60.3
337,590820,2018,5,4,69.7,72.7,67.3
338,590820,2018,1,26,43.5,45.7,41.2
339,590820,2018,4,13,75.1,76.5,70.3
340,590820,2018,7,4,88.0,94.3,80.8
341,590820,2018,3,22,58.9,75.2,46.9
342,590820,2018,4,25,70.2,74.3,64.8
343,590820,2018,7,5,86.8,94.6,81.1
344,590820,2018,9,4,84.6,92.5,76.5
345,590820,2018,3,10,56.1,72.9,39.7
346,590820,2018,6,3,79.7,85.1,74.3
347,590820,2018,8,11,81.6,89.1,75.7
348,590820,2018,9,10,79.3,88.0,71.8
349,590820,2018,4,29,74.0,77.4,70.3
350,590820,2018,4,3,77.1,83.7,69.4
351,590820,2018,3,19,59.7,71.6,51.8
352,590820,2018,8,29,80.0,88.0,75.6
353,590820,2018,11,23,55.2,65.7,46.6
354,590820,2018,1,11,46.2,58.1,32.4
355,590820,2018,1,3,61.5,67.5,56.5
356,590820,2018,8,5,81.4,88.7,74.1
0,590820,2019,11,23,63.5,84.6,55.0
1,590820,2019,10,2,83.1,94.5,68.7
2,590820,2019,8,30,77.5,83.5,74.5
3,590820,2019,3,13,66.8,78.1,52.2
4,590820,2019,10,4,78.6,91.9,69.3
5,590820,2019,4,9,80.7,84.4,76.6
6,590820,2019,6,2,75.1,77.2,73.6
7,590820,2019,7,15,86.1,92.7,79.5
8,590820,2019,3,21,78.1,85.3,70.2
9,590820,2019,4,20,73.2,77.4,70.2
10,590820,2019,4,4,60.2,61.2,58.3
11,590820,2019,3,24,52.1,52.9,49.6
12,590820,2019,3,3,56.9,64.8,50.9
13,590820,2019,5,20,73.0,76.1,70.2
14,590820,2019,7,17,87.2,97.9,77.0
15,590820,2019,1,2,42.5,44.6,37.9
16,590820,2019,3,14,60.3,62.1,55.8
17,590820,2019,7,16,86.4,95.4,77.4
18,590820,2019,8,12,83.3,95.4,76.5
19,590820,2019,9,17,83.0,91.8,74.7
20,590820,2019,3,15,60.5,65.7,55.6
21,590820,2019,7,3,81.5,87.3,78.3
22,590820,2019,9,21,76.4,86.2,64.6
23,590820,2019,1,26,53.8,62.6,45.0
24,590820,2019,2,16,48.9,51.3,45.7
25,590820,2019,5,21,74.0,77.4,70.0
26,590820,2019,6,1,76.7,79.2,73.0
27,590820,2019,9,20,79.7,89.1,66.7
28,590820,2019,9,29,75.8,91.6,62.2
29,590820,2019,10,1,79.9,94.5,67.6
30,590820,2019,1,5,48.4,50.0,47.5
31,590820,2019,1,16,49.3,52.9,46.8
32,590820,2019,5,18,85.5,92.3,73.2
33,590820,2019,6,6,81.7,85.3,74.3
34,590820,2019,6,27,86.5,93.6,79.7
35,590820,2019,1,3,48.8,54.0,42.4
36,590820,2019,8,6,85.6,97.7,76.5
37,590820,2019,10,3,80.8,93.6,70.2
38,590820,2019,11,12,69.2,83.3,55.2
39,590820,2019,3,22,59.2,63.5,52.0
40,590820,2019,6,22,87.9,93.6,81.5
41,590820,2019,9,15,82.6,90.7,75.0
42,590820,2019,3,9,53.4,54.9,51.3
43,590820,2019,5,10,75.4,81.9,66.6
44,590820,2019,7,28,82.5,94.3,76.3
45,590820,2019,12,26,52.8,66.9,49.5
46,590820,2019,3,5,58.9,59.9,56.8
47,590820,2019,3,7,52.8,53.6,51.3
48,590820,2019,4,22,72.2,74.7,70.3
49,590820,2019,11,25,61.7,84.6,56.5
50,590820,2019,1,17,47.7,56.5,39.6
51,590820,2019,6,19,85.5,92.7,78.4
52,590820,2019,9,3,81.1,87.3,74.3
53,590820,2019,1,19,52.3,54.7,44.6
54,590820,2019,2,5,64.2,70.9,59.5
55,590820,2019,3,1,54.9,56.3,50.5
56,590820,2019,3,12,61.9,77.4,48.4
57,590820,2019,5,29,75.6,81.5,71.6
58,590820,2019,10,30,61.7,78.1,49.8
59,590820,2019,7,5,85.5,90.9,79.7
60,590820,2019,5,3,71.6,78.3,65.3
61,590820,2019,11,10,63.8,79.9,51.3
62,590820,2019,4,8,80.1,83.5,68.4
63,590820,2019,5,13,82.8,88.7,76.5
64,590820,2019,6,8,83.0,90.5,77.4
65,590820,2019,6,18,82.6,88.0,77.2
66,590820,2019,7,19,83.8,92.5,76.6
67,590820,2019,10,13,76.1,78.8,72.5
68,590820,2019,4,14,66.4,71.1,62.1
69,590820,2019,10,11,81.7,93.2,71.1
70,590820,2019,1,6,51.1,54.5,47.3
71,590820,2019,1,13,54.4,56.7,52.7
72,590820,2019,1,29,63.8,72.0,55.9
73,590820,2019,4,10,74.0,80.6,67.5
74,590820,2019,7,25,86.1,94.5,75.9
75,590820,2019,1,28,59.1,69.8,45.5
76,590820,2019,11,15,64.7,80.8,50.2
77,590820,2019,11,18,59.0,67.8,55.8
78,590820,2019,2,12,55.9,63.0,47.1
79,590820,2019,6,9,79.8,87.3,74.3
80,590820,2019,6,28,88.9,95.0,82.0
81,590820,2019,7,31,84.6,93.6,76.3
82,590820,2019,5,17,83.2,92.5,73.4
83,590820,2019,7,4,84.3,92.3,77.9
84,590820,2019,8,10,86.9,97.2,75.6
85,590820,2019,9,4,81.7,89.6,75.4
86,590820,2019,12,27,50.9,61.9,41.4
87,590820,2019,4,27,69.3,72.9,66.6
88,590820,2019,9,12,83.9,94.1,76.3
89,590820,2019,10,8,76.5,84.4,69.3
90,590820,2019,3,23,52.0,53.8,49.5
91,590820,2019,4,21,75.7,81.5,71.6
92,590820,2019,11,6,66.0,80.4,52.5
93,590820,2019,12,28,52.6,67.1,41.0
94,590820,2019,1,1,41.5,45.0,38.3
95,590820,2019,7,23,79.3,85.3,76.3
96,590820,2019,12,3,49.5,62.6,36.3
97,590820,2019,12,23,56.6,60.1,52.2
98,590820,2019,2,1,52.2,55.8,47.3
99,590820,2019,3,4,59.1,66.4,51.6
100,590820,2019,3,18,58.3,59.4,54.9
101,590820,2019,9,26,74.2,89.1,61.2
102,590820,2019,3,10,54.6,58.1,51.3
103,590820,2019,11,21,61.0,76.1,49.3
104,590820,2019,4,12,58.7,59.9,56.7
105,590820,2019,6,16,80.7,86.4,70.3
106,590820,2019,12,1,53.2,68.5,48.6
107,590820,2019,12,5,57.0,67.1,37.4
108,590820,2019,12,20,50.8,53.4,47.5
109,590820,2019,1,25,60.6,71.6,46.8
110,590820,2019,6,20,85.3,90.5,80.1
111,590820,2019,7,30,81.1,90.5,76.5
112,590820,2019,4,3,63.1,69.3,59.0
113,590820,2019,8,13,83.7,94.5,76.3
114,590820,2019,8,15,81.9,94.3,75.6
115,590820,2019,12,16,70.2,79.2,50.2
116,590820,2019,2,8,60.1,68.4,48.4
117,590820,2019,2,11,47.0,49.3,42.4
118,590820,2019,2,26,50.2,51.1,47.3
119,590820,2019,3,28,73.0,76.5,67.5
120,590820,2019,5,4,68.5,73.6,63.5
121,590820,2019,2,23,44.8,45.9,43.7
122,590820,2019,4,19,71.3,73.4,69.1
123,590820,2019,7,10,76.9,79.9,71.4
124,590820,2019,1,9,49.4,51.8,45.7
125,590820,2019,3,8,52.9,53.6,51.3
126,590820,2019,4,23,74.5,81.5,70.2
127,590820,2019,5,12,80.9,87.8,72.5
128,590820,2019,2,2,62.2,67.1,49.8
129,590820,2019,7,1,83.4,95.4,77.4
130,590820,2019,11,30,58.8,68.5,51.8
131,590820,2019,7,27,88.1,95.0,79.7
132,590820,2019,1,23,49.1,60.1,36.9
133,590820,2019,9,11,84.8,94.1,76.3
134,590820,2019,11,8,63.3,77.9,51.8
135,590820,2019,2,14,54.4,55.4,53.1
136,590820,2019,3,16,59.6,63.5,55.6
137,590820,2019,6,5,78.1,86.4,75.2
138,590820,2019,9,24,72.6,87.1,59.7
139,590820,2019,11,11,66.0,82.8,52.9
140,590820,2019,6,23,77.2,82.6,74.7
141,590820,2019,8,5,84.7,94.1,76.8
142,590820,2019,11,29,54.1,57.6,50.5
143,590820,2019,3,20,74.5,76.5,68.5
144,590820,2019,7,22,84.0,90.9,78.1
145,590820,2019,2,18,48.8,50.0,45.5
146,590820,2019,5,31,77.0,82.9,73.4
147,590820,2019,7,6,83.3,90.0,77.5
148,590820,2019,8,22,85.7,97.7,76.3
149,590820,2019,9,1,80.2,86.2,75.4
150,590820,2019,9,28,74.8,90.5,61.9
151,590820,2019,6,13,75.9,81.7,68.4
152,590820,2019,8,27,81.7,90.5,75.2
153,590820,2019,9,30,77.9,91.4,63.1
154,590820,2019,9,25,73.4,88.2,59.7
155,590820,2019,12,18,58.6,79.9,50.0
156,590820,2019,1,8,47.8,50.4,45.7
157,590820,2019,7,21,85.1,94.5,79.2
158,590820,2019,8,4,83.6,93.2,75.2
159,590820,2019,9,2,78.3,83.7,74.7
160,590820,2019,10,5,81.3,93.2,68.9
161,590820,2019,5,15,83.1,87.8,76.5
162,590820,2019,6,17,83.8,92.3,75.4
163,590820,2019,10,31,66.0,80.1,51.3
164,590820,2019,11,28,52.7,68.7,48.9
165,590820,2019,2,13,58.3,62.1,54.9
166,590820,2019,6,30,88.1,96.8,79.2
167,590820,2019,8,7,83.5,97.0,75.9
168,590820,2019,8,14,83.2,94.5,75.6
169,590820,2019,10,22,73.2,83.7,55.0
170,590820,2019,11,27,58.0,70.5,50.4
171,590820,2019,11,7,68.2,76.6,54.0
172,590820,2019,9,13,88.2,98.6,77.5
173,590820,2019,11,26,61.5,70.5,56.3
174,590820,2019,5,23,74.5,77.9,68.5
175,590820,2019,10,26,65.3,70.2,62.8
176,590820,2019,10,25,72.3,78.6,63.9
177,590820,2019,4,2,65.5,69.1,57.7
178,590820,2019,3,27,74.0,78.8,64.9
179,590820,2019,8,8,86.3,95.4,75.7
180,590820,2019,10,15,73.2,77.9,68.9
181,590820,2019,11,2,71.4,85.1,59.0
182,590820,2019,11,22,63.5,79.9,50.4
183,590820,2019,12,2,50.2,62.6,37.6
184,590820,2019,1,20,50.0,53.1,47.7
185,590820,2019,5,28,76.9,83.7,72.0
186,590820,2019,9,23,72.8,86.4,60.4
187,590820,2019,1,30,69.9,79.2,58.8
188,590820,2019,2,20,55.8,58.5,52.0
189,590820,2019,5,5,63.8,64.6,62.8
190,590820,2019,5,19,84.9,93.2,77.0
191,590820,2019,12,9,48.8,66.9,37.6
192,590820,2019,1,27,54.1,67.1,44.2
193,590820,2019,10,24,66.9,71.6,63.5
194,590820,2019,4,28,72.8,76.1,67.8
195,590820,2019,8,18,84.9,92.5,76.1
196,590820,2019,11,24,67.2,84.6,54.9
197,590820,2019,12,31,56.6,75.6,48.6
198,590820,2019,4,6,73.2,80.6,62.4
199,590820,2019,4,26,72.4,78.3,66.6
200,590820,2019,12,30,64.1,77.4,46.9
201,590820,2019,1,31,57.0,67.5,47.7
202,590820,2019,2,7,73.0,78.3,63.5
203,590820,2019,2,21,46.8,48.4,45.5
204,590820,2019,8,25,80.4,90.7,75.6
205,590820,2019,12,4,51.4,66.9,36.1
206,590820,2019,12,22,53.6,59.4,50.4
207,590820,2019,3,25,61.6,65.5,51.4
208,590820,2019,10,28,60.2,62.1,58.1
209,590820,2019,12,7,48.8,66.2,35.2
210,590820,2019,1,10,49.6,50.2,48.4
211,590820,2019,3,17,57.3,59.9,54.9
212,590820,2019,4,25,77.1,87.3,69.3
213,590820,2019,8,20,84.4,96.1,74.7
214,590820,2019,1,14,56.1,63.0,52.5
215,590820,2019,2,3,68.7,77.9,59.4
216,590820,2019,3,30,71.7,82.6,61.7
217,590820,2019,6,26,83.2,88.7,77.4
218,590820,2019,9,8,85.9,96.8,75.2
219,590820,2019,11,20,58.9,72.5,50.4
220,590820,2019,12,29,60.3,77.4,42.1
221,590820,2019,1,11,50.8,53.1,49.1
222,590820,2019,3,19,68.8,73.8,58.5
223,590820,2019,5,22,71.3,76.1,68.9
224,590820,2019,11,5,64.2,78.4,53.1
225,590820,2019,4,18,70.8,75.2,68.5
226,590820,2019,6,12,79.8,83.7,75.2
227,590820,2019,7,9,80.3,86.2,71.8
228,590820,2019,5,11,77.8,86.0,70.7
229,590820,2019,7,13,81.7,85.3,79.0
230,590820,2019,8,29,82.5,96.1,76.1
231,590820,2019,10,10,80.1,89.8,71.8
232,590820,2019,3,6,55.0,56.7,53.1
233,590820,2019,5,16,84.8,91.4,79.0
234,590820,2019,9,10,84.8,92.3,77.0
235,590820,2019,9,18,82.9,92.3,72.9
236,590820,2019,12,6,51.9,67.1,36.9
237,590820,2019,2,9,47.9,49.5,45.7
238,590820,2019,10,27,65.1,70.3,61.0
239,590820,2019,1,4,49.4,50.9,47.1
240,590820,2019,10,14,76.6,81.5,72.9
241,590820,2019,3,26,65.7,69.3,59.5
242,590820,2019,8,31,78.9,87.8,74.1
243,590820,2019,10,16,71.7,78.3,66.6
244,590820,2019,12,15,67.0,79.2,47.5
245,590820,2019,12,19,49.3,66.7,47.5
246,590820,2019,4,17,73.4,82.8,60.8
247,590820,2019,7,29,83.4,93.4,75.9
248,590820,2019,8,19,84.5,95.0,75.6
249,590820,2019,10,18,70.8,80.8,61.5
250,590820,2019,2,17,46.2,46.8,45.3
251,590820,2019,5,6,64.8,66.6,62.6
252,590820,2019,8,26,78.3,83.3,75.4
253,590820,2019,11,19,59.1,69.1,51.6
254,590820,2019,2,24,49.5,53.6,43.5
255,590820,2019,4,30,65.3,70.0,62.8
256,590820,2019,7,20,82.9,87.1,77.2
257,590820,2019,10,19,69.5,82.6,57.6
258,590820,2019,11,3,69.5,80.6,59.5
259,590820,2019,2,10,44.4,46.6,42.8
260,590820,2019,6,3,82.2,91.4,73.4
261,590820,2019,6,4,83.8,94.1,75.2
262,590820,2019,7,24,81.7,93.6,75.6
263,590820,2019,8,11,83.9,89.8,75.0
264,590820,2019,4,11,60.3,64.4,57.4
265,590820,2019,5,14,81.9,87.8,76.1
266,590820,2019,8,2,81.2,90.5,77.0
267,590820,2019,9,7,83.5,95.4,74.3
268,590820,2019,11,16,67.6,79.7,55.4
269,590820,2019,2,4,63.2,71.8,57.9
270,590820,2019,2,15,57.7,62.6,50.4
271,590820,2019,8,24,87.9,98.6,77.2
272,590820,2019,12,10,51.0,71.2,37.9
273,590820,2019,2,19,52.5,54.0,48.4
274,590820,2019,5,2,67.1,70.7,62.6
275,590820,2019,7,12,81.0,83.7,76.1
276,590820,2019,10,17,70.8,80.1,61.9
277,590820,2019,10,23,67.8,74.3,63.5
278,590820,2019,11,9,62.1,77.5,50.7
279,590820,2019,1,21,48.8,52.2,45.0
280,590820,2019,4,29,76.7,81.7,68.9
281,590820,2019,5,30,74.0,75.2,71.4
282,590820,2019,9,6,82.1,93.6,74.3
283,590820,2019,10,6,80.8,90.7,73.2
284,590820,2019,10,12,81.1,94.1,72.9
285,590820,2019,11,13,68.3,83.3,60.4
286,590820,2019,12,17,69.3,79.9,63.7
287,590820,2019,12,24,55.1,60.1,53.4
288,590820,2019,1,24,54.9,65.7,43.7
289,590820,2019,4,15,64.0,68.0,61.9
290,590820,2019,6,11,79.5,84.2,75.4
291,590820,2019,8,1,80.6,83.7,77.4
292,590820,2019,8,28,85.7,96.8,75.2
293,590820,2019,4,13,63.1,64.4,57.9
294,590820,2019,12,13,57.6,75.7,42.8
295,590820,2019,5,27,79.6,85.5,75.6
296,590820,2019,6,25,80.1,85.5,75.2
297,590820,2019,7,18,85.3,99.0,77.0
298,590820,2019,7,2,84.9,93.4,77.0
299,590820,2019,8,16,81.7,88.2,76.3
300,590820,2019,10,9,77.2,86.9,69.3
301,590820,2019,10,21,68.4,85.3,55.4
302,590820,2019,6,15,79.4,90.3,67.6
303,590820,2019,6,21,87.9,92.7,82.9
304,590820,2019,9,19,79.4,89.6,68.0
305,590820,2019,10,20,69.1,85.1,56.5
306,590820,2019,1,18,48.0,54.5,38.7
307,590820,2019,4,5,68.7,78.3,59.5
308,590820,2019,6,14,78.6,87.8,68.2
309,590820,2019,7,7,83.6,88.0,77.4
310,590820,2019,8,21,83.5,94.3,74.7
311,590820,2019,9,22,73.8,85.5,61.2
312,590820,2019,2,22,49.3,53.1,45.5
313,590820,2019,5,1,67.9,76.1,62.2
314,590820,2019,5,7,65.6,68.9,62.2
315,590820,2019,6,24,78.5,85.1,74.7
316,590820,2019,9,5,82.6,90.5,77.0
317,590820,2019,12,12,55.0,74.8,40.5
318,590820,2019,4,24,80.9,88.7,70.0
319,590820,2019,5,8,65.3,67.1,63.3
320,590820,2019,9,14,85.3,96.8,75.6
321,590820,2019,1,15,50.3,53.6,47.7
322,590820,2019,5,26,80.2,86.2,74.5
323,590820,2019,6,10,77.8,79.2,74.1
324,590820,2019,7,11,80.0,82.8,75.2
325,590820,2019,1,12,53.8,57.4,48.7
326,590820,2019,3,31,61.8,67.5,56.7
327,590820,2019,5,24,76.2,80.1,72.3
328,590820,2019,7,14,84.6,90.7,78.8
329,590820,2019,8,9,86.9,96.8,78.3
330,590820,2019,11,14,63.1,77.2,50.9
331,590820,2019,7,26,87.4,94.1,79.0
332,590820,2019,10,7,79.0,86.0,73.6
333,590820,2019,12,8,49.4,66.9,34.9
334,590820,2019,12,21,54.7,59.4,48.9
335,590820,2019,1,7,50.0,52.0,46.8
336,590820,2019,2,25,49.4,52.2,47.8
337,590820,2019,2,27,52.9,54.7,50.0
338,590820,2019,3,11,59.4,74.3,49.3
339,590820,2019,4,16,67.2,75.6,61.5
340,590820,2019,5,9,69.8,74.3,63.7
341,590820,2019,5,25,77.2,79.2,74.7
342,590820,2019,8,3,78.4,84.6,75.4
343,590820,2019,1,22,47.7,59.4,37.8
344,590820,2019,4,7,77.8,87.8,67.3
345,590820,2019,11,1,69.5,85.1,58.8
346,590820,2019,2,6,73.0,79.7,59.9
347,590820,2019,2,28,51.7,52.7,49.8
348,590820,2019,11,17,70.7,82.9,58.6
349,590820,2019,3,29,66.3,71.6,62.6
350,590820,2019,6,7,81.9,89.6,77.9
351,590820,2019,8,17,83.2,93.6,75.4
352,590820,2019,9,16,84.0,92.7,76.5
353,590820,2019,12,11,53.9,74.8,38.3
354,590820,2019,6,29,88.3,95.2,83.3
355,590820,2019,10,29,62.2,76.8,50.7
356,590820,2019,12,25,59.0,66.9,54.1
357,590820,2019,4,1,59.4,61.2,56.5
358,590820,2019,8,23,85.0,95.9,77.4
359,590820,2019,9,9,85.7,95.0,78.1
360,590820,2019,9,27,74.6,88.9,62.4
361,590820,2019,11,4,66.8,81.5,54.3
362,590820,2019,12,14,59.8,77.9,44.8
363,590820,2019,3,2,60.8,70.0,51.1
364,590820,2019,7,8,82.8,85.3,79.9
0,590820,2020,1,11,47.7,73.6,45.1
1,590820,2020,4,6,56.9,58.5,55.0
2,590820,2020,6,4,82.5,88.3,75.4
3,590820,2020,11,5,69.9,81.3,61.0
4,590820,2020,4,2,55.1,59.2,53.1
5,590820,2020,3,12,56.9,64.0,53.6
6,590820,2020,3,24,68.1,77.7,66.0
7,590820,2020,2,6,56.0,59.7,51.3
8,590820,2020,3,17,60.4,70.0,59.0
9,590820,2020,2,11,57.1,60.1,45.5
10,590820,2020,3,22,76.0,84.4,68.4
11,590820,2020,3,13,59.9,61.9,55.2
12,590820,2020,6,28,85.9,93.0,81.5
13,590820,2020,8,12,81.9,92.7,75.7
14,590820,2020,8,23,84.7,95.9,75.7
15,590820,2020,6,17,83.5,91.4,79.2
16,590820,2020,7,13,86.5,95.7,77.4
17,590820,2020,11,7,71.9,84.2,61.2
18,590820,2020,12,27,61.7,72.1,51.6
19,590820,2020,1,24,58.5,79.0,50.4
20,590820,2020,3,14,60.6,68.5,51.3
21,590820,2020,11,29,54.8,60.4,51.4
22,590820,2020,3,26,67.7,76.5,65.1
23,590820,2020,5,5,85.7,93.0,80.6
24,590820,2020,5,15,79.9,89.8,70.2
25,590820,2020,6,19,85.1,91.6,79.3
26,590820,2020,6,26,81.6,88.7,74.7
27,590820,2020,7,15,89.0,100.0,78.4
28,590820,2020,10,1,76.3,82.2,71.1
29,590820,2020,10,21,67.2,73.9,64.8
30,590820,2020,12,1,53.8,63.0,46.9
31,590820,2020,1,16,47.7,68.2,44.6
32,590820,2020,9,29,76.0,81.9,67.6
33,590820,2020,12,24,53.7,64.4,46.8
34,590820,2020,3,4,52.7,63.5,51.6
35,590820,2020,9,6,82.5,93.2,76.5
36,590820,2020,1,19,49.1,52.9,44.4
37,590820,2020,2,17,47.5,59.5,39.4
38,590820,2020,4,14,57.5,73.4,48.9
39,590820,2020,5,25,79.0,92.5,72.7
40,590820,2020,5,28,78.3,88.0,68.5
41,590820,2020,6,16,83.8,91.4,76.5
42,590820,2020,6,22,87.1,94.5,82.6
43,590820,2020,9,10,85.4,91.4,75.7
44,590820,2020,11,8,68.7,81.7,53.6
45,590820,2020,6,7,79.0,86.7,75.2
46,590820,2020,11,22,62.9,86.5,57.4
47,590820,2020,1,17,46.4,55.0,44.2
48,590820,2020,2,21,64.3,79.2,52.7
49,590820,2020,4,26,68.0,79.7,59.4
50,590820,2020,7,2,81.3,95.7,77.4
51,590820,2020,7,17,88.3,95.4,82.6
52,590820,2020,9,4,78.7,97.7,75.6
53,590820,2020,2,18,49.8,63.9,38.7
54,590820,2020,4,16,74.8,85.1,54.0
55,590820,2020,8,9,87.2,95.2,79.0
56,590820,2020,6,5,80.4,88.9,75.7
57,590820,2020,6,25,79.6,95.2,74.7
58,590820,2020,10,17,66.7,75.0,63.9
59,590820,2020,11,14,63.9,79.3,52.7
60,590820,2020,12,15,41.9,48.9,39.0
61,590820,2020,12,25,54.8,60.4,46.2
62,590820,2020,3,3,58.4,72.1,54.1
63,590820,2020,5,4,85.8,93.0,73.9
64,590820,2020,7,1,86.7,95.7,79.0
65,590820,2020,7,19,86.8,95.2,82.6
66,590820,2020,7,29,85.3,100.9,77.9
67,590820,2020,10,5,70.4,93.9,64.8
68,590820,2020,3,15,63.2,72.0,50.2
69,590820,2020,4,7,61.6,73.2,54.1
70,590820,2020,9,14,79.0,88.0,73.8
71,590820,2020,10,11,72.6,85.1,61.9
72,590820,2020,11,28,55.4,60.4,51.6
73,590820,2020,1,6,70.0,77.2,56.3
74,590820,2020,6,10,81.4,87.3,73.8
75,590820,2020,8,17,85.4,95.0,74.3
76,590820,2020,10,24,67.2,79.9,52.2
77,590820,2020,11,11,61.4,77.9,48.6
78,590820,2020,11,18,78.4,85.6,66.2
79,590820,2020,1,28,46.1,54.9,40.5
80,590820,2020,2,5,55.8,59.7,49.5
81,590820,2020,2,8,51.2,57.4,49.1
82,590820,2020,7,22,87.7,97.2,78.4
83,590820,2020,8,27,81.5,91.2,74.3
84,590820,2020,4,30,77.5,89.6,65.8
85,590820,2020,6,14,82.8,95.9,77.4
86,590820,2020,7,7,87.6,93.9,81.7
87,590820,2020,11,17,75.4,83.8,64.8
88,590820,2020,7,16,87.6,97.7,82.2
89,590820,2020,10,9,67.9,74.5,61.3
90,590820,2020,12,12,59.1,65.8,56.7
91,590820,2020,2,12,65.0,75.4,53.1
92,590820,2020,2,19,56.8,68.2,40.1
93,590820,2020,8,14,82.2,93.7,73.9
94,590820,2020,10,10,70.4,81.7,61.3
95,590820,2020,11,4,68.0,75.4,63.3
96,590820,2020,12,26,57.6,62.8,47.8
97,590820,2020,4,23,59.7,63.1,57.2
98,590820,2020,4,27,71.8,86.9,59.9
99,590820,2020,5,20,79.7,90.1,72.1
100,590820,2020,5,21,77.1,88.9,73.4
101,590820,2020,3,9,67.9,79.3,58.1
102,590820,2020,4,3,56.8,58.1,53.6
103,590820,2020,2,16,42.4,65.7,39.4
104,590820,2020,4,24,59.6,67.5,56.5
105,590820,2020,5,9,86.2,93.2,79.7
106,590820,2020,5,29,76.8,88.0,72.9
107,590820,2020,8,24,84.2,96.6,77.7
108,590820,2020,10,19,66.6,71.4,63.3
109,590820,2020,1,7,68.8,82.0,55.2
110,590820,2020,7,23,88.7,97.7,80.4
111,590820,2020,10,14,72.6,78.4,66.4
112,590820,2020,11,27,56.3,63.9,53.8
113,590820,2020,4,10,72.9,84.4,58.5
114,590820,2020,6,15,81.3,91.6,77.0
115,590820,2020,7,28,88.2,99.1,79.7
116,590820,2020,9,15,79.9,90.0,75.4
117,590820,2020,10,18,66.8,70.9,63.3
118,590820,2020,2,14,64.4,77.2,61.0
119,590820,2020,5,31,79.2,90.7,73.6
120,590820,2020,6,24,87.2,95.2,79.5
121,590820,2020,11,21,77.2,87.8,66.7
122,590820,2020,1,9,64.3,75.0,48.2
123,590820,2020,10,2,77.4,83.5,71.4
124,590820,2020,10,16,69.7,77.9,66.0
125,590820,2020,10,27,73.0,86.4,62.2
126,590820,2020,5,14,79.5,88.5,72.0
127,590820,2020,6,29,86.3,93.4,79.3
128,590820,2020,9,9,81.2,88.3,74.3
129,590820,2020,4,11,61.3,80.4,53.4
130,590820,2020,7,5,86.0,91.4,77.7
131,590820,2020,9,26,68.8,78.4,67.5
132,590820,2020,3,11,57.1,66.6,52.7
133,590820,2020,7,21,87.6,97.2,79.2
134,590820,2020,10,22,68.5,78.8,55.8
135,590820,2020,1,15,58.8,68.2,48.7
136,590820,2020,9,22,81.7,90.1,75.6
137,590820,2020,10,13,73.2,86.0,64.8
138,590820,2020,8,7,85.8,94.1,77.7
139,590820,2020,11,9,62.3,81.1,49.8
140,590820,2020,11,23,59.4,70.2,54.9
141,590820,2020,3,29,52.1,65.7,50.9
142,590820,2020,8,19,79.5,90.1,74.8
143,590820,2020,9,27,68.2,70.5,67.1
144,590820,2020,1,21,58.8,66.2,49.5
145,590820,2020,5,18,78.4,88.7,72.7
146,590820,2020,11,12,62.0,78.8,48.7
147,590820,2020,1,3,65.4,78.1,54.3
148,590820,2020,8,2,80.9,91.0,76.3
149,590820,2020,8,3,81.9,91.0,75.9
150,590820,2020,9,20,79.1,87.8,70.5
151,590820,2020,5,26,77.6,85.5,71.4
152,590820,2020,7,26,90.2,99.7,84.9
153,590820,2020,9,16,79.4,90.0,75.4
154,590820,2020,6,11,84.0,91.6,76.1
155,590820,2020,6,21,86.4,92.7,81.9
156,590820,2020,12,17,43.7,46.0,39.0
157,590820,2020,4,29,76.2,90.3,61.5
158,590820,2020,9,1,84.8,97.3,75.6
159,590820,2020,10,23,67.5,79.9,53.8
160,590820,2020,11,30,54.7,58.5,52.0
161,590820,2020,12,19,46.2,48.9,43.5
162,590820,2020,4,8,64.6,77.9,54.5
163,590820,2020,9,21,81.0,90.1,73.2
164,590820,2020,10,29,66.8,82.4,64.2
165,590820,2020,4,15,67.1,82.9,48.2
166,590820,2020,6,6,78.6,88.9,75.2
167,590820,2020,3,18,62.0,66.0,58.6
168,590820,2020,4,28,73.7,90.3,59.7
169,590820,2020,6,12,84.4,93.9,76.3
170,590820,2020,7,20,86.9,95.5,80.6
171,590820,2020,12,20,47.8,57.0,37.6
172,590820,2020,4,12,58.5,72.0,44.6
173,590820,2020,5,1,77.0,87.6,68.4
174,590820,2020,6,1,79.7,91.9,74.7
175,590820,2020,7,31,81.3,95.0,76.8
176,590820,2020,8,13,79.4,93.7,73.9
177,590820,2020,9,11,81.0,92.1,73.8
178,590820,2020,12,10,61.0,69.3,46.2
179,590820,2020,1,18,46.7,49.5,44.6
180,590820,2020,5,24,83.0,92.5,71.6
181,590820,2020,6,3,80.0,88.3,75.4
182,590820,2020,10,6,67.1,76.3,63.7
183,590820,2020,3,1,68.2,80.6,60.6
184,590820,2020,4,17,72.7,85.1,62.2
185,590820,2020,4,19,76.2,85.8,67.6
186,590820,2020,7,10,84.7,89.4,79.7
187,590820,2020,8,21,82.5,95.0,76.1
188,590820,2020,12,13,54.9,61.9,50.4
189,590820,2020,2,20,60.3,73.8,42.4
190,590820,2020,8,31,80.3,97.0,74.5
191,590820,2020,12,16,41.7,45.5,38.8
192,590820,2020,3,28,58.6,72.7,54.5
193,590820,2020,8,11,85.1,92.8,78.6
194,590820,2020,11,25,62.8,71.4,55.6
195,590820,2020,3,5,60.2,67.1,51.6
196,590820,2020,3,10,59.5,79.3,53.2
197,590820,2020,9,17,81.1,92.8,72.9
198,590820,2020,2,26,71.7,84.0,59.0
199,590820,2020,11,16,72.3,82.4,63.0
200,590820,2020,1,13,53.5,62.8,40.1
201,590820,2020,1,23,69.2,79.0,57.0
202,590820,2020,4,9,68.7,84.4,55.2
203,590820,2020,9,3,84.9,98.4,73.4
204,590820,2020,11,26,59.4,71.4,55.8
205,590820,2020,12,9,56.9,65.8,43.5
206,590820,2020,2,27,73.7,84.9,61.3
207,590820,2020,10,25,70.1,80.6,56.8
208,590820,2020,2,25,69.6,82.2,58.5
209,590820,2020,1,22,66.1,76.1,53.4
210,590820,2020,10,31,69.4,80.4,61.7
211,590820,2020,1,27,43.9,49.1,42.3
212,590820,2020,7,27,86.9,97.7,80.2
213,590820,2020,11,19,75.9,88.0,65.7
214,590820,2020,7,24,90.3,100.2,80.6
215,590820,2020,12,28,64.4,77.7,52.2
216,590820,2020,1,4,65.5,79.2,55.2
217,590820,2020,6,27,86.2,93.0,75.7
218,590820,2020,1,10,64.5,75.0,51.8
219,590820,2020,12,6,51.4,64.9,39.7
220,590820,2020,3,19,63.9,66.0,59.2
221,590820,2020,12,3,53.0,62.8,50.2
222,590820,2020,1,12,46.8,54.7,40.1
223,590820,2020,2,22,64.2,79.2,51.6
224,590820,2020,4,25,66.4,75.9,56.5
225,590820,2020,12,18,44.9,47.3,40.5
226,590820,2020,7,12,87.0,94.6,81.0
227,590820,2020,10,3,80.3,90.7,72.9
228,590820,2020,1,1,58.5,70.9,48.6
229,590820,2020,10,30,69.5,79.7,61.7
230,590820,2020,1,29,46.9,59.4,35.8
231,590820,2020,5,2,80.1,86.7,72.0
232,590820,2020,12,5,48.2,57.4,40.5
233,590820,2020,12,7,53.3,64.9,40.6
234,590820,2020,2,23,63.7,77.0,52.7
235,590820,2020,6,30,86.7,94.6,79.2
236,590820,2020,5,12,75.5,88.5,68.7
237,590820,2020,1,20,55.0,60.4,44.8
238,590820,2020,6,23,87.9,94.5,82.9
239,590820,2020,7,25,91.0,100.2,81.7
240,590820,2020,2,28,69.2,84.9,60.6
241,590820,2020,2,10,54.2,60.1,44.2
242,590820,2020,7,30,83.3,100.9,76.8
243,590820,2020,11,15,67.6,75.7,58.8
244,590820,2020,12,30,42.5,48.6,35.1
245,590820,2020,11,6,71.8,84.2,59.0
246,590820,2020,12,8,52.9,65.7,43.2
247,590820,2020,11,24,59.8,64.6,54.9
248,590820,2020,12,2,56.4,63.0,46.9
249,590820,2020,3,20,69.6,76.5,61.7
250,590820,2020,4,13,61.3,73.4,43.7
251,590820,2020,12,21,46.0,59.2,36.0
252,590820,2020,1,8,57.8,82.0,48.2
253,590820,2020,10,7,66.6,73.6,63.5
254,590820,2020,12,29,56.7,78.4,43.7
255,590820,2020,5,8,84.4,88.3,81.5
256,590820,2020,10,4,79.1,93.9,68.0
257,590820,2020,11,20,74.6,88.0,65.1
258,590820,2020,10,8,68.2,72.3,64.0
259,590820,2020,7,8,85.9,93.9,82.4
260,590820,2020,8,28,85.1,96.6,73.8
261,590820,2020,10,20,68.2,73.9,63.7
262,590820,2020,11,10,60.3,77.4,48.6
263,590820,2020,5,30,78.0,86.4,73.0
264,590820,2020,10,26,72.7,86.4,61.0
265,590820,2020,11,3,67.8,72.5,63.9
266,590820,2020,12,31,39.5,50.2,29.8
267,590820,2020,1,30,46.4,62.2,34.2
268,590820,2020,7,14,88.0,100.0,76.6
269,590820,2020,9,13,79.3,86.9,74.1
270,590820,2020,11,13,64.6,79.3,48.7
271,590820,2020,11,2,67.3,82.8,63.9
272,590820,2020,8,10,86.6,94.5,81.3
273,590820,2020,1,31,50.0,63.9,34.9
274,590820,2020,2,24,70.7,81.5,55.8
275,590820,2020,3,2,66.4,78.8,59.5
276,590820,2020,8,6,84.8,93.0,75.7
277,590820,2020,10,12,73.9,86.0,63.1
278,590820,2020,9,2,84.1,98.4,73.4
279,590820,2020,1,2,62.2,72.7,49.5
280,590820,2020,1,5,65.7,79.2,56.3
281,590820,2020,10,15,73.0,77.9,69.3
282,590820,2020,11,1,74.0,82.8,61.7
283,590820,2020,12,4,50.0,59.4,46.0
284,590820,2020,2,4,52.0,54.1,49.3
285,590820,2020,3,6,62.8,67.1,53.6
286,590820,2020,2,1,55.0,64.8,36.1
287,590820,2020,9,28,72.3,76.8,67.1
288,590820,2020,8,29,84.2,97.5,74.3
289,590820,2020,9,25,73.4,78.4,68.4
290,590820,2020,9,30,74.6,81.9,71.1
291,590820,2020,7,4,82.5,92.7,77.2
292,590820,2020,8,25,86.9,98.2,75.9
293,590820,2020,2,7,53.7,58.8,50.2
294,590820,2020,6,18,85.4,90.5,79.5
295,590820,2020,8,1,80.3,92.8,76.8
296,590820,2020,9,12,77.9,92.1,73.6
297,590820,2020,2,15,52.2,68.9,41.9
298,590820,2020,9,23,71.9,89.6,70.0
299,590820,2020,2,13,67.2,77.2,58.1
300,590820,2020,4,1,55.5,59.2,51.1
301,590820,2020,8,16,84.0,93.6,75.0
302,590820,2020,4,5,56.1,61.9,54.3
303,590820,2020,1,26,45.3,52.7,43.9
304,590820,2020,2,3,51.2,59.9,49.6
305,590820,2020,9,5,80.3,88.9,75.6
306,590820,2020,4,18,73.3,81.3,65.3
307,590820,2020,8,4,81.7,93.7,75.7
308,590820,2020,6,2,78.9,91.9,74.7
309,590820,2020,3,27,65.1,72.7,55.8
310,590820,2020,8,5,80.2,93.7,75.9
311,590820,2020,3,7,67.1,70.9,58.3
312,590820,2020,6,9,75.1,81.9,73.8
313,590820,2020,7,3,82.5,92.7,77.2
314,590820,2020,9,19,73.8,77.4,69.3
315,590820,2020,4,21,68.3,82.9,61.2
316,590820,2020,5,13,80.0,88.5,68.7
317,590820,2020,9,24,70.1,73.9,68.9
318,590820,2020,3,8,72.7,76.5,62.8
319,590820,2020,5,17,79.2,88.5,71.6
320,590820,2020,6,13,85.0,95.9,76.3
321,590820,2020,9,8,78.5,91.9,72.9
322,590820,2020,12,22,53.7,63.9,36.7
323,590820,2020,12,23,56.9,64.4,37.9
324,590820,2020,5,3,83.0,92.1,73.8
325,590820,2020,8,8,86.6,95.2,79.0
326,590820,2020,8,15,82.9,93.4,75.6
327,590820,2020,3,30,51.3,53.6,50.2
328,590820,2020,3,16,64.2,72.0,52.5
329,590820,2020,6,8,78.2,86.7,75.7
330,590820,2020,4,22,60.4,80.1,59.5
331,590820,2020,12,14,43.7,57.6,39.9
332,590820,2020,12,11,61.1,69.3,54.9
333,590820,2020,5,7,84.1,90.7,79.9
334,590820,2020,9,18,71.5,92.8,69.3
335,590820,2020,3,31,52.8,53.8,50.2
336,590820,2020,5,23,77.5,88.0,72.0
337,590820,2020,2,9,51.0,55.4,45.3
338,590820,2020,8,20,84.0,95.0,74.3
339,590820,2020,3,21,73.9,76.8,63.7
340,590820,2020,5,16,76.8,89.8,70.2
341,590820,2020,1,14,52.2,62.8,41.4
342,590820,2020,2,29,72.3,80.6,59.7
343,590820,2020,4,4,56.8,61.9,54.3
344,590820,2020,7,6,85.9,91.4,81.7
345,590820,2020,9,7,79.2,93.2,72.9
346,590820,2020,5,6,84.8,91.6,80.4
347,590820,2020,5,22,75.7,83.1,72.0
348,590820,2020,8,18,79.6,94.8,74.7
349,590820,2020,8,22,82.6,95.7,76.1
350,590820,2020,5,27,74.7,85.5,68.7
351,590820,2020,6,20,85.9,92.7,79.3
352,590820,2020,5,19,78.8,90.1,72.5
353,590820,2020,5,10,76.0,93.2,72.1
354,590820,2020,3,23,71.8,84.4,67.6
355,590820,2020,3,25,71.3,76.5,66.0
356,590820,2020,7,18,88.0,95.4,82.9
357,590820,2020,8,30,83.9,97.5,73.8
358,590820,2020,1,25,48.9,66.9,44.4
359,590820,2020,10,28,74.1,84.9,63.5
360,590820,2020,7,9,85.3,93.2,79.7
361,590820,2020,7,11,87.1,93.4,80.2
362,590820,2020,8,26,79.7,98.2,75.2
363,590820,2020,2,2,55.6,64.8,44.1
364,590820,2020,4,20,75.0,85.8,68.5
365,590820,2020,5,11,76.9,88.5,71.1
